1
1.001
1.002
1.003
1.004
1.005
1.006
1.007
1.008
1.009
1.01
1.011
1.012
1.013
1.014
1.015
1.016
1.017
1.018
1.019
1.02
1.021
1.022
1.023
1.024
1.025
1.026
1.027
1.028
1.029
1.03
1.031
1.032
1.033
1.034
1.035
1.036
1.037
1.038
1.039
1.04
1.041
1.042
1.043
1.044
1.045
1.046
1.047
1.048
1.049
1.05
1.051
1.052
1.053
1.054
1.055
1.056
1.057
1.058
1.059
1.06
1.061
1.062
1.063
1.064
1.065
1.066
1.067
1.068
1.069
1.07
1.071
1.072
1.073
1.074
1.075
1.076
1.077
1.078
1.079
1.08
1.081
1.082
1.083
1.084
1.085
1.086
1.087
1.088
1.089
1.09
1.091
1.092
1.093
1.094
1.095
1.096
1.097
1.098
1.099
1.1
1.101
1.102
1.103
1.104
1.105
1.106
1.107
1.108
1.109
1.11
1.111
1.112
1.113
1.114
1.115
1.116
1.117
1.118
1.119
1.12
1.121
1.122
1.123
1.124
1.125
1.126
1.127
1.128
1.129
1.13
1.131
1.132
1.133
1.134
1.135
1.136
1.137
1.138
1.139
1.14
1.141
1.142
1.143
1.144
1.145
1.146
1.147
1.148
1.149
1.15
1.151
1.152
1.153
1.154
1.155
1.156
1.157
1.158
1.159
1.16
1.161
1.162
1.163
1.164
1.165
1.166
1.167
1.168
1.169
1.17
1.171
1.172
1.173
1.174
1.175
1.176
1.177
1.178
1.179
1.18
1.181
1.182
1.183
1.184
1.185
1.186
1.187
1.188
1.189
1.19
1.191
1.192
1.193
1.194
1.195
1.196
1.197
1.198
1.199
1.2
1.201
1.202
1.203
1.204
1.205
1.206
1.207
1.208
1.209
1.21
1.211
1.212
1.213
1.214
1.215
1.216
1.217
1.218
1.219
1.22
1.221
1.222
1.223
1.224
1.225
1.226
1.227
1.228
1.229
1.23
1.231
1.232
1.233
1.234
1.235
1.236
1.237
1.238
1.239
1.24
1.241
1.242
1.243
1.244
1.245
1.246
1.247
1.248
1.249
1.25
1.251
1.252
1.253
1.254
1.255
1.256
1.257
1.258
1.259
1.26
1.261
1.262
1.263
1.264
1.265
1.266
1.267
1.268
1.269
1.27
1.271
1.272
1.273
1.274
1.275
1.276
1.277
1.278
1.279
1.28
1.281
1.282
1.283
1.284
1.285
1.286
1.287
1.288
1.289
1.29
1.291
1.292
1.293
1.294
1.295
1.296
1.297
1.298
1.299
1.3
1.301
1.302
1.303
1.304
1.305
1.306
1.307
1.308
1.309
1.31
1.311
1.312
1.313
1.314
1.315
1.316
1.317
1.318
1.319
1.32
1.321
1.322
1.323
1.324
1.325
1.326
1.327
1.328
1.329
1.33
1.331
1.332
1.333
1.334
1.335
1.336
1.337
1.338
1.339
1.34
1.341
1.342
1.343
1.344
1.345
1.346
1.347
1.348
1.349
1.35
1.351
1.352
1.353
1.354
1.355
1.356
1.357
1.358
1.359
1.36
1.361
1.362
1.363
1.364
1.365
1.366
1.367
1.368
1.369
1.37
1.371
1.372
1.373
1.374
1.375
1.376
1.377
1.378
1.379
1.38
1.381
1.382
1.383
1.384
1.385
1.386
1.387
1.388
1.389
1.39
1.391
1.392
1.393
1.394
1.395
1.396
1.397
1.398
1.399
1.4
1.401
1.402
1.403
1.404
1.405
1.406
1.407
1.408
1.409
1.41
1.411
1.412
1.413
1.414
1.415
1.416
1.417
1.418
1.419
1.42
1.421
1.422
1.423
1.424
1.425
1.426
1.427
1.428
1.429
1.43
1.431
1.432
1.433
1.434
1.435
1.436
1.437
1.438
1.439
1.44
1.441
1.442
1.443
1.444
1.445
1.446
1.447
1.448
1.449
1.45
1.451
1.452
1.453
1.454
1.455
1.456
1.457
1.458
1.459
1.46
1.461
1.462
1.463
1.464
1.465
1.466
1.467
1.468
1.469
1.47
1.471
1.472
1.473
1.474
1.475
1.476
1.477
1.478
1.479
1.48
1.481
1.482
1.483
1.484
1.485
1.486
1.487
1.488
1.489
1.49
1.491
1.492
1.493
1.494
1.495
1.496
1.497
1.498
1.499
1.5
1.501
1.502
1.503
1.504
1.505
1.506
1.507
1.508
1.509
1.51
1.511
1.512
1.513
1.514
1.515
1.516
1.517
1.518
1.519
1.52
1.521
1.522
1.523
1.524
1.525
1.526
1.527
1.528
1.529
1.53
1.531
1.532
1.533
1.534
1.535
1.536
1.537
1.538
1.539
1.54
1.541
1.542
1.543
1.544
1.545
1.546
1.547
1.548
1.549
1.55
1.551
1.552
1.553
1.554
1.555
1.556
1.557
1.558
1.559
1.56
1.561
1.562
1.563
1.564
1.565
1.566
1.567
1.568
1.569
1.57
1.571
1.572
1.573
1.574
1.575
1.576
1.577
1.578
1.579
1.58
1.581
1.582
1.583
1.584
1.585
1.586
1.587
1.588
1.589
1.59
1.591
1.592
1.593
1.594
1.595
1.596
1.597
1.598
1.599
1.6
1.601
1.602
1.603
1.604
1.605
1.606
1.607
1.608
1.609
1.61
1.611
1.612
1.613
1.614
1.615
1.616
1.617
1.618
1.619
1.62
1.621
1.622
1.623
1.624
1.625
1.626
1.627
1.628
1.629
1.63
1.631
1.632
1.633
1.634
1.635
1.636
1.637
1.638
1.639
1.64
1.641
1.642
1.643
1.644
1.645
1.646
1.647
1.648
1.649
1.65
1.651
1.652
1.653
1.654
1.655
1.656
1.657
1.658
1.659
1.66
1.661
1.662
1.663
1.664
1.665
1.666
1.667
1.668
1.669
1.67
1.671
1.672
1.673
1.674
1.675
1.676
1.677
1.678
1.679
1.68
1.681
1.682
1.683
1.684
1.685
1.686
1.687
1.688
1.689
1.69
1.691
1.692
1.693
1.694
1.695
1.696
1.697
1.698
1.699
1.7
1.701
1.702
1.703
1.704
1.705
1.706
1.707
1.708
1.709
1.71
1.711
1.712
1.713
1.714
1.715
1.716
1.717
1.718
1.719
1.72
1.721
1.722
1.723
1.724
1.725
1.726
1.727
1.728
1.729
1.73
1.731
1.732
1.733
1.734
1.735
1.736
1.737
1.738
1.739
1.74
1.741
1.742
1.743
1.744
1.745
1.746
1.747
1.748
1.749
1.75
1.751
1.752
1.753
1.754
1.755
1.756
1.757
1.758
1.759
1.76
1.761
1.762
1.763
1.764
1.765
1.766
1.767
1.768
1.769
1.77
1.771
1.772
1.773
1.774
1.775
1.776
1.777
1.778
1.779
1.78
1.781
1.782
1.783
1.784
1.785
1.786
1.787
1.788
1.789
1.79
1.791
1.792
1.793
1.794
1.795
1.796
1.797
1.798
1.799
1.8
1.801
1.802
1.803
1.804
1.805
1.806
1.807
1.808
1.809
1.81
1.811
1.812
1.813
1.814
1.815
1.816
1.817
1.818
1.819
1.82
1.821
1.822
1.823
1.824
1.825
1.826
1.827
1.828
1.829
1.83
1.831
1.832
1.833
1.834
1.835
1.836
1.837
1.838
1.839
1.84
1.841
1.842
1.843
1.844
1.845
1.846
1.847
1.848
1.849
1.85
1.851
1.852
1.853
1.854
1.855
1.856
1.857
1.858
1.859
1.86
1.861
1.862
1.863
1.864
1.865
1.866
1.867
1.868
1.869
1.87
1.871
1.872
1.873
1.874
1.875
1.876
1.877
1.878
1.879
1.88
1.881
1.882
1.883
1.884
1.885
1.886
1.887
1.888
1.889
1.89
1.891
1.892
1.893
1.894
1.895
1.896
1.897
1.898
1.899
1.9
1.901
1.902
1.903
1.904
1.905
1.906
1.907
1.908
1.909
1.91
1.911
1.912
1.913
1.914
1.915
1.916
1.917
1.918
1.919
1.92
1.921
1.922
1.923
1.924
1.925
1.926
1.927
1.928
1.929
1.93
1.931
1.932
1.933
1.934
1.935
1.936
1.937
1.938
1.939
1.94
1.941
1.942
1.943
1.944
1.945
1.946
1.947
1.948
1.949
1.95
1.951
1.952
1.953
1.954
1.955
1.956
1.957
1.958
1.959
1.96
1.961
1.962
1.963
1.964
1.965
1.966
1.967
1.968
1.969
1.97
1.971
1.972
1.973
1.974
1.975
1.976
1.977
1.978
1.979
1.98
1.981
1.982
1.983
1.984
1.985
1.986
1.987
1.988
1.989
1.99
1.991
1.992
1.993
1.994
1.995
1.996
1.997
1.998
1.999
2
2.001
2.002
2.003
2.004
2.005
2.006
2.007
2.008
2.009
2.01
2.011
2.012
2.013
2.014
2.015
2.016
2.017
2.018
2.019
2.02
2.021
2.022
2.023
2.024
2.025
2.026
2.027
2.028
2.029
2.03
2.031
2.032
2.033
2.034
2.035
2.036
2.037
2.038
2.039
2.04
2.041
2.042
2.043
2.044
2.045
2.046
2.047
2.048
2.049
2.05
2.051
2.052
2.053
2.054
2.055
2.056
2.057
2.058
2.059
2.06
2.061
2.062
2.063
2.064
2.065
2.066
2.067
2.068
2.069
2.07
2.071
2.072
2.073
2.074
2.075
2.076
2.077
2.078
2.079
2.08
2.081
2.082
2.083
2.084
2.085
2.086
2.087
2.088
2.089
2.09
2.091
2.092
2.093
2.094
2.095
2.096
2.097
2.098
2.099
2.1
2.101
2.102
2.103
2.104
2.105
2.106
2.107
2.108
2.109
2.11
2.111
2.112
2.113
2.114
2.115
2.116
2.117
2.118
2.119
2.12
2.121
2.122
2.123
2.124
2.125
2.126
2.127
2.128
2.129
2.13
2.131
2.132
2.133
2.134
2.135
2.136
2.137
2.138
2.139
2.14
2.141
2.142
2.143
2.144
2.145
2.146
2.147
2.148
2.149
2.15
2.151
2.152
2.153
2.154
2.155
2.156
2.157
2.158
2.159
2.16
2.161
2.162
2.163
2.164
2.165
2.166
2.167
2.168
2.169
2.17
2.171
2.172
2.173
2.174
2.175
2.176
2.177
2.178
2.179
2.18
2.181
2.182
2.183
2.184
2.185
2.186
2.187
2.188
2.189
2.19
2.191
2.192
2.193
2.194
2.195
2.196
2.197
2.198
2.199
2.2
2.201
2.202
2.203
2.204
2.205
2.206
2.207
2.208
2.209
2.21
2.211
2.212
2.213
2.214
2.215
2.216
2.217
2.218
2.219
2.22
2.221
2.222
2.223
2.224
2.225
2.226
2.227
2.228
2.229
2.23
2.231
2.232
2.233
2.234
2.235
2.236
2.237
2.238
2.239
2.24
2.241
2.242
2.243
2.244
2.245
2.246
2.247
2.248
2.249
2.25
2.251
2.252
2.253
2.254
2.255
2.256
2.257
2.258
2.259
2.26
2.261
2.262
2.263
2.264
2.265
2.266
2.267
2.268
2.269
2.27
2.271
2.272
2.273
2.274
2.275
2.276
2.277
2.278
2.279
2.28
2.281
2.282
2.283
2.284
2.285
2.286
2.287
2.288
2.289
2.29
2.291
2.292
2.293
2.294
2.295
2.296
2.297
2.298
2.299
2.3
2.301
2.302
2.303
2.304
2.305
2.306
2.307
2.308
2.309
2.31
2.311
2.312
2.313
2.314
2.315
2.316
2.317
2.318
2.319
2.32
2.321
2.322
2.323
2.324
2.325
2.326
2.327
2.328
2.329
2.33
2.331
2.332
2.333
2.334
2.335
2.336
2.337
2.338
2.339
2.34
2.341
2.342
2.343
2.344
2.345
2.346
2.347
2.348
2.349
2.35
2.351
2.352
2.353
2.354
2.355
2.356
2.357
2.358
2.359
2.36
2.361
2.362
2.363
2.364
2.365
2.366
2.367
2.368
2.369
2.37
2.371
2.372
2.373
2.374
2.375
2.376
2.377
2.378
2.379
2.38
2.381
2.382
2.383
2.384
2.385
2.386
2.387
2.388
2.389
2.39
2.391
2.392
2.393
2.394
2.395
2.396
2.397
2.398
2.399
2.4
2.401
2.402
2.403
2.404
2.405
2.406
2.407
2.408
2.409
2.41
2.411
2.412
2.413
2.414
2.415
2.416
2.417
2.418
2.419
2.42
2.421
2.422
2.423
2.424
2.425
2.426
2.427
2.428
2.429
2.43
2.431
2.432
2.433
2.434
2.435
2.436
2.437
2.438
2.439
2.44
2.441
2.442
2.443
2.444
2.445
2.446
2.447
2.448
2.449
2.45
2.451
2.452
2.453
2.454
2.455
2.456
2.457
2.458
2.459
2.46
2.461
2.462
2.463
2.464
2.465
2.466
2.467
2.468
2.469
2.47
2.471
2.472
2.473
2.474
2.475
2.476
2.477
2.478
2.479
2.48
2.481
2.482
2.483
2.484
2.485
2.486
2.487
2.488
2.489
2.49
2.491
2.492
2.493
2.494
2.495
2.496
2.497
2.498
2.499
2.5
2.501
2.502
2.503
2.504
2.505
2.506
2.507
2.508
2.509
2.51
2.511
2.512
2.513
2.514
2.515
2.516
2.517
2.518
2.519
2.52
2.521
2.522
2.523
2.524
2.525
2.526
2.527
2.528
2.529
2.53
2.531
2.532
2.533
2.534
2.535
2.536
2.537
2.538
2.539
2.54
2.541
2.542
2.543
2.544
2.545
2.546
2.547
2.548
2.549
2.55
2.551
2.552
2.553
2.554
2.555
2.556
2.557
2.558
2.559
2.56
2.561
2.562
2.563
2.564
2.565
2.566
2.567
2.568
2.569
2.57
2.571
2.572
2.573
2.574
2.575
2.576
2.577
2.578
2.579
2.58
2.581
2.582
2.583
2.584
2.585
2.586
2.587
2.588
2.589
2.59
2.591
2.592
2.593
2.594
2.595
2.596
2.597
2.598
2.599
2.6
2.601
2.602
2.603
2.604
2.605
2.606
2.607
2.608
2.609
2.61
2.611
2.612
2.613
2.614
2.615
2.616
2.617
2.618
2.619
2.62
2.621
2.622
2.623
2.624
2.625
2.626
2.627
2.628
2.629
2.63
2.631
2.632
2.633
2.634
2.635
2.636
2.637
2.638
2.639
2.64
2.641
2.642
2.643
2.644
2.645
2.646
2.647
2.648
2.649
2.65
2.651
2.652
2.653
2.654
2.655
2.656
2.657
2.658
2.659
2.66
2.661
2.662
2.663
2.664
2.665
2.666
2.667
2.668
2.669
2.67
2.671
2.672
2.673
2.674
2.675
2.676
2.677
2.678
2.679
2.68
2.681
2.682
2.683
2.684
2.685
2.686
2.687
2.688
2.689
2.69
2.691
2.692
2.693
2.694
2.695
2.696
2.697
2.698
2.699
2.7
2.701
2.702
2.703
2.704
2.705
2.706
2.707
2.708
2.709
2.71
2.711
2.712
2.713
2.714
2.715
2.716
2.717
2.718
2.719
2.72
2.721
2.722
2.723
2.724
2.725
2.726
2.727
2.728
2.729
2.73
2.731
2.732
2.733
2.734
2.735
2.736
2.737
2.738
2.739
2.74
2.741
2.742
2.743
2.744
2.745
2.746
2.747
2.748
2.749
2.75
2.751
2.752
2.753
2.754
2.755
2.756
2.757
2.758
2.759
2.76
2.761
2.762
2.763
2.764
2.765
2.766
2.767
2.768
2.769
2.77
2.771
2.772
2.773
2.774
2.775
2.776
2.777
2.778
2.779
2.78
2.781
2.782
2.783
2.784
2.785
2.786
2.787
2.788
2.789
2.79
2.791
2.792
2.793
2.794
2.795
2.796
2.797
2.798
2.799
2.8
2.801
2.802
2.803
2.804
2.805
2.806
2.807
2.808
2.809
2.81
2.811
2.812
2.813
2.814
2.815
2.816
2.817
2.818
2.819
2.82
2.821
2.822
2.823
2.824
2.825
2.826
2.827
2.828
2.829
2.83
2.831
2.832
2.833
2.834
2.835
2.836
2.837
2.838
2.839
2.84
2.841
2.842
2.843
2.844
2.845
2.846
2.847
2.848
2.849
2.85
2.851
2.852
2.853
2.854
2.855
2.856
2.857
2.858
2.859
2.86
2.861
2.862
2.863
2.864
2.865
2.866
2.867
2.868
2.869
2.87
2.871
2.872
2.873
2.874
2.875
2.876
2.877
2.878
2.879
2.88
2.881
2.882
2.883
2.884
2.885
2.886
2.887
2.888
2.889
2.89
2.891
2.892
2.893
2.894
2.895
2.896
2.897
2.898
2.899
2.9
2.901
2.902
2.903
2.904
2.905
2.906
2.907
2.908
2.909
2.91
2.911
2.912
2.913
2.914
2.915
2.916
2.917
2.918
2.919
2.92
2.921
2.922
2.923
2.924
2.925
2.926
2.927
2.928
2.929
2.93
2.931
2.932
2.933
2.934
2.935
2.936
2.937
2.938
2.939
2.94
2.941
2.942
2.943
2.944
2.945
2.946
2.947
2.948
2.949
2.95
2.951
2.952
2.953
2.954
2.955
2.956
2.957
2.958
2.959
2.96
2.961
2.962
2.963
2.964
2.965
2.966
2.967
2.968
2.969
2.97
2.971
2.972
2.973
2.974
2.975
2.976
2.977
2.978
2.979
2.98
2.981
2.982
2.983
2.984
2.985
2.986
2.987
2.988
2.989
2.99
2.991
2.992
2.993
2.994
2.995
2.996
2.997
2.998
2.999
3
3.001
3.002
3.003
3.004
3.005
3.006
3.007
3.008
3.009
3.01
3.011
3.012
3.013
3.014
3.015
3.016
3.017
3.018
3.019
3.02
3.021
3.022
3.023
3.024
3.025
3.026
3.027
3.028
3.029
3.03
3.031
3.032
3.033
3.034
3.035
3.036
3.037
3.038
3.039
3.04
3.041
3.042
3.043
3.044
3.045
3.046
3.047
3.048
3.049
3.05
3.051
3.052
3.053
3.054
3.055
3.056
3.057
3.058
3.059
3.06
3.061
3.062
3.063
3.064
3.065
3.066
3.067
3.068
3.069
3.07
3.071
3.072
3.073
3.074
3.075
3.076
3.077
3.078
3.079
3.08
3.081
3.082
3.083
3.084
3.085
3.086
3.087
3.088
3.089
3.09
3.091
3.092
3.093
3.094
3.095
3.096
3.097
3.098
3.099
3.1
3.101
3.102
3.103
3.104
3.105
3.106
3.107
3.108
3.109
3.11
3.111
3.112
3.113
3.114
3.115
3.116
3.117
3.118
3.119
3.12
3.121
3.122
3.123
3.124
3.125
3.126
3.127
3.128
3.129
3.13
3.131
3.132
3.133
3.134
3.135
3.136
3.137
3.138
3.139
3.14
3.141
3.142
3.143
3.144
3.145
3.146
3.147
3.148
3.149
3.15
3.151
3.152
3.153
3.154
3.155
3.156
3.157
3.158
3.159
3.16
3.161
3.162
3.163
3.164
3.165
3.166
3.167
3.168
3.169
3.17
3.171
3.172
3.173
3.174
3.175
3.176
3.177
3.178
3.179
3.18
3.181
3.182
3.183
3.184
3.185
3.186
3.187
3.188
3.189
3.19
3.191
3.192
3.193
3.194
3.195
3.196
3.197
3.198
3.199
3.2
3.201
3.202
3.203
3.204
3.205
3.206
3.207
3.208
3.209
3.21
3.211
3.212
3.213
3.214
3.215
3.216
3.217
3.218
3.219
3.22
3.221
3.222
3.223
3.224
3.225
3.226
3.227
3.228
3.229
3.23
3.231
3.232
3.233
3.234
3.235
3.236
3.237
3.238
3.239
3.24
3.241
3.242
3.243
3.244
3.245
3.246
3.247
3.248
3.249
3.25
3.251
3.252
3.253
3.254
3.255
3.256
3.257
3.258
3.259
3.26
3.261
3.262
3.263
3.264
3.265
3.266
3.267
3.268
3.269
3.27
3.271
3.272
3.273
3.274
3.275
3.276
3.277
3.278
3.279
3.28
3.281
3.282
3.283
3.284
3.285
3.286
3.287
3.288
3.289
3.29
3.291
3.292
3.293
3.294
3.295
3.296
3.297
3.298
3.299
3.3
3.301
3.302
3.303
3.304
3.305
3.306
3.307
3.308
3.309
3.31
3.311
3.312
3.313
3.314
3.315
3.316
3.317
3.318
3.319
3.32
3.321
3.322
3.323
3.324
3.325
3.326
3.327
3.328
3.329
3.33
3.331
3.332
3.333
3.334
3.335
3.336
3.337
3.338
3.339
3.34
3.341
3.342
3.343
3.344
3.345
3.346
3.347
3.348
3.349
3.35
3.351
3.352
3.353
3.354
3.355
3.356
3.357
3.358
3.359
3.36
3.361
3.362
3.363
3.364
3.365
3.366
3.367
3.368
3.369
3.37
3.371
3.372
3.373
3.374
3.375
3.376
3.377
3.378
3.379
3.38
3.381
3.382
3.383
3.384
3.385
3.386
3.387
3.388
3.389
3.39
3.391
3.392
3.393
3.394
3.395
3.396
3.397
3.398
3.399
3.4
3.401
3.402
3.403
3.404
3.405
3.406
3.407
3.408
3.409
3.41
3.411
3.412
3.413
3.414
3.415
3.416
3.417
3.418
3.419
3.42
3.421
3.422
3.423
3.424
3.425
3.426
3.427
3.428
3.429
3.43
3.431
3.432
3.433
3.434
3.435
3.436
3.437
3.438
3.439
3.44
3.441
3.442
3.443
3.444
3.445
3.446
3.447
3.448
3.449
3.45
3.451
3.452
3.453
3.454
3.455
3.456
3.457
3.458
3.459
3.46
3.461
3.462
3.463
3.464
3.465
3.466
3.467
3.468
3.469
3.47
3.471
3.472
3.473
3.474
3.475
3.476
3.477
3.478
3.479
3.48
3.481
3.482
3.483
3.484
3.485
3.486
3.487
3.488
3.489
3.49
3.491
3.492
3.493
3.494
3.495
3.496
3.497
3.498
3.499
3.5
3.501
3.502
3.503
3.504
3.505
3.506
3.507
3.508
3.509
3.51
3.511
3.512
3.513
3.514
3.515
3.516
3.517
3.518
3.519
3.52
3.521
3.522
3.523
3.524
3.525
3.526
3.527
3.528
3.529
3.53
3.531
3.532
3.533
3.534
3.535
3.536
3.537
3.538
3.539
3.54
3.541
3.542
3.543
3.544
3.545
3.546
3.547
3.548
3.549
3.55
3.551
3.552
3.553
3.554
3.555
3.556
3.557
3.558
3.559
3.56
3.561
3.562
3.563
3.564
3.565
3.566
3.567
3.568
3.569
3.57
3.571
3.572
3.573
3.574
3.575
3.576
3.577
3.578
3.579
3.58
3.581
3.582
3.583
3.584
3.585
3.586
3.587
3.588
3.589
3.59
3.591
3.592
3.593
3.594
3.595
3.596
3.597
3.598
3.599
3.6
3.601
3.602
3.603
3.604
3.605
3.606
3.607
3.608
3.609
3.61
3.611
3.612
3.613
3.614
3.615
3.616
3.617
3.618
3.619
3.62
3.621
3.622
3.623
3.624
3.625
3.626
3.627
3.628
3.629
3.63
3.631
3.632
3.633
3.634
3.635
3.636
3.637
3.638
3.639
3.64
3.641
3.642
3.643
3.644
3.645
3.646
3.647
3.648
3.649
3.65
3.651
3.652
3.653
3.654
3.655
3.656
3.657
3.658
3.659
3.66
3.661
3.662
3.663
3.664
3.665
3.666
3.667
3.668
3.669
3.67
3.671
3.672
3.673
3.674
3.675
3.676
3.677
3.678
3.679
3.68
3.681
3.682
3.683
3.684
3.685
3.686
3.687
3.688
3.689
3.69
3.691
3.692
3.693
3.694
3.695
3.696
3.697
3.698
3.699
3.7
3.701
3.702
3.703
3.704
3.705
3.706
3.707
3.708
3.709
3.71
3.711
3.712
3.713
3.714
3.715
3.716
3.717
3.718
3.719
3.72
3.721
3.722
3.723
3.724
3.725
3.726
3.727
3.728
3.729
3.73
3.731
3.732
3.733
3.734
3.735
3.736
3.737
3.738
3.739
3.74
3.741
3.742
3.743
3.744
3.745
3.746
3.747
3.748
3.749
3.75
3.751
3.752
3.753
3.754
3.755
3.756
3.757
3.758
3.759
3.76
3.761
3.762
3.763
3.764
3.765
3.766
3.767
3.768
3.769
3.77
3.771
3.772
3.773
3.774
3.775
3.776
3.777
3.778
3.779
3.78
3.781
3.782
3.783
3.784
3.785
3.786
3.787
3.788
3.789
3.79
3.791
3.792
3.793
3.794
3.795
3.796
3.797
3.798
3.799
3.8
3.801
3.802
3.803
3.804
3.805
3.806
3.807
3.808
3.809
3.81
3.811
3.812
3.813
3.814
3.815
3.816
3.817
3.818
3.819
3.82
3.821
3.822
3.823
3.824
3.825
3.826
3.827
3.828
3.829
3.83
3.831
3.832
3.833
3.834
3.835
3.836
3.837
3.838
3.839
3.84
3.841
3.842
3.843
3.844
3.845
3.846
3.847
3.848
3.849
3.85
3.851
3.852
3.853
3.854
3.855
3.856
3.857
3.858
3.859
3.86
3.861
3.862
3.863
3.864
3.865
3.866
3.867
3.868
3.869
3.87
3.871
3.872
3.873
3.874
3.875
3.876
3.877
3.878
3.879
3.88
3.881
3.882
3.883
3.884
3.885
3.886
3.887
3.888
3.889
3.89
3.891
3.892
3.893
3.894
3.895
3.896
3.897
3.898
3.899
3.9
3.901
3.902
3.903
3.904
3.905
3.906
3.907
3.908
3.909
3.91
3.911
3.912
3.913
3.914
3.915
3.916
3.917
3.918
3.919
3.92
3.921
3.922
3.923
3.924
3.925
3.926
3.927
3.928
3.929
3.93
3.931
3.932
3.933
3.934
3.935
3.936
3.937
3.938
3.939
3.94
3.941
3.942
3.943
3.944
3.945
3.946
3.947
3.948
3.949
3.95
3.951
3.952
3.953
3.954
3.955
3.956
3.957
3.958
3.959
3.96
3.961
3.962
3.963
3.964
3.965
3.966
3.967
3.968
3.969
3.97
3.971
3.972
3.973
3.974
3.975
3.976
3.977
3.978
3.979
3.98
3.981
3.982
3.983
3.984
3.985
3.986
3.987
3.988
3.989
3.99
3.991
3.992
3.993
3.994
3.995
3.996
3.997
3.998
3.999
4
4.001
4.002
4.003
4.004
4.005
4.006
4.007
4.008
4.009
4.01
4.011
4.012
4.013
4.014
4.015
4.016
4.017
4.018
4.019
4.02
4.021
4.022
4.023
4.024
4.025
4.026
4.027
4.028
4.029
4.03
4.031
4.032
4.033
4.034
4.035
4.036
4.037
4.038
4.039
4.04
4.041
4.042
4.043
4.044
4.045
4.046
4.047
4.048
4.049
4.05
4.051
4.052
4.053
4.054
4.055
4.056
4.057
4.058
4.059
4.06
4.061
4.062
4.063
4.064
4.065
4.066
4.067
4.068
4.069
4.07
4.071
4.072
4.073
4.074
4.075
4.076
4.077
4.078
4.079
4.08
4.081
4.082
4.083
4.084
4.085
4.086
4.087
4.088
4.089
4.09
4.091
4.092
4.093
4.094
4.095
4.096
4.097
4.098
4.099
4.1
4.101
4.102
4.103
4.104
4.105
4.106
4.107
4.108
4.109
4.11
4.111
4.112
4.113
4.114
4.115
4.116
4.117
4.118
4.119
4.12
4.121
4.122
4.123
4.124
4.125
4.126
4.127
4.128
4.129
4.13
4.131
4.132
4.133
4.134
4.135
4.136
4.137
4.138
4.139
4.14
4.141
4.142
4.143
4.144
4.145
4.146
4.147
4.148
4.149
4.15
4.151
4.152
4.153
4.154
4.155
4.156
4.157
4.158
4.159
4.16
4.161
4.162
4.163
4.164
4.165
4.166
4.167
4.168
4.169
4.17
4.171
4.172
4.173
4.174
4.175
4.176
4.177
4.178
4.179
4.18
4.181
4.182
4.183
4.184
4.185
4.186
4.187
4.188
4.189
4.19
4.191
4.192
4.193
4.194
4.195
4.196
4.197
4.198
4.199
4.2
4.201
4.202
4.203
4.204
4.205
4.206
4.207
4.208
4.209
4.21
4.211
4.212
4.213
4.214
4.215
4.216
4.217
4.218
4.219
4.22
4.221
4.222
4.223
4.224
4.225
4.226
4.227
4.228
4.229
4.23
4.231
4.232
4.233
4.234
4.235
4.236
4.237
4.238
4.239
4.24
4.241
4.242
4.243
4.244
4.245
4.246
4.247
4.248
4.249
4.25
4.251
4.252
4.253
4.254
4.255
4.256
4.257
4.258
4.259
4.26
4.261
4.262
4.263
4.264
4.265
4.266
4.267
4.268
4.269
4.27
4.271
4.272
4.273
4.274
4.275
4.276
4.277
4.278
4.279
4.28
4.281
4.282
4.283
4.284
4.285
4.286
4.287
4.288
4.289
4.29
4.291
4.292
4.293
4.294
4.295
4.296
4.297
4.298
4.299
4.3
4.301
4.302
4.303
4.304
4.305
4.306
4.307
4.308
4.309
4.31
4.311
4.312
4.313
4.314
4.315
4.316
4.317
4.318
4.319
4.32
4.321
4.322
4.323
4.324
4.325
4.326
4.327
4.328
4.329
4.33
4.331
4.332
4.333
4.334
4.335
4.336
4.337
4.338
4.339
4.34
4.341
4.342
4.343
4.344
4.345
4.346
4.347
4.348
4.349
4.35
4.351
4.352
4.353
4.354
4.355
4.356
4.357
4.358
4.359
4.36
4.361
4.362
4.363
4.364
4.365
4.366
4.367
4.368
4.369
4.37
4.371
4.372
4.373
4.374
4.375
4.376
4.377
4.378
4.379
4.38
4.381
4.382
4.383
4.384
4.385
4.386
4.387
4.388
4.389
4.39
4.391
4.392
4.393
4.394
4.395
4.396
4.397
4.398
4.399
4.4
4.401
4.402
4.403
4.404
4.405
4.406
4.407
4.408
4.409
4.41
4.411
4.412
4.413
4.414
4.415
4.416
4.417
4.418
4.419
4.42
4.421
4.422
4.423
4.424
4.425
4.426
4.427
4.428
4.429
4.43
4.431
4.432
4.433
4.434
4.435
4.436
4.437
4.438
4.439
4.44
4.441
4.442
4.443
4.444
4.445
4.446
4.447
4.448
4.449
4.45
4.451
4.452
4.453
4.454
4.455
4.456
4.457
4.458
4.459
4.46
4.461
4.462
4.463
4.464
4.465
4.466
4.467
4.468
4.469
4.47
4.471
4.472
4.473
4.474
4.475
4.476
4.477
4.478
4.479
4.48
4.481
4.482
4.483
4.484
4.485
4.486
4.487
4.488
4.489
4.49
4.491
4.492
4.493
4.494
4.495
4.496
4.497
4.498
4.499
4.5
4.501
4.502
4.503
4.504
4.505
4.506
4.507
4.508
4.509
4.51
4.511
4.512
4.513
4.514
4.515
4.516
4.517
4.518
4.519
4.52
4.521
4.522
4.523
4.524
4.525
4.526
4.527
4.528
4.529
4.53
4.531
4.532
4.533
4.534
4.535
4.536
4.537
4.538
4.539
4.54
4.541
4.542
4.543
4.544
4.545
4.546
4.547
4.548
4.549
4.55
4.551
4.552
4.553
4.554
4.555
4.556
4.557
4.558
4.559
4.56
4.561
4.562
4.563
4.564
4.565
4.566
4.567
4.568
4.569
4.57
4.571
4.572
4.573
4.574
4.575
4.576
4.577
4.578
4.579
4.58
4.581
4.582
4.583
4.584
4.585
4.586
4.587
4.588
4.589
4.59
4.591
4.592
4.593
4.594
4.595
4.596
4.597
4.598
4.599
4.6
4.601
4.602
4.603
4.604
4.605
4.606
4.607
4.608
4.609
4.61
4.611
4.612
4.613
4.614
4.615
4.616
4.617
4.618
4.619
4.62
4.621
4.622
4.623
4.624
4.625
4.626
4.627
4.628
4.629
4.63
4.631
4.632
4.633
4.634
4.635
4.636
4.637
4.638
4.639
4.64
4.641
4.642
4.643
4.644
4.645
4.646
4.647
4.648
4.649
4.65
4.651
4.652
4.653
4.654
4.655
4.656
4.657
4.658
4.659
4.66
4.661
4.662
4.663
4.664
4.665
4.666
4.667
4.668
4.669
4.67
4.671
4.672
4.673
4.674
4.675
4.676
4.677
4.678
4.679
4.68
4.681
4.682
4.683
4.684
4.685
4.686
4.687
4.688
4.689
4.69
4.691
4.692
4.693
4.694
4.695
4.696
4.697
4.698
4.699
4.7
4.701
4.702
4.703
4.704
4.705
4.706
4.707
4.708
4.709
4.71
4.711
4.712
4.713
4.714
4.715
4.716
4.717
4.718
4.719
4.72
4.721
4.722
4.723
4.724
4.725
4.726
4.727
4.728
4.729
4.73
4.731
4.732
4.733
4.734
4.735
4.736
4.737
4.738
4.739
4.74
4.741
4.742
4.743
4.744
4.745
4.746
4.747
4.748
4.749
4.75
4.751
4.752
4.753
4.754
4.755
4.756
4.757
4.758
4.759
4.76
4.761
4.762
4.763
4.764
4.765
4.766
4.767
4.768
4.769
4.77
4.771
4.772
4.773
4.774
4.775
4.776
4.777
4.778
4.779
4.78
4.781
4.782
4.783
4.784
4.785
4.786
4.787
4.788
4.789
4.79
4.791
4.792
4.793
4.794
4.795
4.796
4.797
4.798
4.799
4.8
4.801
4.802
4.803
4.804
4.805
4.806
4.807
4.808
4.809
4.81
4.811
4.812
4.813
4.814
4.815
4.816
4.817
4.818
4.819
4.82
4.821
4.822
4.823
4.824
4.825
4.826
4.827
4.828
4.829
4.83
4.831
4.832
4.833
4.834
4.835
4.836
4.837
4.838
4.839
4.84
4.841
4.842
4.843
4.844
4.845
4.846
4.847
4.848
4.849
4.85
4.851
4.852
4.853
4.854
4.855
4.856
4.857
4.858
4.859
4.86
4.861
4.862
4.863
4.864
4.865
4.866
4.867
4.868
4.869
4.87
4.871
4.872
4.873
4.874
4.875
4.876
4.877
4.878
4.879
4.88
4.881
4.882
4.883
4.884
4.885
4.886
4.887
4.888
4.889
4.89
4.891
4.892
4.893
4.894
4.895
4.896
4.897
4.898
4.899
4.9
4.901
4.902
4.903
4.904
4.905
4.906
4.907
4.908
4.909
4.91
4.911
4.912
4.913
4.914
4.915
4.916
4.917
4.918
4.919
4.92
4.921
4.922
4.923
4.924
4.925
4.926
4.927
4.928
4.929
4.93
4.931
4.932
4.933
4.934
4.935
4.936
4.937
4.938
4.939
4.94
4.941
4.942
4.943
4.944
4.945
4.946
4.947
4.948
4.949
4.95
4.951
4.952
4.953
4.954
4.955
4.956
4.957
4.958
4.959
4.96
4.961
4.962
4.963
4.964
4.965
4.966
4.967
4.968
4.969
4.97
4.971
4.972
4.973
4.974
4.975
4.976
4.977
4.978
4.979
4.98
4.981
4.982
4.983
4.984
4.985
4.986
4.987
4.988
4.989
4.99
4.991
4.992
4.993
4.994
4.995
4.996
4.997
4.998
4.999
5
5.001
5.002
5.003
5.004
5.005
5.006
5.007
5.008
5.009
5.01
5.011
5.012
5.013
5.014
5.015
5.016
5.017
5.018
5.019
5.02
5.021
5.022
5.023
5.024
5.025
5.026
5.027
5.028
5.029
5.03
5.031
5.032
5.033
5.034
5.035
5.036
5.037
5.038
5.039
5.04
5.041
5.042
5.043
5.044
5.045
5.046
5.047
5.048
5.049
5.05
5.051
5.052
5.053
5.054
5.055
5.056
5.057
5.058
5.059
5.06
5.061
5.062
5.063
5.064
5.065
5.066
5.067
5.068
5.069
5.07
5.071
5.072
5.073
5.074
5.075
5.076
5.077
5.078
5.079
5.08
5.081
5.082
5.083
5.084
5.085
5.086
5.087
5.088
5.089
5.09
5.091
5.092
5.093
5.094
5.095
5.096
5.097
5.098
5.099
5.1
5.101
5.102
5.103
5.104
5.105
5.106
5.107
5.108
5.109
5.11
5.111
5.112
5.113
5.114
5.115
5.116
5.117
5.118
5.119
5.12
5.121
5.122
5.123
5.124
5.125
5.126
5.127
5.128
5.129
5.13
5.131
5.132
5.133
5.134
5.135
5.136
5.137
5.138
5.139
5.14
5.141
5.142
5.143
5.144
5.145
5.146
5.147
5.148
5.149
5.15
5.151
5.152
5.153
5.154
5.155
5.156
5.157
5.158
5.159
5.16
5.161
5.162
5.163
5.164
5.165
5.166
5.167
5.168
5.169
5.17
5.171
5.172
5.173
5.174
5.175
5.176
5.177
5.178
5.179
5.18
5.181
5.182
5.183
5.184
5.185
5.186
5.187
5.188
5.189
5.19
5.191
5.192
5.193
5.194
5.195
5.196
5.197
5.198
5.199
5.2
5.201
5.202
5.203
5.204
5.205
5.206
5.207
5.208
5.209
5.21
5.211
5.212
5.213
5.214
5.215
5.216
5.217
5.218
5.219
5.22
5.221
5.222
5.223
5.224
5.225
5.226
5.227
5.228
5.229
5.23
5.231
5.232
5.233
5.234
5.235
5.236
5.237
5.238
5.239
5.24
5.241
5.242
5.243
5.244
5.245
5.246
5.247
5.248
5.249
5.25
5.251
5.252
5.253
5.254
5.255
5.256
5.257
5.258
5.259
5.26
5.261
5.262
5.263
5.264
5.265
5.266
5.267
5.268
5.269
5.27
5.271
5.272
5.273
5.274
5.275
5.276
5.277
5.278
5.279
5.28
5.281
5.282
5.283
5.284
5.285
5.286
5.287
5.288
5.289
5.29
5.291
5.292
5.293
5.294
5.295
5.296
5.297
5.298
5.299
5.3
5.301
5.302
5.303
5.304
5.305
5.306
5.307
5.308
5.309
5.31
5.311
5.312
5.313
5.314
5.315
5.316
5.317
5.318
5.319
5.32
5.321
5.322
5.323
5.324
5.325
5.326
5.327
5.328
5.329
5.33
5.331
5.332
5.333
5.334
5.335
5.336
5.337
5.338
5.339
5.34
5.341
5.342
5.343
5.344
5.345
5.346
5.347
5.348
5.349
5.35
5.351
5.352
5.353
5.354
5.355
5.356
5.357
5.358
5.359
5.36
5.361
5.362
5.363
5.364
5.365
5.366
5.367
5.368
5.369
5.37
5.371
5.372
5.373
5.374
5.375
5.376
5.377
5.378
5.379
5.38
5.381
5.382
5.383
5.384
5.385
5.386
5.387
5.388
5.389
5.39
5.391
5.392
5.393
5.394
5.395
5.396
5.397
5.398
5.399
5.4
5.401
5.402
5.403
5.404
5.405
5.406
5.407
5.408
5.409
5.41
5.411
5.412
5.413
5.414
5.415
5.416
5.417
5.418
5.419
5.42
5.421
5.422
5.423
5.424
5.425
5.426
5.427
5.428
5.429
5.43
5.431
5.432
5.433
5.434
5.435
5.436
5.437
5.438
5.439
5.44
5.441
5.442
5.443
5.444
5.445
5.446
5.447
5.448
5.449
5.45
5.451
5.452
5.453
5.454
5.455
5.456
5.457
5.458
5.459
5.46
5.461
5.462
5.463
5.464
5.465
5.466
5.467
5.468
5.469
5.47
5.471
5.472
5.473
5.474
5.475
5.476
5.477
5.478
5.479
5.48
5.481
5.482
5.483
5.484
5.485
5.486
5.487
5.488
5.489
5.49
5.491
5.492
5.493
5.494
5.495
5.496
5.497
5.498
5.499
5.5
5.501
5.502
5.503
5.504
5.505
5.506
5.507
5.508
5.509
5.51
5.511
5.512
5.513
5.514
5.515
5.516
5.517
5.518
5.519
5.52
5.521
5.522
5.523
5.524
5.525
5.526
5.527
5.528
5.529
5.53
5.531
5.532
5.533
5.534
5.535
5.536
5.537
5.538
5.539
5.54
5.541
5.542
5.543
5.544
5.545
5.546
5.547
5.548
5.549
5.55
5.551
5.552
5.553
5.554
5.555
5.556
5.557
5.558
5.559
5.56
5.561
5.562
5.563
5.564
5.565
5.566
5.567
5.568
5.569
5.57
5.571
5.572
5.573
5.574
5.575
5.576
5.577
5.578
5.579
5.58
5.581
5.582
5.583
5.584
5.585
5.586
5.587
5.588
5.589
5.59
5.591
5.592
5.593
5.594
5.595
5.596
5.597
5.598
5.599
5.6
5.601
5.602
5.603
5.604
5.605
5.606
5.607
5.608
5.609
5.61
5.611
5.612
5.613
5.614
5.615
5.616
5.617
5.618
5.619
5.62
5.621
5.622
5.623
5.624
5.625
5.626
5.627
5.628
5.629
5.63
5.631
5.632
5.633
5.634
5.635
5.636
5.637
5.638
5.639
5.64
5.641
5.642
5.643
5.644
5.645
5.646
5.647
5.648
5.649
5.65
5.651
5.652
5.653
5.654
5.655
5.656
5.657
5.658
5.659
5.66
5.661
5.662
5.663
5.664
5.665
5.666
5.667
5.668
5.669
5.67
5.671
5.672
5.673
5.674
5.675
5.676
5.677
5.678
5.679
5.68
5.681
5.682
5.683
5.684
5.685
5.686
5.687
5.688
5.689
5.69
5.691
5.692
5.693
5.694
5.695
5.696
5.697
5.698
5.699
5.7
5.701
5.702
5.703
5.704
5.705
5.706
5.707
5.708
5.709
5.71
5.711
5.712
5.713
5.714
5.715
5.716
5.717
5.718
5.719
5.72
5.721
5.722
5.723
5.724
5.725
5.726
5.727
5.728
5.729
5.73
5.731
5.732
5.733
5.734
5.735
5.736
5.737
5.738
5.739
5.74
5.741
5.742
5.743
5.744
5.745
5.746
5.747
5.748
5.749
5.75
5.751
5.752
5.753
5.754
5.755
5.756
5.757
5.758
5.759
5.76
5.761
5.762
5.763
5.764
5.765
5.766
5.767
5.768
5.769
5.77
5.771
5.772
5.773
5.774
5.775
5.776
5.777
5.778
5.779
5.78
5.781
5.782
5.783
5.784
5.785
5.786
5.787
5.788
5.789
5.79
5.791
5.792
5.793
5.794
5.795
5.796
5.797
5.798
5.799
5.8
5.801
5.802
5.803
5.804
5.805
5.806
5.807
5.808
5.809
5.81
5.811
5.812
5.813
5.814
5.815
5.816
5.817
5.818
5.819
5.82
5.821
5.822
5.823
5.824
5.825
5.826
5.827
5.828
5.829
5.83
5.831
5.832
5.833
5.834
5.835
5.836
5.837
5.838
5.839
5.84
5.841
5.842
5.843
5.844
5.845
5.846
5.847
5.848
5.849
5.85
5.851
5.852
5.853
5.854
5.855
5.856
5.857
5.858
5.859
5.86
5.861
5.862
5.863
5.864
5.865
5.866
5.867
5.868
5.869
5.87
5.871
5.872
5.873
5.874
5.875
5.876
5.877
5.878
5.879
5.88
5.881
5.882
5.883
5.884
5.885
5.886
5.887
5.888
5.889
5.89
5.891
5.892
5.893
5.894
5.895
5.896
5.897
5.898
5.899
5.9
5.901
5.902
5.903
5.904
5.905
5.906
5.907
5.908
5.909
5.91
5.911
5.912
5.913
5.914
5.915
5.916
5.917
5.918
5.919
5.92
5.921
5.922
5.923
5.924
5.925
5.926
5.927
5.928
5.929
5.93
5.931
5.932
5.933
5.934
5.935
5.936
5.937
5.938
5.939
5.94
5.941
5.942
5.943
5.944
5.945
5.946
5.947
5.948
5.949
5.95
5.951
5.952
5.953
5.954
5.955
5.956
5.957
5.958
5.959
5.96
5.961
5.962
5.963
5.964
5.965
5.966
5.967
5.968
5.969
5.97
5.971
5.972
5.973
5.974
5.975
5.976
5.977
5.978
5.979
5.98
5.981
5.982
5.983
5.984
5.985
5.986
5.987
5.988
5.989
5.99
5.991
5.992
5.993
5.994
5.995
5.996
5.997
5.998
5.999
6
6.001
6.002
6.003
6.004
6.005
6.006
6.007
6.008
6.009
6.01
6.011
6.012
6.013
6.014
6.015
6.016
6.017
6.018
6.019
6.02
6.021
6.022
6.023
6.024
6.025
6.026
6.027
6.028
6.029
6.03
6.031
6.032
6.033
6.034
6.035
6.036
6.037
6.038
6.039
6.04
6.041
6.042
6.043
6.044
6.045
6.046
6.047
6.048
6.049
6.05
6.051
6.052
6.053
6.054
6.055
6.056
6.057
6.058
6.059
6.06
6.061
6.062
6.063
6.064
6.065
6.066
6.067
6.068
6.069
6.07
6.071
6.072
6.073
6.074
6.075
6.076
6.077
6.078
6.079
6.08
6.081
6.082
6.083
6.084
6.085
6.086
6.087
6.088
6.089
6.09
6.091
6.092
6.093
6.094
6.095
6.096
6.097
6.098
6.099
6.1
6.101
6.102
6.103
6.104
6.105
6.106
6.107
6.108
6.109
6.11
6.111
6.112
6.113
6.114
6.115
6.116
6.117
6.118
6.119
6.12
6.121
6.122
6.123
6.124
6.125
6.126
6.127
6.128
6.129
6.13
6.131
6.132
6.133
6.134
6.135
6.136
6.137
6.138
6.139
6.14
6.141
6.142
6.143
6.144
6.145
6.146
6.147
6.148
6.149
6.15
6.151
6.152
6.153
6.154
6.155
6.156
6.157
6.158
6.159
6.16
6.161
6.162
6.163
6.164
6.165
6.166
6.167
6.168
6.169
6.17
6.171
6.172
6.173
6.174
6.175
6.176
6.177
6.178
6.179
6.18
6.181
6.182
6.183
6.184
6.185
6.186
6.187
6.188
6.189
6.19
6.191
6.192
6.193
6.194
6.195
6.196
6.197
6.198
6.199
6.2
6.201
6.202
6.203
6.204
6.205
6.206
6.207
6.208
6.209
6.21
6.211
6.212
6.213
6.214
6.215
6.216
6.217
6.218
6.219
6.22
6.221
6.222
6.223
6.224
6.225
6.226
6.227
6.228
6.229
6.23
6.231
6.232
6.233
6.234
6.235
6.236
6.237
6.238
6.239
6.24
6.241
6.242
6.243
6.244
6.245
6.246
6.247
6.248
6.249
6.25
6.251
6.252
6.253
6.254
6.255
6.256
6.257
6.258
6.259
6.26
6.261
6.262
6.263
6.264
6.265
6.266
6.267
6.268
6.269
6.27
6.271
6.272
6.273
6.274
6.275
6.276
6.277
6.278
6.279
6.28
6.281
6.282
6.283
6.284
6.285
6.286
6.287
6.288
6.289
6.29
6.291
6.292
6.293
6.294
6.295
6.296
6.297
6.298
6.299
6.3
6.301
6.302
6.303
6.304
6.305
6.306
6.307
6.308
6.309
6.31
6.311
6.312
6.313
6.314
6.315
6.316
6.317
6.318
6.319
6.32
6.321
6.322
6.323
6.324
6.325
6.326
6.327
6.328
6.329
6.33
6.331
6.332
6.333
6.334
6.335
6.336
6.337
6.338
6.339
6.34
6.341
6.342
6.343
6.344
6.345
6.346
6.347
6.348
6.349
6.35
6.351
6.352
6.353
6.354
6.355
6.356
6.357
6.358
6.359
6.36
6.361
6.362
6.363
6.364
6.365
6.366
6.367
6.368
6.369
6.37
6.371
6.372
6.373
6.374
6.375
6.376
6.377
6.378
6.379
6.38
6.381
6.382
6.383
6.384
6.385
6.386
6.387
6.388
6.389
6.39
6.391
6.392
6.393
6.394
6.395
6.396
6.397
6.398
6.399
6.4
6.401
6.402
6.403
6.404
6.405
6.406
6.407
6.408
6.409
6.41
6.411
6.412
6.413
6.414
6.415
6.416
6.417
6.418
6.419
6.42
6.421
6.422
6.423
6.424
6.425
6.426
6.427
6.428
6.429
6.43
6.431
6.432
6.433
6.434
6.435
6.436
6.437
6.438
6.439
6.44
6.441
6.442
6.443
6.444
6.445
6.446
6.447
6.448
6.449
6.45
6.451
6.452
6.453
6.454
6.455
6.456
6.457
6.458
6.459
6.46
6.461
6.462
6.463
6.464
6.465
6.466
6.467
6.468
6.469
6.47
6.471
6.472
6.473
6.474
6.475
6.476
6.477
6.478
6.479
6.48
6.481
6.482
6.483
6.484
6.485
6.486
6.487
6.488
6.489
6.49
6.491
6.492
6.493
6.494
6.495
6.496
6.497
6.498
6.499
6.5
6.501
6.502
6.503
6.504
6.505
6.506
6.507
6.508
6.509
6.51
6.511
6.512
6.513
6.514
6.515
6.516
6.517
6.518
6.519
6.52
6.521
6.522
6.523
6.524
6.525
6.526
6.527
6.528
6.529
6.53
6.531
6.532
6.533
6.534
6.535
6.536
6.537
6.538
6.539
6.54
6.541
6.542
6.543
6.544
6.545
6.546
6.547
6.548
6.549
6.55
6.551
6.552
6.553
6.554
6.555
6.556
6.557
6.558
6.559
6.56
6.561
6.562
6.563
6.564
6.565
6.566
6.567
6.568
6.569
6.57
6.571
6.572
6.573
6.574
6.575
6.576
6.577
6.578
6.579
6.58
6.581
6.582
6.583
6.584
6.585
6.586
6.587
6.588
6.589
6.59
6.591
6.592
6.593
6.594
6.595
6.596
6.597
6.598
6.599
6.6
6.601
6.602
6.603
6.604
6.605
6.606
6.607
6.608
6.609
6.61
6.611
6.612
6.613
6.614
6.615
6.616
6.617
6.618
6.619
6.62
6.621
6.622
6.623
6.624
6.625
6.626
6.627
6.628
6.629
6.63
6.631
6.632
6.633
6.634
6.635
6.636
6.637
6.638
6.639
6.64
6.641
6.642
6.643
6.644
6.645
6.646
6.647
6.648
6.649
6.65
6.651
6.652
6.653
6.654
6.655
6.656
6.657
6.658
6.659
6.66
6.661
6.662
6.663
6.664
6.665
6.666
6.667
6.668
6.669
6.67
6.671
6.672
6.673
6.674
6.675
6.676
6.677
6.678
6.679
6.68
6.681
6.682
6.683
6.684
6.685
6.686
6.687
6.688
6.689
6.69
6.691
6.692
6.693
6.694
6.695
6.696
6.697
6.698
6.699
6.7
6.701
6.702
6.703
6.704
6.705
6.706
6.707
6.708
6.709
6.71
6.711
6.712
6.713
6.714
6.715
6.716
6.717
6.718
6.719
6.72
6.721
6.722
6.723
6.724
6.725
6.726
6.727
6.728
6.729
6.73
6.731
6.732
6.733
6.734
6.735
6.736
6.737
6.738
6.739
6.74
6.741
6.742
6.743
6.744
6.745
6.746
6.747
6.748
6.749
6.75
6.751
6.752
6.753
6.754
6.755
6.756
6.757
6.758
6.759
6.76
6.761
6.762
6.763
6.764
6.765
6.766
6.767
6.768
6.769
6.77
6.771
6.772
6.773
6.774
6.775
6.776
6.777
6.778
6.779
6.78
6.781
6.782
6.783
6.784
6.785
6.786
6.787
6.788
6.789
6.79
6.791
6.792
6.793
6.794
6.795
6.796
6.797
6.798
6.799
6.8
6.801
6.802
6.803
6.804
6.805
6.806
6.807
6.808
6.809
6.81
6.811
6.812
6.813
6.814
6.815
6.816
6.817
6.818
6.819
6.82
6.821
6.822
6.823
6.824
6.825
6.826
6.827
6.828
6.829
6.83
6.831
6.832
6.833
6.834
6.835
6.836
6.837
6.838
6.839
6.84
6.841
6.842
6.843
6.844
6.845
6.846
6.847
6.848
6.849
6.85
6.851
6.852
6.853
6.854
6.855
6.856
6.857
6.858
6.859
6.86
6.861
6.862
6.863
6.864
6.865
6.866
6.867
6.868
6.869
6.87
6.871
6.872
6.873
6.874
6.875
6.876
6.877
6.878
6.879
6.88
6.881
6.882
6.883
6.884
6.885
6.886
6.887
6.888
6.889
6.89
6.891
6.892
6.893
6.894
6.895
6.896
6.897
6.898
6.899
6.9
6.901
6.902
6.903
6.904
6.905
6.906
6.907
6.908
6.909
6.91
6.911
6.912
6.913
6.914
6.915
6.916
6.917
6.918
6.919
6.92
6.921
6.922
6.923
6.924
6.925
6.926
6.927
6.928
6.929
6.93
6.931
6.932
6.933
6.934
6.935
6.936
6.937
6.938
6.939
6.94
6.941
6.942
6.943
6.944
6.945
6.946
6.947
6.948
6.949
6.95
6.951
6.952
6.953
6.954
6.955
6.956
6.957
6.958
6.959
6.96
6.961
6.962
6.963
6.964
6.965
6.966
6.967
6.968
6.969
6.97
6.971
6.972
6.973
6.974
6.975
6.976
6.977
6.978
6.979
6.98
6.981
6.982
6.983
6.984
6.985
6.986
6.987
6.988
6.989
6.99
6.991
6.992
6.993
6.994
6.995
6.996
6.997
6.998
6.999
7
7.001
7.002
7.003
7.004
7.005
7.006
7.007
7.008
7.009
7.01
7.011
7.012
7.013
7.014
7.015
7.016
7.017
7.018
7.019
7.02
7.021
7.022
7.023
7.024
7.025
7.026
7.027
7.028
7.029
7.03
7.031
7.032
7.033
7.034
7.035
7.036
7.037
7.038
7.039
7.04
7.041
7.042
7.043
7.044
7.045
7.046
7.047
7.048
7.049
7.05
7.051
7.052
7.053
7.054
7.055
7.056
7.057
7.058
7.059
7.06
7.061
7.062
7.063
7.064
7.065
7.066
7.067
7.068
7.069
7.07
7.071
7.072
7.073
7.074
7.075
7.076
7.077
7.078
7.079
7.08
7.081
7.082
7.083
7.084
7.085
7.086
7.087
7.088
7.089
7.09
7.091
7.092
7.093
7.094
7.095
7.096
7.097
7.098
7.099
7.1
7.101
7.102
7.103
7.104
7.105
7.106
7.107
7.108
7.109
7.11
7.111
7.112
7.113
7.114
7.115
7.116
7.117
7.118
7.119
7.12
7.121
7.122
7.123
7.124
7.125
7.126
7.127
7.128
7.129
7.13
7.131
7.132
7.133
7.134
7.135
7.136
7.137
7.138
7.139
7.14
7.141
7.142
7.143
7.144
7.145
7.146
7.147
7.148
7.149
7.15
7.151
7.152
7.153
7.154
7.155
7.156
7.157
7.158
7.159
7.16
7.161
7.162
7.163
7.164
7.165
7.166
7.167
7.168
7.169
7.17
7.171
7.172
7.173
7.174
7.175
7.176
7.177
7.178
7.179
7.18
7.181
7.182
7.183
7.184
7.185
7.186
7.187
7.188
7.189
7.19
7.191
7.192
7.193
7.194
7.195
7.196
7.197
7.198
7.199
7.2
7.201
7.202
7.203
7.204
7.205
7.206
7.207
7.208
7.209
7.21
7.211
7.212
7.213
7.214
7.215
7.216
7.217
7.218
7.219
7.22
7.221
7.222
7.223
7.224
7.225
7.226
7.227
7.228
7.229
7.23
7.231
7.232
7.233
7.234
7.235
7.236
7.237
7.238
7.239
7.24
7.241
7.242
7.243
7.244
7.245
7.246
7.247
7.248
7.249
7.25
7.251
7.252
7.253
7.254
7.255
7.256
7.257
7.258
7.259
7.26
7.261
7.262
7.263
7.264
7.265
7.266
7.267
7.268
7.269
7.27
7.271
7.272
7.273
7.274
7.275
7.276
7.277
7.278
7.279
7.28
7.281
7.282
7.283
7.284
7.285
7.286
7.287
7.288
7.289
7.29
7.291
7.292
7.293
7.294
7.295
7.296
7.297
7.298
7.299
7.3
7.301
7.302
7.303
7.304
7.305
7.306
7.307
7.308
7.309
7.31
7.311
7.312
7.313
7.314
7.315
7.316
7.317
7.318
7.319
7.32
7.321
7.322
7.323
7.324
7.325
7.326
7.327
7.328
7.329
7.33
7.331
7.332
7.333
7.334
7.335
7.336
7.337
7.338
7.339
7.34
7.341
7.342
7.343
7.344
7.345
7.346
7.347
7.348
7.349
7.35
7.351
7.352
7.353
7.354
7.355
7.356
7.357
7.358
7.359
7.36
7.361
7.362
7.363
7.364
7.365
7.366
7.367
7.368
7.369
7.37
7.371
7.372
7.373
7.374
7.375
7.376
7.377
7.378
7.379
7.38
7.381
7.382
7.383
7.384
7.385
7.386
7.387
7.388
7.389
7.39
7.391
7.392
7.393
7.394
7.395
7.396
7.397
7.398
7.399
7.4
7.401
7.402
7.403
7.404
7.405
7.406
7.407
7.408
7.409
7.41
7.411
7.412
7.413
7.414
7.415
7.416
7.417
7.418
7.419
7.42
7.421
7.422
7.423
7.424
7.425
7.426
7.427
7.428
7.429
7.43
7.431
7.432
7.433
7.434
7.435
7.436
7.437
7.438
7.439
7.44
7.441
7.442
7.443
7.444
7.445
7.446
7.447
7.448
7.449
7.45
7.451
7.452
7.453
7.454
7.455
7.456
7.457
7.458
7.459
7.46
7.461
7.462
7.463
7.464
7.465
7.466
7.467
7.468
7.469
7.47
7.471
7.472
7.473
7.474
7.475
7.476
7.477
7.478
7.479
7.48
7.481
7.482
7.483
7.484
7.485
7.486
7.487
7.488
7.489
7.49
7.491
7.492
7.493
7.494
7.495
7.496
7.497
7.498
7.499
7.5
7.501
7.502
7.503
7.504
7.505
7.506
7.507
7.508
7.509
7.51
7.511
7.512
7.513
7.514
7.515
7.516
7.517
7.518
7.519
7.52
7.521
7.522
7.523
7.524
7.525
7.526
7.527
7.528
7.529
7.53
7.531
7.532
7.533
7.534
7.535
7.536
7.537
7.538
7.539
7.54
7.541
7.542
7.543
7.544
7.545
7.546
7.547
7.548
7.549
7.55
7.551
7.552
7.553
7.554
7.555
7.556
7.557
7.558
7.559
7.56
7.561
7.562
7.563
7.564
7.565
7.566
7.567
7.568
7.569
7.57
7.571
7.572
7.573
7.574
7.575
7.576
7.577
7.578
7.579
7.58
7.581
7.582
7.583
7.584
7.585
7.586
7.587
7.588
7.589
7.59
7.591
7.592
7.593
7.594
7.595
7.596
7.597
7.598
7.599
7.6
7.601
7.602
7.603
7.604
7.605
7.606
7.607
7.608
7.609
7.61
7.611
7.612
7.613
7.614
7.615
7.616
7.617
7.618
7.619
7.62
7.621
7.622
7.623
7.624
7.625
7.626
7.627
7.628
7.629
7.63
7.631
7.632
7.633
7.634
7.635
7.636
7.637
7.638
7.639
7.64
7.641
7.642
7.643
7.644
7.645
7.646
7.647
7.648
7.649
7.65
7.651
7.652
7.653
7.654
7.655
7.656
7.657
7.658
7.659
7.66
7.661
7.662
7.663
7.664
7.665
7.666
7.667
7.668
7.669
7.67
7.671
7.672
7.673
7.674
7.675
7.676
7.677
7.678
7.679
7.68
7.681
7.682
7.683
7.684
7.685
7.686
7.687
7.688
7.689
7.69
7.691
7.692
7.693
7.694
7.695
7.696
7.697
7.698
7.699
7.7
7.701
7.702
7.703
7.704
7.705
7.706
7.707
7.708
7.709
7.71
7.711
7.712
7.713
7.714
7.715
7.716
7.717
7.718
7.719
7.72
7.721
7.722
7.723
7.724
7.725
7.726
7.727
7.728
7.729
7.73
7.731
7.732
7.733
7.734
7.735
7.736
7.737
7.738
7.739
7.74
7.741
7.742
7.743
7.744
7.745
7.746
7.747
7.748
7.749
7.75
7.751
7.752
7.753
7.754
7.755
7.756
7.757
7.758
7.759
7.76
7.761
7.762
7.763
7.764
7.765
7.766
7.767
7.768
7.769
7.77
7.771
7.772
7.773
7.774
7.775
7.776
7.777
7.778
7.779
7.78
7.781
7.782
7.783
7.784
7.785
7.786
7.787
7.788
7.789
7.79
7.791
7.792
7.793
7.794
7.795
7.796
7.797
7.798
7.799
7.8
7.801
7.802
7.803
7.804
7.805
7.806
7.807
7.808
7.809
7.81
7.811
7.812
7.813
7.814
7.815
7.816
7.817
7.818
7.819
7.82
7.821
7.822
7.823
7.824
7.825
7.826
7.827
7.828
7.829
7.83
7.831
7.832
7.833
7.834
7.835
7.836
7.837
7.838
7.839
7.84
7.841
7.842
7.843
7.844
7.845
7.846
7.847
7.848
7.849
7.85
7.851
7.852
7.853
7.854
7.855
7.856
7.857
7.858
7.859
7.86
7.861
7.862
7.863
7.864
7.865
7.866
7.867
7.868
7.869
7.87
7.871
7.872
7.873
7.874
7.875
7.876
7.877
7.878
7.879
7.88
7.881
7.882
7.883
7.884
7.885
7.886
7.887
7.888
7.889
7.89
7.891
7.892
7.893
7.894
7.895
7.896
7.897
7.898
7.899
7.9
7.901
7.902
7.903
7.904
7.905
7.906
7.907
7.908
7.909
7.91
7.911
7.912
7.913
7.914
7.915
7.916
7.917
7.918
7.919
7.92
7.921
7.922
7.923
7.924
7.925
7.926
7.927
7.928
7.929
7.93
7.931
7.932
7.933
7.934
7.935
7.936
7.937
7.938
7.939
7.94
7.941
7.942
7.943
7.944
7.945
7.946
7.947
7.948
7.949
7.95
7.951
7.952
7.953
7.954
7.955
7.956
7.957
7.958
7.959
7.96
7.961
7.962
7.963
7.964
7.965
7.966
7.967
7.968
7.969
7.97
7.971
7.972
7.973
7.974
7.975
7.976
7.977
7.978
7.979
7.98
7.981
7.982
7.983
7.984
7.985
7.986
7.987
7.988
7.989
7.99
7.991
7.992
7.993
7.994
7.995
7.996
7.997
7.998
7.999
8
8.001
8.002
8.003
8.004
8.005
8.006
8.007
8.008
8.009
8.01
8.011
8.012
8.013
8.014
8.015
8.016
8.017
8.018
8.019
8.02
8.021
8.022
8.023
8.024
8.025
8.026
8.027
8.028
8.029
8.03
8.031
8.032
8.033
8.034
8.035
8.036
8.037
8.038
8.039
8.04
8.041
8.042
8.043
8.044
8.045
8.046
8.047
8.048
8.049
8.05
8.051
8.052
8.053
8.054
8.055
8.056
8.057
8.058
8.059
8.06
8.061
8.062
8.063
8.064
8.065
8.066
8.067
8.068
8.069
8.07
8.071
8.072
8.073
8.074
8.075
8.076
8.077
8.078
8.079
8.08
8.081
8.082
8.083
8.084
8.085
8.086
8.087
8.088
8.089
8.09
8.091
8.092
8.093
8.094
8.095
8.096
8.097
8.098
8.099
8.1
8.101
8.102
8.103
8.104
8.105
8.106
8.107
8.108
8.109
8.11
8.111
8.112
8.113
8.114
8.115
8.116
8.117
8.118
8.119
8.12
8.121
8.122
8.123
8.124
8.125
8.126
8.127
8.128
8.129
8.13
8.131
8.132
8.133
8.134
8.135
8.136
8.137
8.138
8.139
8.14
8.141
8.142
8.143
8.144
8.145
8.146
8.147
8.148
8.149
8.15
8.151
8.152
8.153
8.154
8.155
8.156
8.157
8.158
8.159
8.16
8.161
8.162
8.163
8.164
8.165
8.166
8.167
8.168
8.169
8.17
8.171
8.172
8.173
8.174
8.175
8.176
8.177
8.178
8.179
8.18
8.181
8.182
8.183
8.184
8.185
8.186
8.187
8.188
8.189
8.19
8.191
8.192
8.193
8.194
8.195
8.196
8.197
8.198
8.199
8.2
8.201
8.202
8.203
8.204
8.205
8.206
8.207
8.208
8.209
8.21
8.211
8.212
8.213
8.214
8.215
8.216
8.217
8.218
8.219
8.22
8.221
8.222
8.223
8.224
8.225
8.226
8.227
8.228
8.229
8.23
8.231
8.232
8.233
8.234
8.235
8.236
8.237
8.238
8.239
8.24
8.241
8.242
8.243
8.244
8.245
8.246
8.247
8.248
8.249
8.25
8.251
8.252
8.253
8.254
8.255
8.256
8.257
8.258
8.259
8.26
8.261
8.262
8.263
8.264
8.265
8.266
8.267
8.268
8.269
8.27
8.271
8.272
8.273
8.274
8.275
8.276
8.277
8.278
8.279
8.28
8.281
8.282
8.283
8.284
8.285
8.286
8.287
8.288
8.289
8.29
8.291
8.292
8.293
8.294
8.295
8.296
8.297
8.298
8.299
8.3
8.301
8.302
8.303
8.304
8.305
8.306
8.307
8.308
8.309
8.31
8.311
8.312
8.313
8.314
8.315
8.316
8.317
8.318
8.319
8.32
8.321
8.322
8.323
8.324
8.325
8.326
8.327
8.328
8.329
8.33
8.331
8.332
8.333
8.334
8.335
8.336
8.337
8.338
8.339
8.34
8.341
8.342
8.343
8.344
8.345
8.346
8.347
8.348
8.349
8.35
8.351
8.352
8.353
8.354
8.355
8.356
8.357
8.358
8.359
8.36
8.361
8.362
8.363
8.364
8.365
8.366
8.367
8.368
8.369
8.37
8.371
8.372
8.373
8.374
8.375
8.376
8.377
8.378
8.379
8.38
8.381
8.382
8.383
8.384
8.385
8.386
8.387
8.388
8.389
8.39
8.391
8.392
8.393
8.394
8.395
8.396
8.397
8.398
8.399
8.4
8.401
8.402
8.403
8.404
8.405
8.406
8.407
8.408
8.409
8.41
8.411
8.412
8.413
8.414
8.415
8.416
8.417
8.418
8.419
8.42
8.421
8.422
8.423
8.424
8.425
8.426
8.427
8.428
8.429
8.43
8.431
8.432
8.433
8.434
8.435
8.436
8.437
8.438
8.439
8.44
8.441
8.442
8.443
8.444
8.445
8.446
8.447
8.448
8.449
8.45
8.451
8.452
8.453
8.454
8.455
8.456
8.457
8.458
8.459
8.46
8.461
8.462
8.463
8.464
8.465
8.466
8.467
8.468
8.469
8.47
8.471
8.472
8.473
8.474
8.475
8.476
8.477
8.478
8.479
8.48
8.481
8.482
8.483
8.484
8.485
8.486
8.487
8.488
8.489
8.49
8.491
8.492
8.493
8.494
8.495
8.496
8.497
8.498
8.499
8.5
8.501
8.502
8.503
8.504
8.505
8.506
8.507
8.508
8.509
8.51
8.511
8.512
8.513
8.514
8.515
8.516
8.517
8.518
8.519
8.52
8.521
8.522
8.523
8.524
8.525
8.526
8.527
8.528
8.529
8.53
8.531
8.532
8.533
8.534
8.535
8.536
8.537
8.538
8.539
8.54
8.541
8.542
8.543
8.544
8.545
8.546
8.547
8.548
8.549
8.55
8.551
8.552
8.553
8.554
8.555
8.556
8.557
8.558
8.559
8.56
8.561
8.562
8.563
8.564
8.565
8.566
8.567
8.568
8.569
8.57
8.571
8.572
8.573
8.574
8.575
8.576
8.577
8.578
8.579
8.58
8.581
8.582
8.583
8.584
8.585
8.586
8.587
8.588
8.589
8.59
8.591
8.592
8.593
8.594
8.595
8.596
8.597
8.598
8.599
8.6
8.601
8.602
8.603
8.604
8.605
8.606
8.607
8.608
8.609
8.61
8.611
8.612
8.613
8.614
8.615
8.616
8.617
8.618
8.619
8.62
8.621
8.622
8.623
8.624
8.625
8.626
8.627
8.628
8.629
8.63
8.631
8.632
8.633
8.634
8.635
8.636
8.637
8.638
8.639
8.64
8.641
8.642
8.643
8.644
8.645
8.646
8.647
8.648
8.649
8.65
8.651
8.652
8.653
8.654
8.655
8.656
8.657
8.658
8.659
8.66
8.661
8.662
8.663
8.664
8.665
8.666
8.667
8.668
8.669
8.67
8.671
8.672
8.673
8.674
8.675
8.676
8.677
8.678
8.679
8.68
8.681
8.682
8.683
8.684
8.685
8.686
8.687
8.688
8.689
8.69
8.691
8.692
8.693
8.694
8.695
8.696
8.697
8.698
8.699
8.7
8.701
8.702
8.703
8.704
8.705
8.706
8.707
8.708
8.709
8.71
8.711
8.712
8.713
8.714
8.715
8.716
8.717
8.718
8.719
8.72
8.721
8.722
8.723
8.724
8.725
8.726
8.727
8.728
8.729
8.73
8.731
8.732
8.733
8.734
8.735
8.736
8.737
8.738
8.739
8.74
8.741
8.742
8.743
8.744
8.745
8.746
8.747
8.748
8.749
8.75
8.751
8.752
8.753
8.754
8.755
8.756
8.757
8.758
8.759
8.76
8.761
8.762
8.763
8.764
8.765
8.766
8.767
8.768
8.769
8.77
8.771
8.772
8.773
8.774
8.775
8.776
8.777
8.778
8.779
8.78
8.781
8.782
8.783
8.784
8.785
8.786
8.787
8.788
8.789
8.79
8.791
8.792
8.793
8.794
8.795
8.796
8.797
8.798
8.799
8.8
8.801
8.802
8.803
8.804
8.805
8.806
8.807
8.808
8.809
8.81
8.811
8.812
8.813
8.814
8.815
8.816
8.817
8.818
8.819
8.82
8.821
8.822
8.823
8.824
8.825
8.826
8.827
8.828
8.829
8.83
8.831
8.832
8.833
8.834
8.835
8.836
8.837
8.838
8.839
8.84
8.841
8.842
8.843
8.844
8.845
8.846
8.847
8.848
8.849
8.85
8.851
8.852
8.853
8.854
8.855
8.856
8.857
8.858
8.859
8.86
8.861
8.862
8.863
8.864
8.865
8.866
8.867
8.868
8.869
8.87
8.871
8.872
8.873
8.874
8.875
8.876
8.877
8.878
8.879
8.88
8.881
8.882
8.883
8.884
8.885
8.886
8.887
8.888
8.889
8.89
8.891
8.892
8.893
8.894
8.895
8.896
8.897
8.898
8.899
8.9
8.901
8.902
8.903
8.904
8.905
8.906
8.907
8.908
8.909
8.91
8.911
8.912
8.913
8.914
8.915
8.916
8.917
8.918
8.919
8.92
8.921
8.922
8.923
8.924
8.925
8.926
8.927
8.928
8.929
8.93
8.931
8.932
8.933
8.934
8.935
8.936
8.937
8.938
8.939
8.94
8.941
8.942
8.943
8.944
8.945
8.946
8.947
8.948
8.949
8.95
8.951
8.952
8.953
8.954
8.955
8.956
8.957
8.958
8.959
8.96
8.961
8.962
8.963
8.964
8.965
8.966
8.967
8.968
8.969
8.97
8.971
8.972
8.973
8.974
8.975
8.976
8.977
8.978
8.979
8.98
8.981
8.982
8.983
8.984
8.985
8.986
8.987
8.988
8.989
8.99
8.991
8.992
8.993
8.994
8.995
8.996
8.997
8.998
8.999
9
9.001
9.002
9.003
9.004
9.005
9.006
9.007
9.008
9.009
9.01
9.011
9.012
9.013
9.014
9.015
9.016
9.017
9.018
9.019
9.02
9.021
9.022
9.023
9.024
9.025
9.026
9.027
9.028
9.029
9.03
9.031
9.032
9.033
9.034
9.035
9.036
9.037
9.038
9.039
9.04
9.041
9.042
9.043
9.044
9.045
9.046
9.047
9.048
9.049
9.05
9.051
9.052
9.053
9.054
9.055
9.056
9.057
9.058
9.059
9.06
9.061
9.062
9.063
9.064
9.065
9.066
9.067
9.068
9.069
9.07
9.071
9.072
9.073
9.074
9.075
9.076
9.077
9.078
9.079
9.08
9.081
9.082
9.083
9.084
9.085
9.086
9.087
9.088
9.089
9.09
9.091
9.092
9.093
9.094
9.095
9.096
9.097
9.098
9.099
9.1
9.101
9.102
9.103
9.104
9.105
9.106
9.107
9.108
9.109
9.11
9.111
9.112
9.113
9.114
9.115
9.116
9.117
9.118
9.119
9.12
9.121
9.122
9.123
9.124
9.125
9.126
9.127
9.128
9.129
9.13
9.131
9.132
9.133
9.134
9.135
9.136
9.137
9.138
9.139
9.14
9.141
9.142
9.143
9.144
9.145
9.146
9.147
9.148
9.149
9.15
9.151
9.152
9.153
9.154
9.155
9.156
9.157
9.158
9.159
9.16
9.161
9.162
9.163
9.164
9.165
9.166
9.167
9.168
9.169
9.17
9.171
9.172
9.173
9.174
9.175
9.176
9.177
9.178
9.179
9.18
9.181
9.182
9.183
9.184
9.185
9.186
9.187
9.188
9.189
9.19
9.191
9.192
9.193
9.194
9.195
9.196
9.197
9.198
9.199
9.2
9.201
9.202
9.203
9.204
9.205
9.206
9.207
9.208
9.209
9.21
9.211
9.212
9.213
9.214
9.215
9.216
9.217
9.218
9.219
9.22
9.221
9.222
9.223
9.224
9.225
9.226
9.227
9.228
9.229
9.23
9.231
9.232
9.233
9.234
9.235
9.236
9.237
9.238
9.239
9.24
9.241
9.242
9.243
9.244
9.245
9.246
9.247
9.248
9.249
9.25
9.251
9.252
9.253
9.254
9.255
9.256
9.257
9.258
9.259
9.26
9.261
9.262
9.263
9.264
9.265
9.266
9.267
9.268
9.269
9.27
9.271
9.272
9.273
9.274
9.275
9.276
9.277
9.278
9.279
9.28
9.281
9.282
9.283
9.284
9.285
9.286
9.287
9.288
9.289
9.29
9.291
9.292
9.293
9.294
9.295
9.296
9.297
9.298
9.299
9.3
9.301
9.302
9.303
9.304
9.305
9.306
9.307
9.308
9.309
9.31
9.311
9.312
9.313
9.314
9.315
9.316
9.317
9.318
9.319
9.32
9.321
9.322
9.323
9.324
9.325
9.326
9.327
9.328
9.329
9.33
9.331
9.332
9.333
9.334
9.335
9.336
9.337
9.338
9.339
9.34
9.341
9.342
9.343
9.344
9.345
9.346
9.347
9.348
9.349
9.35
9.351
9.352
9.353
9.354
9.355
9.356
9.357
9.358
9.359
9.36
9.361
9.362
9.363
9.364
9.365
9.366
9.367
9.368
9.369
9.37
9.371
9.372
9.373
9.374
9.375
9.376
9.377
9.378
9.379
9.38
9.381
9.382
9.383
9.384
9.385
9.386
9.387
9.388
9.389
9.39
9.391
9.392
9.393
9.394
9.395
9.396
9.397
9.398
9.399
9.4
9.401
9.402
9.403
9.404
9.405
9.406
9.407
9.408
9.409
9.41
9.411
9.412
9.413
9.414
9.415
9.416
9.417
9.418
9.419
9.42
9.421
9.422
9.423
9.424
9.425
9.426
9.427
9.428
9.429
9.43
9.431
9.432
9.433
9.434
9.435
9.436
9.437
9.438
9.439
9.44
9.441
9.442
9.443
9.444
9.445
9.446
9.447
9.448
9.449
9.45
9.451
9.452
9.453
9.454
9.455
9.456
9.457
9.458
9.459
9.46
9.461
9.462
9.463
9.464
9.465
9.466
9.467
9.468
9.469
9.47
9.471
9.472
9.473
9.474
9.475
9.476
9.477
9.478
9.479
9.48
9.481
9.482
9.483
9.484
9.485
9.486
9.487
9.488
9.489
9.49
9.491
9.492
9.493
9.494
9.495
9.496
9.497
9.498
9.499
9.5
9.501
9.502
9.503
9.504
9.505
9.506
9.507
9.508
9.509
9.51
9.511
9.512
9.513
9.514
9.515
9.516
9.517
9.518
9.519
9.52
9.521
9.522
9.523
9.524
9.525
9.526
9.527
9.528
9.529
9.53
9.531
9.532
9.533
9.534
9.535
9.536
9.537
9.538
9.539
9.54
9.541
9.542
9.543
9.544
9.545
9.546
9.547
9.548
9.549
9.55
9.551
9.552
9.553
9.554
9.555
9.556
9.557
9.558
9.559
9.56
9.561
9.562
9.563
9.564
9.565
9.566
9.567
9.568
9.569
9.57
9.571
9.572
9.573
9.574
9.575
9.576
9.577
9.578
9.579
9.58
9.581
9.582
9.583
9.584
9.585
9.586
9.587
9.588
9.589
9.59
9.591
9.592
9.593
9.594
9.595
9.596
9.597
9.598
9.599
9.6
9.601
9.602
9.603
9.604
9.605
9.606
9.607
9.608
9.609
9.61
9.611
9.612
9.613
9.614
9.615
9.616
9.617
9.618
9.619
9.62
9.621
9.622
9.623
9.624
9.625
9.626
9.627
9.628
9.629
9.63
9.631
9.632
9.633
9.634
9.635
9.636
9.637
9.638
9.639
9.64
9.641
9.642
9.643
9.644
9.645
9.646
9.647
9.648
9.649
9.65
9.651
9.652
9.653
9.654
9.655
9.656
9.657
9.658
9.659
9.66
9.661
9.662
9.663
9.664
9.665
9.666
9.667
9.668
9.669
9.67
9.671
9.672
9.673
9.674
9.675
9.676
9.677
9.678
9.679
9.68
9.681
9.682
9.683
9.684
9.685
9.686
9.687
9.688
9.689
9.69
9.691
9.692
9.693
9.694
9.695
9.696
9.697
9.698
9.699
9.7
9.701
9.702
9.703
9.704
9.705
9.706
9.707
9.708
9.709
9.71
9.711
9.712
9.713
9.714
9.715
9.716
9.717
9.718
9.719
9.72
9.721
9.722
9.723
9.724
9.725
9.726
9.727
9.728
9.729
9.73
9.731
9.732
9.733
9.734
9.735
9.736
9.737
9.738
9.739
9.74
9.741
9.742
9.743
9.744
9.745
9.746
9.747
9.748
9.749
9.75
9.751
9.752
9.753
9.754
9.755
9.756
9.757
9.758
9.759
9.76
9.761
9.762
9.763
9.764
9.765
9.766
9.767
9.768
9.769
9.77
9.771
9.772
9.773
9.774
9.775
9.776
9.777
9.778
9.779
9.78
9.781
9.782
9.783
9.784
9.785
9.786
9.787
9.788
9.789
9.79
9.791
9.792
9.793
9.794
9.795
9.796
9.797
9.798
9.799
9.8
9.801
9.802
9.803
9.804
9.805
9.806
9.807
9.808
9.809
9.81
9.811
9.812
9.813
9.814
9.815
9.816
9.817
9.818
9.819
9.82
9.821
9.822
9.823
9.824
9.825
9.826
9.827
9.828
9.829
9.83
9.831
9.832
9.833
9.834
9.835
9.836
9.837
9.838
9.839
9.84
9.841
9.842
9.843
9.844
9.845
9.846
9.847
9.848
9.849
9.85
9.851
9.852
9.853
9.854
9.855
9.856
9.857
9.858
9.859
9.86
9.861
9.862
9.863
9.864
9.865
9.866
9.867
9.868
9.869
9.87
9.871
9.872
9.873
9.874
9.875
9.876
9.877
9.878
9.879
9.88
9.881
9.882
9.883
9.884
9.885
9.886
9.887
9.888
9.889
9.89
9.891
9.892
9.893
9.894
9.895
9.896
9.897
9.898
9.899
9.9
9.901
9.902
9.903
9.904
9.905
9.906
9.907
9.908
9.909
9.91
9.911
9.912
9.913
9.914
9.915
9.916
9.917
9.918
9.919
9.92
9.921
9.922
9.923
9.924
9.925
9.926
9.927
9.928
9.929
9.93
9.931
9.932
9.933
9.934
9.935
9.936
9.937
9.938
9.939
9.94
9.941
9.942
9.943
9.944
9.945
9.946
9.947
9.948
9.949
9.95
9.951
9.952
9.953
9.954
9.955
9.956
9.957
9.958
9.959
9.96
9.961
9.962
9.963
9.964
9.965
9.966
9.967
9.968
9.969
9.97
9.971
9.972
9.973
9.974
9.975
9.976
9.977
9.978
9.979
9.98
9.981
9.982
9.983
9.984
9.985
9.986
9.987
9.988
9.989
9.99
9.991
9.992
9.993
9.994
9.995
9.996
9.997
9.998
9.999
10
10.001
10.002
10.003
10.004
10.005
10.006
10.007
10.008
10.009
10.01
10.011
10.012
10.013
10.014
10.015
10.016
10.017
10.018
10.019
10.02
10.021
10.022
10.023
10.024
10.025
10.026
10.027
10.028
10.029
10.03
10.031
10.032
10.033
10.034
10.035
10.036
10.037
10.038
10.039
10.04
10.041
10.042
10.043
10.044
10.045
10.046
10.047
10.048
10.049
10.05
10.051
10.052
10.053
10.054
10.055
10.056
10.057
10.058
10.059
10.06
10.061
10.062
10.063
10.064
10.065
10.066
10.067
10.068
10.069
10.07
10.071
10.072
10.073
10.074
10.075
10.076
10.077
10.078
10.079
10.08
10.081
10.082
10.083
10.084
10.085
10.086
10.087
10.088
10.089
10.09
10.091
10.092
10.093
10.094
10.095
10.096
10.097
10.098
10.099
10.1
10.101
10.102
10.103
10.104
10.105
10.106
10.107
10.108
10.109
10.11
10.111
10.112
10.113
10.114
10.115
10.116
10.117
10.118
10.119
10.12
10.121
10.122
10.123
10.124
10.125
10.126
10.127
10.128
10.129
10.13
10.131
10.132
10.133
10.134
10.135
10.136
10.137
10.138
10.139
10.14
10.141
10.142
10.143
10.144
10.145
10.146
10.147
10.148
10.149
10.15
10.151
10.152
10.153
10.154
10.155
10.156
10.157
10.158
10.159
10.16
10.161
10.162
10.163
10.164
10.165
10.166
10.167
10.168
10.169
10.17
10.171
10.172
10.173
10.174
10.175
10.176
10.177
10.178
10.179
10.18
10.181
10.182
10.183
10.184
10.185
10.186
10.187
10.188
10.189
10.19
10.191
10.192
10.193
10.194
10.195
10.196
10.197
10.198
10.199
10.2
10.201
10.202
10.203
10.204
10.205
10.206
10.207
10.208
10.209
10.21
10.211
10.212
10.213
10.214
10.215
10.216
10.217
10.218
10.219
10.22
10.221
10.222
10.223
10.224
10.225
10.226
10.227
10.228
10.229
10.23
10.231
10.232
10.233
10.234
10.235
10.236
10.237
10.238
10.239
10.24
10.241
10.242
10.243
10.244
10.245
10.246
10.247
10.248
10.249
10.25
10.251
10.252
10.253
10.254
10.255
10.256
10.257
10.258
10.259
10.26
10.261
10.262
10.263
10.264
10.265
10.266
10.267
10.268
10.269
10.27
10.271
10.272
10.273
10.274
10.275
10.276
10.277
10.278
10.279
10.28
10.281
10.282
10.283
10.284
10.285
10.286
10.287
10.288
10.289
10.29
10.291
10.292
10.293
10.294
10.295
10.296
10.297
10.298
10.299
10.3
10.301
10.302
10.303
10.304
10.305
10.306
10.307
10.308
10.309
10.31
10.311
10.312
10.313
10.314
10.315
10.316
10.317
10.318
10.319
10.32
10.321
10.322
10.323
10.324
10.325
10.326
10.327
10.328
10.329
10.33
10.331
10.332
10.333
10.334
10.335
10.336
10.337
10.338
10.339
10.34
10.341
10.342
10.343
10.344
10.345
10.346
10.347
10.348
10.349
10.35
10.351
10.352
10.353
10.354
10.355
10.356
10.357
10.358
10.359
10.36
10.361
10.362
10.363
10.364
10.365
10.366
10.367
10.368
10.369
10.37
10.371
10.372
10.373
10.374
10.375
10.376
10.377
10.378
10.379
10.38
10.381
10.382
10.383
10.384
10.385
10.386
10.387
10.388
10.389
10.39
10.391
10.392
10.393
10.394
10.395
10.396
10.397
10.398
10.399
10.4
10.401
10.402
10.403
10.404
10.405
10.406
10.407
10.408
10.409
10.41
10.411
10.412
10.413
10.414
10.415
10.416
10.417
10.418
10.419
10.42
10.421
10.422
10.423
10.424
10.425
10.426
10.427
10.428
10.429
10.43
10.431
10.432
10.433
10.434
10.435
10.436
10.437
10.438
10.439
10.44
10.441
10.442
10.443
10.444
10.445
10.446
10.447
10.448
10.449
10.45
10.451
10.452
10.453
10.454
10.455
10.456
10.457
10.458
10.459
10.46
10.461
10.462
10.463
10.464
10.465
10.466
10.467
10.468
10.469
10.47
10.471
10.472
10.473
10.474
10.475
10.476
10.477
10.478
10.479
10.48
10.481
10.482
10.483
10.484
10.485
10.486
10.487
10.488
10.489
10.49
10.491
10.492
10.493
10.494
10.495
10.496
10.497
10.498
10.499
10.5
10.501
10.502
10.503
10.504
10.505
10.506
10.507
10.508
10.509
10.51
10.511
10.512
10.513
10.514
10.515
10.516
10.517
10.518
10.519
10.52
10.521
10.522
10.523
10.524
10.525
10.526
10.527
10.528
10.529
10.53
10.531
10.532
10.533
10.534
10.535
10.536
10.537
10.538
10.539
10.54
10.541
10.542
10.543
10.544
10.545
10.546
10.547
10.548
10.549
10.55
10.551
10.552
10.553
10.554
10.555
10.556
10.557
10.558
10.559
10.56
10.561
10.562
10.563
10.564
10.565
10.566
10.567
10.568
10.569
10.57
10.571
10.572
10.573
10.574
10.575
10.576
10.577
10.578
10.579
10.58
10.581
10.582
10.583
10.584
10.585
10.586
10.587
10.588
10.589
10.59
10.591
10.592
10.593
10.594
10.595
10.596
10.597
10.598
10.599
10.6
10.601
10.602
10.603
10.604
10.605
10.606
10.607
10.608
10.609
10.61
10.611
10.612
10.613
10.614
10.615
10.616
10.617
10.618
10.619
10.62
10.621
10.622
10.623
10.624
10.625
10.626
10.627
10.628
10.629
10.63
10.631
10.632
10.633
10.634
10.635
10.636
10.637
10.638
10.639
10.64
10.641
10.642
10.643
10.644
10.645
10.646
10.647
10.648
10.649
10.65
10.651
10.652
10.653
10.654
10.655
10.656
10.657
10.658
10.659
10.66
10.661
10.662
10.663
10.664
10.665
10.666
10.667
10.668
10.669
10.67
10.671
10.672
10.673
10.674
10.675
10.676
10.677
10.678
10.679
10.68
10.681
10.682
10.683
10.684
10.685
10.686
10.687
10.688
10.689
10.69
10.691
10.692
10.693
10.694
10.695
10.696
10.697
10.698
10.699
10.7
10.701
10.702
10.703
10.704
10.705
10.706
10.707
10.708
10.709
10.71
10.711
10.712
10.713
10.714
10.715
10.716
10.717
10.718
10.719
10.72
10.721
10.722
10.723
10.724
10.725
10.726
10.727
10.728
10.729
10.73
10.731
10.732
10.733
10.734
10.735
10.736
10.737
10.738
10.739
10.74
10.741
10.742
10.743
10.744
10.745
10.746
10.747
10.748
10.749
10.75
10.751
10.752
10.753
10.754
10.755
10.756
10.757
10.758
10.759
10.76
10.761
10.762
10.763
10.764
10.765
10.766
10.767
10.768
10.769
10.77
10.771
10.772
10.773
10.774
10.775
10.776
10.777
10.778
10.779
10.78
10.781
10.782
10.783
10.784
10.785
10.786
10.787
10.788
10.789
10.79
10.791
10.792
10.793
10.794
10.795
10.796
10.797
10.798
10.799
10.8
10.801
10.802
10.803
10.804
10.805
10.806
10.807
10.808
10.809
10.81
10.811
10.812
10.813
10.814
10.815
10.816
10.817
10.818
10.819
10.82
10.821
10.822
10.823
10.824
10.825
10.826
10.827
10.828
10.829
10.83
10.831
10.832
10.833
10.834
10.835
10.836
10.837
10.838
10.839
10.84
10.841
10.842
10.843
10.844
10.845
10.846
10.847
10.848
10.849
10.85
10.851
10.852
10.853
10.854
10.855
10.856
10.857
10.858
10.859
10.86
10.861
10.862
10.863
10.864
10.865
10.866
10.867
10.868
10.869
10.87
10.871
10.872
10.873
10.874
10.875
10.876
10.877
10.878
10.879
10.88
10.881
10.882
10.883
10.884
10.885
10.886
10.887
10.888
10.889
10.89
10.891
10.892
10.893
10.894
10.895
10.896
10.897
10.898
10.899
10.9
10.901
10.902
10.903
10.904
10.905
10.906
10.907
10.908
10.909
10.91
10.911
10.912
10.913
10.914
10.915
10.916
10.917
10.918
10.919
10.92
10.921
10.922
10.923
10.924
10.925
10.926
10.927
10.928
10.929
10.93
10.931
10.932
10.933
10.934
10.935
10.936
10.937
10.938
10.939
10.94
10.941
10.942
10.943
10.944
10.945
10.946
10.947
10.948
10.949
10.95
10.951
10.952
10.953
10.954
10.955
10.956
10.957
10.958
10.959
10.96
10.961
10.962
10.963
10.964
10.965
10.966
10.967
10.968
10.969
10.97
10.971
10.972
10.973
10.974
10.975
10.976
10.977
10.978
10.979
10.98
10.981
10.982
10.983
10.984
10.985
10.986
10.987
10.988
10.989
10.99
10.991
10.992
10.993
10.994
10.995
10.996
10.997
10.998
10.999
11
11.001
11.002
11.003
11.004
11.005
11.006
11.007
11.008
11.009
11.01
11.011
11.012
11.013
11.014
11.015
11.016
11.017
11.018
11.019
11.02
11.021
11.022
11.023
11.024
11.025
11.026
11.027
11.028
11.029
11.03
11.031
11.032
11.033
11.034
11.035
11.036
11.037
11.038
11.039
11.04
11.041
11.042
11.043
11.044
11.045
11.046
11.047
11.048
11.049
11.05
11.051
11.052
11.053
11.054
11.055
11.056
11.057
11.058
11.059
11.06
11.061
11.062
11.063
11.064
11.065
11.066
11.067
11.068
11.069
11.07
11.071
11.072
11.073
11.074
11.075
11.076
11.077
11.078
11.079
11.08
11.081
11.082
11.083
11.084
11.085
11.086
11.087
11.088
11.089
11.09
11.091
11.092
11.093
11.094
11.095
11.096
11.097
11.098
11.099
11.1
11.101
11.102
11.103
11.104
11.105
11.106
11.107
11.108
11.109
11.11
11.111
11.112
11.113
11.114
11.115
11.116
11.117
11.118
11.119
11.12
11.121
11.122
11.123
11.124
11.125
11.126
11.127
11.128
11.129
11.13
11.131
11.132
11.133
11.134
11.135
11.136
11.137
11.138
11.139
11.14
11.141
11.142
11.143
11.144
11.145
11.146
11.147
11.148
11.149
11.15
11.151
11.152
11.153
11.154
11.155
11.156
11.157
11.158
11.159
11.16
11.161
11.162
11.163
11.164
11.165
11.166
11.167
11.168
11.169
11.17
11.171
11.172
11.173
11.174
11.175
11.176
11.177
11.178
11.179
11.18
11.181
11.182
11.183
11.184
11.185
11.186
11.187
11.188
11.189
11.19
11.191
11.192
11.193
11.194
11.195
11.196
11.197
11.198
11.199
11.2
11.201
11.202
11.203
11.204
11.205
11.206
11.207
11.208
11.209
11.21
11.211
11.212
11.213
11.214
11.215
11.216
11.217
11.218
11.219
11.22
11.221
11.222
11.223
11.224
11.225
11.226
11.227
11.228
11.229
11.23
11.231
11.232
11.233
11.234
11.235
11.236
11.237
11.238
11.239
11.24
11.241
11.242
11.243
11.244
11.245
11.246
11.247
11.248
11.249
11.25
11.251
11.252
11.253
11.254
11.255
11.256
11.257
11.258
11.259
11.26
11.261
11.262
11.263
11.264
11.265
11.266
11.267
11.268
11.269
11.27
11.271
11.272
11.273
11.274
11.275
11.276
11.277
11.278
11.279
11.28
11.281
11.282
11.283
11.284
11.285
11.286
11.287
11.288
11.289
11.29
11.291
11.292
11.293
11.294
11.295
11.296
11.297
11.298
11.299
11.3
11.301
11.302
11.303
11.304
11.305
11.306
11.307
11.308
11.309
11.31
11.311
11.312
11.313
11.314
11.315
11.316
11.317
11.318
11.319
11.32
11.321
11.322
11.323
11.324
11.325
11.326
11.327
11.328
11.329
11.33
11.331
11.332
11.333
11.334
11.335
11.336
11.337
11.338
11.339
11.34
11.341
11.342
11.343
11.344
11.345
11.346
11.347
11.348
11.349
11.35
11.351
11.352
11.353
11.354
11.355
11.356
11.357
11.358
11.359
11.36
11.361
11.362
11.363
11.364
11.365
11.366
11.367
11.368
11.369
11.37
11.371
11.372
11.373
11.374
11.375
11.376
11.377
11.378
11.379
11.38
11.381
11.382
11.383
11.384
11.385
11.386
11.387
11.388
11.389
11.39
11.391
11.392
11.393
11.394
11.395
11.396
11.397
11.398
11.399
11.4
11.401
11.402
11.403
11.404
11.405
11.406
11.407
11.408
11.409
11.41
11.411
11.412
11.413
11.414
11.415
11.416
11.417
11.418
11.419
11.42
11.421
11.422
11.423
11.424
11.425
11.426
11.427
11.428
11.429
11.43
11.431
11.432
11.433
11.434
11.435
11.436
11.437
11.438
11.439
11.44
11.441
11.442
11.443
11.444
11.445
11.446
11.447
11.448
11.449
11.45
11.451
11.452
11.453
11.454
11.455
11.456
11.457
11.458
11.459
11.46
11.461
11.462
11.463
11.464
11.465
11.466
11.467
11.468
11.469
11.47
11.471
11.472
11.473
11.474
11.475
11.476
11.477
11.478
11.479
11.48
11.481
11.482
11.483
11.484
11.485
11.486
11.487
11.488
11.489
11.49
11.491
11.492
11.493
11.494
11.495
11.496
11.497
11.498
11.499
11.5
11.501
11.502
11.503
11.504
11.505
11.506
11.507
11.508
11.509
11.51
11.511
11.512
11.513
11.514
11.515
11.516
11.517
11.518
11.519
11.52
11.521
11.522
11.523
11.524
11.525
11.526
11.527
11.528
11.529
11.53
11.531
11.532
11.533
11.534
11.535
11.536
11.537
11.538
11.539
11.54
11.541
11.542
11.543
11.544
11.545
11.546
11.547
11.548
11.549
11.55
11.551
11.552
11.553
11.554
11.555
11.556
11.557
11.558
11.559
11.56
11.561
11.562
11.563
11.564
11.565
11.566
11.567
11.568
11.569
11.57
11.571
11.572
11.573
11.574
11.575
11.576
11.577
11.578
11.579
11.58
11.581
11.582
11.583
11.584
11.585
11.586
11.587
11.588
11.589
11.59
11.591
11.592
11.593
11.594
11.595
11.596
11.597
11.598
11.599
11.6
11.601
11.602
11.603
11.604
11.605
11.606
11.607
11.608
11.609
11.61
11.611
11.612
11.613
11.614
11.615
11.616
11.617
11.618
11.619
11.62
11.621
11.622
11.623
11.624
11.625
11.626
11.627
11.628
11.629
11.63
11.631
11.632
11.633
11.634
11.635
11.636
11.637
11.638
11.639
11.64
11.641
11.642
11.643
11.644
11.645
11.646
11.647
11.648
11.649
11.65
11.651
11.652
11.653
11.654
11.655
11.656
11.657
11.658
11.659
11.66
11.661
11.662
11.663
11.664
11.665
11.666
11.667
11.668
11.669
11.67
11.671
11.672
11.673
11.674
11.675
11.676
11.677
11.678
11.679
11.68
11.681
11.682
11.683
11.684
11.685
11.686
11.687
11.688
11.689
11.69
11.691
11.692
11.693
11.694
11.695
11.696
11.697
11.698
11.699
11.7
11.701
11.702
11.703
11.704
11.705
11.706
11.707
11.708
11.709
11.71
11.711
11.712
11.713
11.714
11.715
11.716
11.717
11.718
11.719
11.72
11.721
11.722
11.723
11.724
11.725
11.726
11.727
11.728
11.729
11.73
11.731
11.732
11.733
11.734
11.735
11.736
11.737
11.738
11.739
11.74
11.741
11.742
11.743
11.744
11.745
11.746
11.747
11.748
11.749
11.75
11.751
11.752
11.753
11.754
11.755
11.756
11.757
11.758
11.759
11.76
11.761
11.762
11.763
11.764
11.765
11.766
11.767
11.768
11.769
11.77
11.771
11.772
11.773
11.774
11.775
11.776
11.777
11.778
11.779
11.78
11.781
11.782
11.783
11.784
11.785
11.786
11.787
11.788
11.789
11.79
11.791
11.792
11.793
11.794
11.795
11.796
11.797
11.798
11.799
11.8
11.801
11.802
11.803
11.804
11.805
11.806
11.807
11.808
11.809
11.81
11.811
11.812
11.813
11.814
11.815
11.816
11.817
11.818
11.819
11.82
11.821
11.822
11.823
11.824
11.825
11.826
11.827
11.828
11.829
11.83
11.831
11.832
11.833
11.834
11.835
11.836
11.837
11.838
11.839
11.84
11.841
11.842
11.843
11.844
11.845
11.846
11.847
11.848
11.849
11.85
11.851
11.852
11.853
11.854
11.855
11.856
11.857
11.858
11.859
11.86
11.861
11.862
11.863
11.864
11.865
11.866
11.867
11.868
11.869
11.87
11.871
11.872
11.873
11.874
11.875
11.876
11.877
11.878
11.879
11.88
11.881
11.882
11.883
11.884
11.885
11.886
11.887
11.888
11.889
11.89
11.891
11.892
11.893
11.894
11.895
11.896
11.897
11.898
11.899
11.9
11.901
11.902
11.903
11.904
11.905
11.906
11.907
11.908
11.909
11.91
11.911
11.912
11.913
11.914
11.915
11.916
11.917
11.918
11.919
11.92
11.921
11.922
11.923
11.924
11.925
11.926
11.927
11.928
11.929
11.93
11.931
11.932
11.933
11.934
11.935
11.936
11.937
11.938
11.939
11.94
11.941
11.942
11.943
11.944
11.945
11.946
11.947
11.948
11.949
11.95
11.951
11.952
11.953
11.954
11.955
11.956
11.957
11.958
11.959
11.96
11.961
11.962
11.963
11.964
11.965
11.966
11.967
11.968
11.969
11.97
11.971
11.972
11.973
11.974
11.975
11.976
11.977
11.978
11.979
11.98
11.981
11.982
11.983
11.984
11.985
11.986
11.987
11.988
11.989
11.99
11.991
11.992
11.993
11.994
11.995
11.996
11.997
11.998
11.999
12
12.001
12.002
12.003
12.004
12.005
12.006
12.007
12.008
12.009
12.01
12.011
12.012
12.013
12.014
12.015
12.016
12.017
12.018
12.019
12.02
12.021
12.022
12.023
12.024
12.025
12.026
12.027
12.028
12.029
12.03
12.031
12.032
12.033
12.034
12.035
12.036
12.037
12.038
12.039
12.04
12.041
12.042
12.043
12.044
12.045
12.046
12.047
12.048
12.049
12.05
12.051
12.052
12.053
12.054
12.055
12.056
12.057
12.058
12.059
12.06
12.061
12.062
12.063
12.064
12.065
12.066
12.067
12.068
12.069
12.07
12.071
12.072
12.073
12.074
12.075
12.076
12.077
12.078
12.079
12.08
12.081
12.082
12.083
12.084
12.085
12.086
12.087
12.088
12.089
12.09
12.091
12.092
12.093
12.094
12.095
12.096
12.097
12.098
12.099
12.1
12.101
12.102
12.103
12.104
12.105
12.106
12.107
12.108
12.109
12.11
12.111
12.112
12.113
12.114
12.115
12.116
12.117
12.118
12.119
12.12
12.121
12.122
12.123
12.124
12.125
12.126
12.127
12.128
12.129
12.13
12.131
12.132
12.133
12.134
12.135
12.136
12.137
12.138
12.139
12.14
12.141
12.142
12.143
12.144
12.145
12.146
12.147
12.148
12.149
12.15
12.151
12.152
12.153
12.154
12.155
12.156
12.157
12.158
12.159
12.16
12.161
12.162
12.163
12.164
12.165
12.166
12.167
12.168
12.169
12.17
12.171
12.172
12.173
12.174
12.175
12.176
12.177
12.178
12.179
12.18
12.181
12.182
12.183
12.184
12.185
12.186
12.187
12.188
12.189
12.19
12.191
12.192
12.193
12.194
12.195
12.196
12.197
12.198
12.199
12.2
12.201
12.202
12.203
12.204
12.205
12.206
12.207
12.208
12.209
12.21
12.211
12.212
12.213
12.214
12.215
12.216
12.217
12.218
12.219
12.22
12.221
12.222
12.223
12.224
12.225
12.226
12.227
12.228
12.229
12.23
12.231
12.232
12.233
12.234
12.235
12.236
12.237
12.238
12.239
12.24
12.241
12.242
12.243
12.244
12.245
12.246
12.247
12.248
12.249
12.25
12.251
12.252
12.253
12.254
12.255
12.256
12.257
12.258
12.259
12.26
12.261
12.262
12.263
12.264
12.265
12.266
12.267
12.268
12.269
12.27
12.271
12.272
12.273
12.274
12.275
12.276
12.277
12.278
12.279
12.28
12.281
12.282
12.283
12.284
12.285
12.286
12.287
12.288
12.289
12.29
12.291
12.292
12.293
12.294
12.295
12.296
12.297
12.298
12.299
12.3
12.301
12.302
12.303
12.304
12.305
12.306
12.307
12.308
12.309
12.31
12.311
12.312
12.313
12.314
12.315
12.316
12.317
12.318
12.319
12.32
12.321
12.322
12.323
12.324
12.325
12.326
12.327
12.328
12.329
12.33
12.331
12.332
12.333
12.334
12.335
12.336
12.337
12.338
12.339
12.34
12.341
12.342
12.343
12.344
12.345
12.346
12.347
12.348
12.349
12.35
12.351
12.352
12.353
12.354
12.355
12.356
12.357
12.358
12.359
12.36
12.361
12.362
12.363
12.364
12.365
12.366
12.367
12.368
12.369
12.37
12.371
12.372
12.373
12.374
12.375
12.376
12.377
12.378
12.379
12.38
12.381
12.382
12.383
12.384
12.385
12.386
12.387
12.388
12.389
12.39
12.391
12.392
12.393
12.394
12.395
12.396
12.397
12.398
12.399
12.4
12.401
12.402
12.403
12.404
12.405
12.406
12.407
12.408
12.409
12.41
12.411
12.412
12.413
12.414
12.415
12.416
12.417
12.418
12.419
12.42
12.421
12.422
12.423
12.424
12.425
12.426
12.427
12.428
12.429
12.43
12.431
12.432
12.433
12.434
12.435
12.436
12.437
12.438
12.439
12.44
12.441
12.442
12.443
12.444
12.445
12.446
12.447
12.448
12.449
12.45
12.451
12.452
12.453
12.454
12.455
12.456
12.457
12.458
12.459
12.46
12.461
12.462
12.463
12.464
12.465
12.466
12.467
12.468
12.469
12.47
12.471
12.472
12.473
12.474
12.475
12.476
12.477
12.478
12.479
12.48
12.481
12.482
12.483
12.484
12.485
12.486
12.487
12.488
12.489
12.49
12.491
12.492
12.493
12.494
12.495
12.496
12.497
12.498
12.499
12.5
12.501
12.502
12.503
12.504
12.505
12.506
12.507
12.508
12.509
12.51
12.511
12.512
12.513
12.514
12.515
12.516
12.517
12.518
12.519
12.52
12.521
12.522
12.523
12.524
12.525
12.526
12.527
12.528
12.529
12.53
12.531
12.532
12.533
12.534
12.535
12.536
12.537
12.538
12.539
12.54
12.541
12.542
12.543
12.544
12.545
12.546
12.547
12.548
12.549
12.55
12.551
12.552
12.553
12.554
12.555
12.556
12.557
12.558
12.559
12.56
12.561
12.562
12.563
12.564
12.565
12.566
12.567
12.568
12.569
12.57
12.571
12.572
12.573
12.574
12.575
12.576
12.577
12.578
12.579
12.58
12.581
12.582
12.583
12.584
12.585
12.586
12.587
12.588
12.589
12.59
12.591
12.592
12.593
12.594
12.595
12.596
12.597
12.598
12.599
12.6
12.601
12.602
12.603
12.604
12.605
12.606
12.607
12.608
12.609
12.61
12.611
12.612
12.613
12.614
12.615
12.616
12.617
12.618
12.619
12.62
12.621
12.622
12.623
12.624
12.625
12.626
12.627
12.628
12.629
12.63
12.631
12.632
12.633
12.634
12.635
12.636
12.637
12.638
12.639
12.64
12.641
12.642
12.643
12.644
12.645
12.646
12.647
12.648
12.649
12.65
12.651
12.652
12.653
12.654
12.655
12.656
12.657
12.658
12.659
12.66
12.661
12.662
12.663
12.664
12.665
12.666
12.667
12.668
12.669
12.67
12.671
12.672
12.673
12.674
12.675
12.676
12.677
12.678
12.679
12.68
12.681
12.682
12.683
12.684
12.685
12.686
12.687
12.688
12.689
12.69
12.691
12.692
12.693
12.694
12.695
12.696
12.697
12.698
12.699
12.7
12.701
12.702
12.703
12.704
12.705
12.706
12.707
12.708
12.709
12.71
12.711
12.712
12.713
12.714
12.715
12.716
12.717
12.718
12.719
12.72
12.721
12.722
12.723
12.724
12.725
12.726
12.727
12.728
12.729
12.73
12.731
12.732
12.733
12.734
12.735
12.736
12.737
12.738
12.739
12.74
12.741
12.742
12.743
12.744
12.745
12.746
12.747
12.748
12.749
12.75
12.751
12.752
12.753
12.754
12.755
12.756
12.757
12.758
12.759
12.76
12.761
12.762
12.763
12.764
12.765
12.766
12.767
12.768
12.769
12.77
12.771
12.772
12.773
12.774
12.775
12.776
12.777
12.778
12.779
12.78
12.781
12.782
12.783
12.784
12.785
12.786
12.787
12.788
12.789
12.79
12.791
12.792
12.793
12.794
12.795
12.796
12.797
12.798
12.799
12.8
12.801
12.802
12.803
12.804
12.805
12.806
12.807
12.808
12.809
12.81
12.811
12.812
12.813
12.814
12.815
12.816
12.817
12.818
12.819
12.82
12.821
12.822
12.823
12.824
12.825
12.826
12.827
12.828
12.829
12.83
12.831
12.832
12.833
12.834
12.835
12.836
12.837
12.838
12.839
12.84
12.841
12.842
12.843
12.844
12.845
12.846
12.847
12.848
12.849
12.85
12.851
12.852
12.853
12.854
12.855
12.856
12.857
12.858
12.859
12.86
12.861
12.862
12.863
12.864
12.865
12.866
12.867
12.868
12.869
12.87
12.871
12.872
12.873
12.874
12.875
12.876
12.877
12.878
12.879
12.88
12.881
12.882
12.883
12.884
12.885
12.886
12.887
12.888
12.889
12.89
12.891
12.892
12.893
12.894
12.895
12.896
12.897
12.898
12.899
12.9
12.901
12.902
12.903
12.904
12.905
12.906
12.907
12.908
12.909
12.91
12.911
12.912
12.913
12.914
12.915
12.916
12.917
12.918
12.919
12.92
12.921
12.922
12.923
12.924
12.925
12.926
12.927
12.928
12.929
12.93
12.931
12.932
12.933
12.934
12.935
12.936
12.937
12.938
12.939
12.94
12.941
12.942
12.943
12.944
12.945
12.946
12.947
12.948
12.949
12.95
12.951
12.952
12.953
12.954
12.955
12.956
12.957
12.958
12.959
12.96
12.961
12.962
12.963
12.964
12.965
12.966
12.967
12.968
12.969
12.97
12.971
12.972
12.973
12.974
12.975
12.976
12.977
12.978
12.979
12.98
12.981
12.982
12.983
12.984
12.985
12.986
12.987
12.988
12.989
12.99
12.991
12.992
12.993
12.994
12.995
12.996
12.997
12.998
12.999
13
13.001
13.002
13.003
13.004
13.005
13.006
13.007
13.008
13.009
13.01
13.011
13.012
13.013
13.014
13.015
13.016
13.017
13.018
13.019
13.02
13.021
13.022
13.023
13.024
13.025
13.026
13.027
13.028
13.029
13.03
13.031
13.032
13.033
13.034
13.035
13.036
13.037
13.038
13.039
13.04
13.041
13.042
13.043
13.044
13.045
13.046
13.047
13.048
13.049
13.05
13.051
13.052
13.053
13.054
13.055
13.056
13.057
13.058
13.059
13.06
13.061
13.062
13.063
13.064
13.065
13.066
13.067
13.068
13.069
13.07
13.071
13.072
13.073
13.074
13.075
13.076
13.077
13.078
13.079
13.08
13.081
13.082
13.083
13.084
13.085
13.086
13.087
13.088
13.089
13.09
13.091
13.092
13.093
13.094
13.095
13.096
13.097
13.098
13.099
13.1
13.101
13.102
13.103
13.104
13.105
13.106
13.107
13.108
13.109
13.11
13.111
13.112
13.113
13.114
13.115
13.116
13.117
13.118
13.119
13.12
13.121
13.122
13.123
13.124
13.125
13.126
13.127
13.128
13.129
13.13
13.131
13.132
13.133
13.134
13.135
13.136
13.137
13.138
13.139
13.14
13.141
13.142
13.143
13.144
13.145
13.146
13.147
13.148
13.149
13.15
13.151
13.152
13.153
13.154
13.155
13.156
13.157
13.158
13.159
13.16
13.161
13.162
13.163
13.164
13.165
13.166
13.167
13.168
13.169
13.17
13.171
13.172
13.173
13.174
13.175
13.176
13.177
13.178
13.179
13.18
13.181
13.182
13.183
13.184
13.185
13.186
13.187
13.188
13.189
13.19
13.191
13.192
13.193
13.194
13.195
13.196
13.197
13.198
13.199
13.2
13.201
13.202
13.203
13.204
13.205
13.206
13.207
13.208
13.209
13.21
13.211
13.212
13.213
13.214
13.215
13.216
13.217
13.218
13.219
13.22
13.221
13.222
13.223
13.224
13.225
13.226
13.227
13.228
13.229
13.23
13.231
13.232
13.233
13.234
13.235
13.236
13.237
13.238
13.239
13.24
13.241
13.242
13.243
13.244
13.245
13.246
13.247
13.248
13.249
13.25
13.251
13.252
13.253
13.254
13.255
13.256
13.257
13.258
13.259
13.26
13.261
13.262
13.263
13.264
13.265
13.266
13.267
13.268
13.269
13.27
13.271
13.272
13.273
13.274
13.275
13.276
13.277
13.278
13.279
13.28
13.281
13.282
13.283
13.284
13.285
13.286
13.287
13.288
13.289
13.29
13.291
13.292
13.293
13.294
13.295
13.296
13.297
13.298
13.299
13.3
13.301
13.302
13.303
13.304
13.305
13.306
13.307
13.308
13.309
13.31
13.311
13.312
13.313
13.314
13.315
13.316
13.317
13.318
13.319
13.32
13.321
13.322
13.323
13.324
13.325
13.326
13.327
13.328
13.329
13.33
13.331
13.332
13.333
13.334
13.335
13.336
13.337
13.338
13.339
13.34
13.341
13.342
13.343
13.344
13.345
13.346
13.347
13.348
13.349
13.35
13.351
13.352
13.353
13.354
13.355
13.356
13.357
13.358
13.359
13.36
13.361
13.362
13.363
13.364
13.365
13.366
13.367
13.368
13.369
13.37
13.371
13.372
13.373
13.374
13.375
13.376
13.377
13.378
13.379
13.38
13.381
13.382
13.383
13.384
13.385
13.386
13.387
13.388
13.389
13.39
13.391
13.392
13.393
13.394
13.395
13.396
13.397
13.398
13.399
13.4
13.401
13.402
13.403
13.404
13.405
13.406
13.407
13.408
13.409
13.41
13.411
13.412
13.413
13.414
13.415
13.416
13.417
13.418
13.419
13.42
13.421
13.422
13.423
13.424
13.425
13.426
13.427
13.428
13.429
13.43
13.431
13.432
13.433
13.434
13.435
13.436
13.437
13.438
13.439
13.44
13.441
13.442
13.443
13.444
13.445
13.446
13.447
13.448
13.449
13.45
13.451
13.452
13.453
13.454
13.455
13.456
13.457
13.458
13.459
13.46
13.461
13.462
13.463
13.464
13.465
13.466
13.467
13.468
13.469
13.47
13.471
13.472
13.473
13.474
13.475
13.476
13.477
13.478
13.479
13.48
13.481
13.482
13.483
13.484
13.485
13.486
13.487
13.488
13.489
13.49
13.491
13.492
13.493
13.494
13.495
13.496
13.497
13.498
13.499
13.5
13.501
13.502
13.503
13.504
13.505
13.506
13.507
13.508
13.509
13.51
13.511
13.512
13.513
13.514
13.515
13.516
13.517
13.518
13.519
13.52
13.521
13.522
13.523
13.524
13.525
13.526
13.527
13.528
13.529
13.53
13.531
13.532
13.533
13.534
13.535
13.536
13.537
13.538
13.539
13.54
13.541
13.542
13.543
13.544
13.545
13.546
13.547
13.548
13.549
13.55
13.551
13.552
13.553
13.554
13.555
13.556
13.557
13.558
13.559
13.56
13.561
13.562
13.563
13.564
13.565
13.566
13.567
13.568
13.569
13.57
13.571
13.572
13.573
13.574
13.575
13.576
13.577
13.578
13.579
13.58
13.581
13.582
13.583
13.584
13.585
13.586
13.587
13.588
13.589
13.59
13.591
13.592
13.593
13.594
13.595
13.596
13.597
13.598
13.599
13.6
13.601
13.602
13.603
13.604
13.605
13.606
13.607
13.608
13.609
13.61
13.611
13.612
13.613
13.614
13.615
13.616
13.617
13.618
13.619
13.62
13.621
13.622
13.623
13.624
13.625
13.626
13.627
13.628
13.629
13.63
13.631
13.632
13.633
13.634
13.635
13.636
13.637
13.638
13.639
13.64
13.641
13.642
13.643
13.644
13.645
13.646
13.647
13.648
13.649
13.65
13.651
13.652
13.653
13.654
13.655
13.656
13.657
13.658
13.659
13.66
13.661
13.662
13.663
13.664
13.665
13.666
13.667
13.668
13.669
13.67
13.671
13.672
13.673
13.674
13.675
13.676
13.677
13.678
13.679
13.68
13.681
13.682
13.683
13.684
13.685
13.686
13.687
13.688
13.689
13.69
13.691
13.692
13.693
13.694
13.695
13.696
13.697
13.698
13.699
13.7
13.701
13.702
13.703
13.704
13.705
13.706
13.707
13.708
13.709
13.71
13.711
13.712
13.713
13.714
13.715
13.716
13.717
13.718
13.719
13.72
13.721
13.722
13.723
13.724
13.725
13.726
13.727
13.728
13.729
13.73
13.731
13.732
13.733
13.734
13.735
13.736
13.737
13.738
13.739
13.74
13.741
13.742
13.743
13.744
13.745
13.746
13.747
13.748
13.749
13.75
13.751
13.752
13.753
13.754
13.755
13.756
13.757
13.758
13.759
13.76
13.761
13.762
13.763
13.764
13.765
13.766
13.767
13.768
13.769
13.77
13.771
13.772
13.773
13.774
13.775
13.776
13.777
13.778
13.779
13.78
13.781
13.782
13.783
13.784
13.785
13.786
13.787
13.788
13.789
13.79
13.791
13.792
13.793
13.794
13.795
13.796
13.797
13.798
13.799
13.8
13.801
13.802
13.803
13.804
13.805
13.806
13.807
13.808
13.809
13.81
13.811
13.812
13.813
13.814
13.815
13.816
13.817
13.818
13.819
13.82
13.821
13.822
13.823
13.824
13.825
13.826
13.827
13.828
13.829
13.83
13.831
13.832
13.833
13.834
13.835
13.836
13.837
13.838
13.839
13.84
13.841
13.842
13.843
13.844
13.845
13.846
13.847
13.848
13.849
13.85
13.851
13.852
13.853
13.854
13.855
13.856
13.857
13.858
13.859
13.86
13.861
13.862
13.863
13.864
13.865
13.866
13.867
13.868
13.869
13.87
13.871
13.872
13.873
13.874
13.875
13.876
13.877
13.878
13.879
13.88
13.881
13.882
13.883
13.884
13.885
13.886
13.887
13.888
13.889
13.89
13.891
13.892
13.893
13.894
13.895
13.896
13.897
13.898
13.899
13.9
13.901
13.902
13.903
13.904
13.905
13.906
13.907
13.908
13.909
13.91
13.911
13.912
13.913
13.914
13.915
13.916
13.917
13.918
13.919
13.92
13.921
13.922
13.923
13.924
13.925
13.926
13.927
13.928
13.929
13.93
13.931
13.932
13.933
13.934
13.935
13.936
13.937
13.938
13.939
13.94
13.941
13.942
13.943
13.944
13.945
13.946
13.947
13.948
13.949
13.95
13.951
13.952
13.953
13.954
13.955
13.956
13.957
13.958
13.959
13.96
13.961
13.962
13.963
13.964
13.965
13.966
13.967
13.968
13.969
13.97
13.971
13.972
13.973
13.974
13.975
13.976
13.977
13.978
13.979
13.98
13.981
13.982
13.983
13.984
13.985
13.986
13.987
13.988
13.989
13.99
13.991
13.992
13.993
13.994
13.995
13.996
13.997
13.998
13.999
14
14.001
14.002
14.003
14.004
14.005
14.006
14.007
14.008
14.009
14.01
14.011
14.012
14.013
14.014
14.015
14.016
14.017
14.018
14.019
14.02
14.021
14.022
14.023
14.024
14.025
14.026
14.027
14.028
14.029
14.03
14.031
14.032
14.033
14.034
14.035
14.036
14.037
14.038
14.039
14.04
14.041
14.042
14.043
14.044
14.045
14.046
14.047
14.048
14.049
14.05
14.051
14.052
14.053
14.054
14.055
14.056
14.057
14.058
14.059
14.06
14.061
14.062
14.063
14.064
14.065
14.066
14.067
14.068
14.069
14.07
14.071
14.072
14.073
14.074
14.075
14.076
14.077
14.078
14.079
14.08
14.081
14.082
14.083
14.084
14.085
14.086
14.087
14.088
14.089
14.09
14.091
14.092
14.093
14.094
14.095
14.096
14.097
14.098
14.099
14.1
14.101
14.102
14.103
14.104
14.105
14.106
14.107
14.108
14.109
14.11
14.111
14.112
14.113
14.114
14.115
14.116
14.117
14.118
14.119
14.12
14.121
14.122
14.123
14.124
14.125
14.126
14.127
14.128
14.129
14.13
14.131
14.132
14.133
14.134
14.135
14.136
14.137
14.138
14.139
14.14
14.141
14.142
14.143
14.144
14.145
14.146
14.147
14.148
14.149
14.15
14.151
14.152
14.153
14.154
14.155
14.156
14.157
14.158
14.159
14.16
14.161
14.162
14.163
14.164
14.165
14.166
14.167
14.168
14.169
14.17
14.171
14.172
14.173
14.174
14.175
14.176
14.177
14.178
14.179
14.18
14.181
14.182
14.183
14.184
14.185
14.186
14.187
14.188
14.189
14.19
14.191
14.192
14.193
14.194
14.195
14.196
14.197
14.198
14.199
14.2
14.201
14.202
14.203
14.204
14.205
14.206
14.207
14.208
14.209
14.21
14.211
14.212
14.213
14.214
14.215
14.216
14.217
14.218
14.219
14.22
14.221
14.222
14.223
14.224
14.225
14.226
14.227
14.228
14.229
14.23
14.231
14.232
14.233
14.234
14.235
14.236
14.237
14.238
14.239
14.24
14.241
14.242
14.243
14.244
14.245
14.246
14.247
14.248
14.249
14.25
14.251
14.252
14.253
14.254
14.255
14.256
14.257
14.258
14.259
14.26
14.261
14.262
14.263
14.264
14.265
14.266
14.267
14.268
14.269
14.27
14.271
14.272
14.273
14.274
14.275
14.276
14.277
14.278
14.279
14.28
14.281
14.282
14.283
14.284
14.285
14.286
14.287
14.288
14.289
14.29
14.291
14.292
14.293
14.294
14.295
14.296
14.297
14.298
14.299
14.3
14.301
14.302
14.303
14.304
14.305
14.306
14.307
14.308
14.309
14.31
14.311
14.312
14.313
14.314
14.315
14.316
14.317
14.318
14.319
14.32
14.321
14.322
14.323
14.324
14.325
14.326
14.327
14.328
14.329
14.33
14.331
14.332
14.333
14.334
14.335
14.336
14.337
14.338
14.339
14.34
14.341
14.342
14.343
14.344
14.345
14.346
14.347
14.348
14.349
14.35
14.351
14.352
14.353
14.354
14.355
14.356
14.357
14.358
14.359
14.36
14.361
14.362
14.363
14.364
14.365
14.366
14.367
14.368
14.369
14.37
14.371
14.372
14.373
14.374
14.375
14.376
14.377
14.378
14.379
14.38
14.381
14.382
14.383
14.384
14.385
14.386
14.387
14.388
14.389
14.39
14.391
14.392
14.393
14.394
14.395
14.396
14.397
14.398
14.399
14.4
14.401
14.402
14.403
14.404
14.405
14.406
14.407
14.408
14.409
14.41
14.411
14.412
14.413
14.414
14.415
14.416
14.417
14.418
14.419
14.42
14.421
14.422
14.423
14.424
14.425
14.426
14.427
14.428
14.429
14.43
14.431
14.432
14.433
14.434
14.435
14.436
14.437
14.438
14.439
14.44
14.441
14.442
14.443
14.444
14.445
14.446
14.447
14.448
14.449
14.45
14.451
14.452
14.453
14.454
14.455
14.456
14.457
14.458
14.459
14.46
14.461
14.462
14.463
14.464
14.465
14.466
14.467
14.468
14.469
14.47
14.471
14.472
14.473
14.474
14.475
14.476
14.477
14.478
14.479
14.48
14.481
14.482
14.483
14.484
14.485
14.486
14.487
14.488
14.489
14.49
14.491
14.492
14.493
14.494
14.495
14.496
14.497
14.498
14.499
14.5
14.501
14.502
14.503
14.504
14.505
14.506
14.507
14.508
14.509
14.51
14.511
14.512
14.513
14.514
14.515
14.516
14.517
14.518
14.519
14.52
14.521
14.522
14.523
14.524
14.525
14.526
14.527
14.528
14.529
14.53
14.531
14.532
14.533
14.534
14.535
14.536
14.537
14.538
14.539
14.54
14.541
14.542
14.543
14.544
14.545
14.546
14.547
14.548
14.549
14.55
14.551
14.552
14.553
14.554
14.555
14.556
14.557
14.558
14.559
14.56
14.561
14.562
14.563
14.564
14.565
14.566
14.567
14.568
14.569
14.57
14.571
14.572
14.573
14.574
14.575
14.576
14.577
14.578
14.579
14.58
14.581
14.582
14.583
14.584
14.585
14.586
14.587
14.588
14.589
14.59
14.591
14.592
14.593
14.594
14.595
14.596
14.597
14.598
14.599
14.6
14.601
14.602
14.603
14.604
14.605
14.606
14.607
14.608
14.609
14.61
14.611
14.612
14.613
14.614
14.615
14.616
14.617
14.618
14.619
14.62
14.621
14.622
14.623
14.624
14.625
14.626
14.627
14.628
14.629
14.63
14.631
14.632
14.633
14.634
14.635
14.636
14.637
14.638
14.639
14.64
14.641
14.642
14.643
14.644
14.645
14.646
14.647
14.648
14.649
14.65
14.651
14.652
14.653
14.654
14.655
14.656
14.657
14.658
14.659
14.66
14.661
14.662
14.663
14.664
14.665
14.666
14.667
14.668
14.669
14.67
14.671
14.672
14.673
14.674
14.675
14.676
14.677
14.678
14.679
14.68
14.681
14.682
14.683
14.684
14.685
14.686
14.687
14.688
14.689
14.69
14.691
14.692
14.693
14.694
14.695
14.696
14.697
14.698
14.699
14.7
14.701
14.702
14.703
14.704
14.705
14.706
14.707
14.708
14.709
14.71
14.711
14.712
14.713
14.714
14.715
14.716
14.717
14.718
14.719
14.72
14.721
14.722
14.723
14.724
14.725
14.726
14.727
14.728
14.729
14.73
14.731
14.732
14.733
14.734
14.735
14.736
14.737
14.738
14.739
14.74
14.741
14.742
14.743
14.744
14.745
14.746
14.747
14.748
14.749
14.75
14.751
14.752
14.753
14.754
14.755
14.756
14.757
14.758
14.759
14.76
14.761
14.762
14.763
14.764
14.765
14.766
14.767
14.768
14.769
14.77
14.771
14.772
14.773
14.774
14.775
14.776
14.777
14.778
14.779
14.78
14.781
14.782
14.783
14.784
14.785
14.786
14.787
14.788
14.789
14.79
14.791
14.792
14.793
14.794
14.795
14.796
14.797
14.798
14.799
14.8
14.801
14.802
14.803
14.804
14.805
14.806
14.807
14.808
14.809
14.81
14.811
14.812
14.813
14.814
14.815
14.816
14.817
14.818
14.819
14.82
14.821
14.822
14.823
14.824
14.825
14.826
14.827
14.828
14.829
14.83
14.831
14.832
14.833
14.834
14.835
14.836
14.837
14.838
14.839
14.84
14.841
14.842
14.843
14.844
14.845
14.846
14.847
14.848
14.849
14.85
14.851
14.852
14.853
14.854
14.855
14.856
14.857
14.858
14.859
14.86
14.861
14.862
14.863
14.864
14.865
14.866
14.867
14.868
14.869
14.87
14.871
14.872
14.873
14.874
14.875
14.876
14.877
14.878
14.879
14.88
14.881
14.882
14.883
14.884
14.885
14.886
14.887
14.888
14.889
14.89
14.891
14.892
14.893
14.894
14.895
14.896
14.897
14.898
14.899
14.9
14.901
14.902
14.903
14.904
14.905
14.906
14.907
14.908
14.909
14.91
14.911
14.912
14.913
14.914
14.915
14.916
14.917
14.918
14.919
14.92
14.921
14.922
14.923
14.924
14.925
14.926
14.927
14.928
14.929
14.93
14.931
14.932
14.933
14.934
14.935
14.936
14.937
14.938
14.939
14.94
14.941
14.942
14.943
14.944
14.945
14.946
14.947
14.948
14.949
14.95
14.951
14.952
14.953
14.954
14.955
14.956
14.957
14.958
14.959
14.96
14.961
14.962
14.963
14.964
14.965
14.966
14.967
14.968
14.969
14.97
14.971
14.972
14.973
14.974
14.975
14.976
14.977
14.978
14.979
14.98
14.981
14.982
14.983
14.984
14.985
14.986
14.987
14.988
14.989
14.99
14.991
14.992
14.993
14.994
14.995
14.996
14.997
14.998
14.999
15
15.001
15.002
15.003
15.004
15.005
15.006
15.007
15.008
15.009
15.01
15.011
15.012
15.013
15.014
15.015
15.016
15.017
15.018
15.019
15.02
15.021
15.022
15.023
15.024
15.025
15.026
15.027
15.028
15.029
15.03
15.031
15.032
15.033
15.034
15.035
15.036
15.037
15.038
15.039
15.04
15.041
15.042
15.043
15.044
15.045
15.046
15.047
15.048
15.049
15.05
15.051
15.052
15.053
15.054
15.055
15.056
15.057
15.058
15.059
15.06
15.061
15.062
15.063
15.064
15.065
15.066
15.067
15.068
15.069
15.07
15.071
15.072
15.073
15.074
15.075
15.076
15.077
15.078
15.079
15.08
15.081
15.082
15.083
15.084
15.085
15.086
15.087
15.088
15.089
15.09
15.091
15.092
15.093
15.094
15.095
15.096
15.097
15.098
15.099
15.1
15.101
15.102
15.103
15.104
15.105
15.106
15.107
15.108
15.109
15.11
15.111
15.112
15.113
15.114
15.115
15.116
15.117
15.118
15.119
15.12
15.121
15.122
15.123
15.124
15.125
15.126
15.127
15.128
15.129
15.13
15.131
15.132
15.133
15.134
15.135
15.136
15.137
15.138
15.139
15.14
15.141
15.142
15.143
15.144
15.145
15.146
15.147
15.148
15.149
15.15
15.151
15.152
15.153
15.154
15.155
15.156
15.157
15.158
15.159
15.16
15.161
15.162
15.163
15.164
15.165
15.166
15.167
15.168
15.169
15.17
15.171
15.172
15.173
15.174
15.175
15.176
15.177
15.178
15.179
15.18
15.181
15.182
15.183
15.184
15.185
15.186
15.187
15.188
15.189
15.19
15.191
15.192
15.193
15.194
15.195
15.196
15.197
15.198
15.199
15.2
15.201
15.202
15.203
15.204
15.205
15.206
15.207
15.208
15.209
15.21
15.211
15.212
15.213
15.214
15.215
15.216
15.217
15.218
15.219
15.22
15.221
15.222
15.223
15.224
15.225
15.226
15.227
15.228
15.229
15.23
15.231
15.232
15.233
15.234
15.235
15.236
15.237
15.238
15.239
15.24
15.241
15.242
15.243
15.244
15.245
15.246
15.247
15.248
15.249
15.25
15.251
15.252
15.253
15.254
15.255
15.256
15.257
15.258
15.259
15.26
15.261
15.262
15.263
15.264
15.265
15.266
15.267
15.268
15.269
15.27
15.271
15.272
15.273
15.274
15.275
15.276
15.277
15.278
15.279
15.28
15.281
15.282
15.283
15.284
15.285
15.286
15.287
15.288
15.289
15.29
15.291
15.292
15.293
15.294
15.295
15.296
15.297
15.298
15.299
15.3
15.301
15.302
15.303
15.304
15.305
15.306
15.307
15.308
15.309
15.31
15.311
15.312
15.313
15.314
15.315
15.316
15.317
15.318
15.319
15.32
15.321
15.322
15.323
15.324
15.325
15.326
15.327
15.328
15.329
15.33
15.331
15.332
15.333
15.334
15.335
15.336
15.337
15.338
15.339
15.34
15.341
15.342
15.343
15.344
15.345
15.346
15.347
15.348
15.349
15.35
15.351
15.352
15.353
15.354
15.355
15.356
15.357
15.358
15.359
15.36
15.361
15.362
15.363
15.364
15.365
15.366
15.367
15.368
15.369
15.37
15.371
15.372
15.373
15.374
15.375
15.376
15.377
15.378
15.379
15.38
15.381
15.382
15.383
15.384
15.385
15.386
15.387
15.388
15.389
15.39
15.391
15.392
15.393
15.394
15.395
15.396
15.397
15.398
15.399
15.4
15.401
15.402
15.403
15.404
15.405
15.406
15.407
15.408
15.409
15.41
15.411
15.412
15.413
15.414
15.415
15.416
15.417
15.418
15.419
15.42
15.421
15.422
15.423
15.424
15.425
15.426
15.427
15.428
15.429
15.43
15.431
15.432
15.433
15.434
15.435
15.436
15.437
15.438
15.439
15.44
15.441
15.442
15.443
15.444
15.445
15.446
15.447
15.448
15.449
15.45
15.451
15.452
15.453
15.454
15.455
15.456
15.457
15.458
15.459
15.46
15.461
15.462
15.463
15.464
15.465
15.466
15.467
15.468
15.469
15.47
15.471
15.472
15.473
15.474
15.475
15.476
15.477
15.478
15.479
15.48
15.481
15.482
15.483
15.484
15.485
15.486
15.487
15.488
15.489
15.49
15.491
15.492
15.493
15.494
15.495
15.496
15.497
15.498
15.499
15.5
15.501
15.502
15.503
15.504
15.505
15.506
15.507
15.508
15.509
15.51
15.511
15.512
15.513
15.514
15.515
15.516
15.517
15.518
15.519
15.52
15.521
15.522
15.523
15.524
15.525
15.526
15.527
15.528
15.529
15.53
15.531
15.532
15.533
15.534
15.535
15.536
15.537
15.538
15.539
15.54
15.541
15.542
15.543
15.544
15.545
15.546
15.547
15.548
15.549
15.55
15.551
15.552
15.553
15.554
15.555
15.556
15.557
15.558
15.559
15.56
15.561
15.562
15.563
15.564
15.565
15.566
15.567
15.568
15.569
15.57
15.571
15.572
15.573
15.574
15.575
15.576
15.577
15.578
15.579
15.58
15.581
15.582
15.583
15.584
15.585
15.586
15.587
15.588
15.589
15.59
15.591
15.592
15.593
15.594
15.595
15.596
15.597
15.598
15.599
15.6
15.601
15.602
15.603
15.604
15.605
15.606
15.607
15.608
15.609
15.61
15.611
15.612
15.613
15.614
15.615
15.616
15.617
15.618
15.619
15.62
15.621
15.622
15.623
15.624
15.625
15.626
15.627
15.628
15.629
15.63
15.631
15.632
15.633
15.634
15.635
15.636
15.637
15.638
15.639
15.64
15.641
15.642
15.643
15.644
15.645
15.646
15.647
15.648
15.649
15.65
15.651
15.652
15.653
15.654
15.655
15.656
15.657
15.658
15.659
15.66
15.661
15.662
15.663
15.664
15.665
15.666
15.667
15.668
15.669
15.67
15.671
15.672
15.673
15.674
15.675
15.676
15.677
15.678
15.679
15.68
15.681
15.682
15.683
15.684
15.685
15.686
15.687
15.688
15.689
15.69
15.691
15.692
15.693
15.694
15.695
15.696
15.697
15.698
15.699
15.7
15.701
15.702
15.703
15.704
15.705
15.706
15.707
15.708
15.709
15.71
15.711
15.712
15.713
15.714
15.715
15.716
15.717
15.718
15.719
15.72
15.721
15.722
15.723
15.724
15.725
15.726
15.727
15.728
15.729
15.73
15.731
15.732
15.733
15.734
15.735
15.736
15.737
15.738
15.739
15.74
15.741
15.742
15.743
15.744
15.745
15.746
15.747
15.748
15.749
15.75
15.751
15.752
15.753
15.754
15.755
15.756
15.757
15.758
15.759
15.76
15.761
15.762
15.763
15.764
15.765
15.766
15.767
15.768
15.769
15.77
15.771
15.772
15.773
15.774
15.775
15.776
15.777
15.778
15.779
15.78
15.781
15.782
15.783
15.784
15.785
15.786
15.787
15.788
15.789
15.79
15.791
15.792
15.793
15.794
15.795
15.796
15.797
15.798
15.799
15.8
15.801
15.802
15.803
15.804
15.805
15.806
15.807
15.808
15.809
15.81
15.811
15.812
15.813
15.814
15.815
15.816
15.817
15.818
15.819
15.82
15.821
15.822
15.823
15.824
15.825
15.826
15.827
15.828
15.829
15.83
15.831
15.832
15.833
15.834
15.835
15.836
15.837
15.838
15.839
15.84
15.841
15.842
15.843
15.844
15.845
15.846
15.847
15.848
15.849
15.85
15.851
15.852
15.853
15.854
15.855
15.856
15.857
15.858
15.859
15.86
15.861
15.862
15.863
15.864
15.865
15.866
15.867
15.868
15.869
15.87
15.871
15.872
15.873
15.874
15.875
15.876
15.877
15.878
15.879
15.88
15.881
15.882
15.883
15.884
15.885
15.886
15.887
15.888
15.889
15.89
15.891
15.892
15.893
15.894
15.895
15.896
15.897
15.898
15.899
15.9
15.901
15.902
15.903
15.904
15.905
15.906
15.907
15.908
15.909
15.91
15.911
15.912
15.913
15.914
15.915
15.916
15.917
15.918
15.919
15.92
15.921
15.922
15.923
15.924
15.925
15.926
15.927
15.928
15.929
15.93
15.931
15.932
15.933
15.934
15.935
15.936
15.937
15.938
15.939
15.94
15.941
15.942
15.943
15.944
15.945
15.946
15.947
15.948
15.949
15.95
15.951
15.952
15.953
15.954
15.955
15.956
15.957
15.958
15.959
15.96
15.961
15.962
15.963
15.964
15.965
15.966
15.967
15.968
15.969
15.97
15.971
15.972
15.973
15.974
15.975
15.976
15.977
15.978
15.979
15.98
15.981
15.982
15.983
15.984
15.985
15.986
15.987
15.988
15.989
15.99
15.991
15.992
15.993
15.994
15.995
15.996
15.997
15.998
15.999
16
16.001
16.002
16.003
16.004
16.005
16.006
16.007
16.008
16.009
16.01
16.011
16.012
16.013
16.014
16.015
16.016
16.017
16.018
16.019
16.02
16.021
16.022
16.023
16.024
16.025
16.026
16.027
16.028
16.029
16.03
16.031
16.032
16.033
16.034
16.035
16.036
16.037
16.038
16.039
16.04
16.041
16.042
16.043
16.044
16.045
16.046
16.047
16.048
16.049
16.05
16.051
16.052
16.053
16.054
16.055
16.056
16.057
16.058
16.059
16.06
16.061
16.062
16.063
16.064
16.065
16.066
16.067
16.068
16.069
16.07
16.071
16.072
16.073
16.074
16.075
16.076
16.077
16.078
16.079
16.08
16.081
16.082
16.083
16.084
16.085
16.086
16.087
16.088
16.089
16.09
16.091
16.092
16.093
16.094
16.095
16.096
16.097
16.098
16.099
16.1
16.101
16.102
16.103
16.104
16.105
16.106
16.107
16.108
16.109
16.11
16.111
16.112
16.113
16.114
16.115
16.116
16.117
16.118
16.119
16.12
16.121
16.122
16.123
16.124
16.125
16.126
16.127
16.128
16.129
16.13
16.131
16.132
16.133
16.134
16.135
16.136
16.137
16.138
16.139
16.14
16.141
16.142
16.143
16.144
16.145
16.146
16.147
16.148
16.149
16.15
16.151
16.152
16.153
16.154
16.155
16.156
16.157
16.158
16.159
16.16
16.161
16.162
16.163
16.164
16.165
16.166
16.167
16.168
16.169
16.17
16.171
16.172
16.173
16.174
16.175
16.176
16.177
16.178
16.179
16.18
16.181
16.182
16.183
16.184
16.185
16.186
16.187
16.188
16.189
16.19
16.191
16.192
16.193
16.194
16.195
16.196
16.197
16.198
16.199
16.2
16.201
16.202
16.203
16.204
16.205
16.206
16.207
16.208
16.209
16.21
16.211
16.212
16.213
16.214
16.215
16.216
16.217
16.218
16.219
16.22
16.221
16.222
16.223
16.224
16.225
16.226
16.227
16.228
16.229
16.23
16.231
16.232
16.233
16.234
16.235
16.236
16.237
16.238
16.239
16.24
16.241
16.242
16.243
16.244
16.245
16.246
16.247
16.248
16.249
16.25
16.251
16.252
16.253
16.254
16.255
16.256
16.257
16.258
16.259
16.26
16.261
16.262
16.263
16.264
16.265
16.266
16.267
16.268
16.269
16.27
16.271
16.272
16.273
16.274
16.275
16.276
16.277
16.278
16.279
16.28
16.281
16.282
16.283
16.284
16.285
16.286
16.287
16.288
16.289
16.29
16.291
16.292
16.293
16.294
16.295
16.296
16.297
16.298
16.299
16.3
16.301
16.302
16.303
16.304
16.305
16.306
16.307
16.308
16.309
16.31
16.311
16.312
16.313
16.314
16.315
16.316
16.317
16.318
16.319
16.32
16.321
16.322
16.323
16.324
16.325
16.326
16.327
16.328
16.329
16.33
16.331
16.332
16.333
16.334
16.335
16.336
16.337
16.338
16.339
16.34
16.341
16.342
16.343
16.344
16.345
16.346
16.347
16.348
16.349
16.35
16.351
16.352
16.353
16.354
16.355
16.356
16.357
16.358
16.359
16.36
16.361
16.362
16.363
16.364
16.365
16.366
16.367
16.368
16.369
16.37
16.371
16.372
16.373
16.374
16.375
16.376
16.377
16.378
16.379
16.38
16.381
16.382
16.383
16.384
16.385
16.386
16.387
16.388
16.389
16.39
16.391
16.392
16.393
16.394
16.395
16.396
16.397
16.398
16.399
16.4
16.401
16.402
16.403
16.404
16.405
16.406
16.407
16.408
16.409
16.41
16.411
16.412
16.413
16.414
16.415
16.416
16.417
16.418
16.419
16.42
16.421
16.422
16.423
16.424
16.425
16.426
16.427
16.428
16.429
16.43
16.431
16.432
16.433
16.434
16.435
16.436
16.437
16.438
16.439
16.44
16.441
16.442
16.443
16.444
16.445
16.446
16.447
16.448
16.449
16.45
16.451
16.452
16.453
16.454
16.455
16.456
16.457
16.458
16.459
16.46
16.461
16.462
16.463
16.464
16.465
16.466
16.467
16.468
16.469
16.47
16.471
16.472
16.473
16.474
16.475
16.476
16.477
16.478
16.479
16.48
16.481
16.482
16.483
16.484
16.485
16.486
16.487
16.488
16.489
16.49
16.491
16.492
16.493
16.494
16.495
16.496
16.497
16.498
16.499
16.5
16.501
16.502
16.503
16.504
16.505
16.506
16.507
16.508
16.509
16.51
16.511
16.512
16.513
16.514
16.515
16.516
16.517
16.518
16.519
16.52
16.521
16.522
16.523
16.524
16.525
16.526
16.527
16.528
16.529
16.53
16.531
16.532
16.533
16.534
16.535
16.536
16.537
16.538
16.539
16.54
16.541
16.542
16.543
16.544
16.545
16.546
16.547
16.548
16.549
16.55
16.551
16.552
16.553
16.554
16.555
16.556
16.557
16.558
16.559
16.56
16.561
16.562
16.563
16.564
16.565
16.566
16.567
16.568
16.569
16.57
16.571
16.572
16.573
16.574
16.575
16.576
16.577
16.578
16.579
16.58
16.581
16.582
16.583
16.584
16.585
16.586
16.587
16.588
16.589
16.59
16.591
16.592
16.593
16.594
16.595
16.596
16.597
16.598
16.599
16.6
16.601
16.602
16.603
16.604
16.605
16.606
16.607
16.608
16.609
16.61
16.611
16.612
16.613
16.614
16.615
16.616
16.617
16.618
16.619
16.62
16.621
16.622
16.623
16.624
16.625
16.626
16.627
16.628
16.629
16.63
16.631
16.632
16.633
16.634
16.635
16.636
16.637
16.638
16.639
16.64
16.641
16.642
16.643
16.644
16.645
16.646
16.647
16.648
16.649
16.65
16.651
16.652
16.653
16.654
16.655
16.656
16.657
16.658
16.659
16.66
16.661
16.662
16.663
16.664
16.665
16.666
16.667
16.668
16.669
16.67
16.671
16.672
16.673
16.674
16.675
16.676
16.677
16.678
16.679
16.68
16.681
16.682
16.683
16.684
16.685
16.686
16.687
16.688
16.689
16.69
16.691
16.692
16.693
16.694
16.695
16.696
16.697
16.698
16.699
16.7
16.701
16.702
16.703
16.704
16.705
16.706
16.707
16.708
16.709
16.71
16.711
16.712
16.713
16.714
16.715
16.716
16.717
16.718
16.719
16.72
16.721
16.722
16.723
16.724
16.725
16.726
16.727
16.728
16.729
16.73
16.731
16.732
16.733
16.734
16.735
16.736
16.737
16.738
16.739
16.74
16.741
16.742
16.743
16.744
16.745
16.746
16.747
16.748
16.749
16.75
16.751
16.752
16.753
16.754
16.755
16.756
16.757
16.758
16.759
16.76
16.761
16.762
16.763
16.764
16.765
16.766
16.767
16.768
16.769
16.77
16.771
16.772
16.773
16.774
16.775
16.776
16.777
16.778
16.779
16.78
16.781
16.782
16.783
16.784
16.785
16.786
16.787
16.788
16.789
16.79
16.791
16.792
16.793
16.794
16.795
16.796
16.797
16.798
16.799
16.8
16.801
16.802
16.803
16.804
16.805
16.806
16.807
16.808
16.809
16.81
16.811
16.812
16.813
16.814
16.815
16.816
16.817
16.818
16.819
16.82
16.821
16.822
16.823
16.824
16.825
16.826
16.827
16.828
16.829
16.83
16.831
16.832
16.833
16.834
16.835
16.836
16.837
16.838
16.839
16.84
16.841
16.842
16.843
16.844
16.845
16.846
16.847
16.848
16.849
16.85
16.851
16.852
16.853
16.854
16.855
16.856
16.857
16.858
16.859
16.86
16.861
16.862
16.863
16.864
16.865
16.866
16.867
16.868
16.869
16.87
16.871
16.872
16.873
16.874
16.875
16.876
16.877
16.878
16.879
16.88
16.881
16.882
16.883
16.884
16.885
16.886
16.887
16.888
16.889
16.89
16.891
16.892
16.893
16.894
16.895
16.896
16.897
16.898
16.899
16.9
16.901
16.902
16.903
16.904
16.905
16.906
16.907
16.908
16.909
16.91
16.911
16.912
16.913
16.914
16.915
16.916
16.917
16.918
16.919
16.92
16.921
16.922
16.923
16.924
16.925
16.926
16.927
16.928
16.929
16.93
16.931
16.932
16.933
16.934
16.935
16.936
16.937
16.938
16.939
16.94
16.941
16.942
16.943
16.944
16.945
16.946
16.947
16.948
16.949
16.95
16.951
16.952
16.953
16.954
16.955
16.956
16.957
16.958
16.959
16.96
16.961
16.962
16.963
16.964
16.965
16.966
16.967
16.968
16.969
16.97
16.971
16.972
16.973
16.974
16.975
16.976
16.977
16.978
16.979
16.98
16.981
16.982
16.983
16.984
16.985
16.986
16.987
16.988
16.989
16.99
16.991
16.992
16.993
16.994
16.995
16.996
16.997
16.998
16.999
17
17.001
17.002
17.003
17.004
17.005
17.006
17.007
17.008
17.009
17.01
17.011
17.012
17.013
17.014
17.015
17.016
17.017
17.018
17.019
17.02
17.021
17.022
17.023
17.024
17.025
17.026
17.027
17.028
17.029
17.03
17.031
17.032
17.033
17.034
17.035
17.036
17.037
17.038
17.039
17.04
17.041
17.042
17.043
17.044
17.045
17.046
17.047
17.048
17.049
17.05
17.051
17.052
17.053
17.054
17.055
17.056
17.057
17.058
17.059
17.06
17.061
17.062
17.063
17.064
17.065
17.066
17.067
17.068
17.069
17.07
17.071
17.072
17.073
17.074
17.075
17.076
17.077
17.078
17.079
17.08
17.081
17.082
17.083
17.084
17.085
17.086
17.087
17.088
17.089
17.09
17.091
17.092
17.093
17.094
17.095
17.096
17.097
17.098
17.099
17.1
17.101
17.102
17.103
17.104
17.105
17.106
17.107
17.108
17.109
17.11
17.111
17.112
17.113
17.114
17.115
17.116
17.117
17.118
17.119
17.12
17.121
17.122
17.123
17.124
17.125
17.126
17.127
17.128
17.129
17.13
17.131
17.132
17.133
17.134
17.135
17.136
17.137
17.138
17.139
17.14
17.141
17.142
17.143
17.144
17.145
17.146
17.147
17.148
17.149
17.15
17.151
17.152
17.153
17.154
17.155
17.156
17.157
17.158
17.159
17.16
17.161
17.162
17.163
17.164
17.165
17.166
17.167
17.168
17.169
17.17
17.171
17.172
17.173
17.174
17.175
17.176
17.177
17.178
17.179
17.18
17.181
17.182
17.183
17.184
17.185
17.186
17.187
17.188
17.189
17.19
17.191
17.192
17.193
17.194
17.195
17.196
17.197
17.198
17.199
17.2
17.201
17.202
17.203
17.204
17.205
17.206
17.207
17.208
17.209
17.21
17.211
17.212
17.213
17.214
17.215
17.216
17.217
17.218
17.219
17.22
17.221
17.222
17.223
17.224
17.225
17.226
17.227
17.228
17.229
17.23
17.231
17.232
17.233
17.234
17.235
17.236
17.237
17.238
17.239
17.24
17.241
17.242
17.243
17.244
17.245
17.246
17.247
17.248
17.249
17.25
17.251
17.252
17.253
17.254
17.255
17.256
17.257
17.258
17.259
17.26
17.261
17.262
17.263
17.264
17.265
17.266
17.267
17.268
17.269
17.27
17.271
17.272
17.273
17.274
17.275
17.276
17.277
17.278
17.279
17.28
17.281
17.282
17.283
17.284
17.285
17.286
17.287
17.288
17.289
17.29
17.291
17.292
17.293
17.294
17.295
17.296
17.297
17.298
17.299
17.3
17.301
17.302
17.303
17.304
17.305
17.306
17.307
17.308
17.309
17.31
17.311
17.312
17.313
17.314
17.315
17.316
17.317
17.318
17.319
17.32
17.321
17.322
17.323
17.324
17.325
17.326
17.327
17.328
17.329
17.33
17.331
17.332
17.333
17.334
17.335
17.336
17.337
17.338
17.339
17.34
17.341
17.342
17.343
17.344
17.345
17.346
17.347
17.348
17.349
17.35
17.351
17.352
17.353
17.354
17.355
17.356
17.357
17.358
17.359
17.36
17.361
17.362
17.363
17.364
17.365
17.366
17.367
17.368
17.369
17.37
17.371
17.372
17.373
17.374
17.375
17.376
17.377
17.378
17.379
17.38
17.381
17.382
17.383
17.384
17.385
17.386
17.387
17.388
17.389
17.39
17.391
17.392
17.393
17.394
17.395
17.396
17.397
17.398
17.399
17.4
17.401
17.402
17.403
17.404
17.405
17.406
17.407
17.408
17.409
17.41
17.411
17.412
17.413
17.414
17.415
17.416
17.417
17.418
17.419
17.42
17.421
17.422
17.423
17.424
17.425
17.426
17.427
17.428
17.429
17.43
17.431
17.432
17.433
17.434
17.435
17.436
17.437
17.438
17.439
17.44
17.441
17.442
17.443
17.444
17.445
17.446
17.447
17.448
17.449
17.45
17.451
17.452
17.453
17.454
17.455
17.456
17.457
17.458
17.459
17.46
17.461
17.462
17.463
17.464
17.465
17.466
17.467
17.468
17.469
17.47
17.471
17.472
17.473
17.474
17.475
17.476
17.477
17.478
17.479
17.48
17.481
17.482
17.483
17.484
17.485
17.486
17.487
17.488
17.489
17.49
17.491
17.492
17.493
17.494
17.495
17.496
17.497
17.498
17.499
17.5
17.501
17.502
17.503
17.504
17.505
17.506
17.507
17.508
17.509
17.51
17.511
17.512
17.513
17.514
17.515
17.516
17.517
17.518
17.519
17.52
17.521
17.522
17.523
17.524
17.525
17.526
17.527
17.528
17.529
17.53
17.531
17.532
17.533
17.534
17.535
17.536
17.537
17.538
17.539
17.54
17.541
17.542
17.543
17.544
17.545
17.546
17.547
17.548
17.549
17.55
17.551
17.552
17.553
17.554
17.555
17.556
17.557
17.558
17.559
17.56
17.561
17.562
17.563
17.564
17.565
17.566
17.567
17.568
17.569
17.57
17.571
17.572
17.573
17.574
17.575
17.576
17.577
17.578
17.579
17.58
17.581
17.582
17.583
17.584
17.585
17.586
17.587
17.588
17.589
17.59
17.591
17.592
17.593
17.594
17.595
17.596
17.597
17.598
17.599
17.6
17.601
17.602
17.603
17.604
17.605
17.606
17.607
17.608
17.609
17.61
17.611
17.612
17.613
17.614
17.615
17.616
17.617
17.618
17.619
17.62
17.621
17.622
17.623
17.624
17.625
17.626
17.627
17.628
17.629
17.63
17.631
17.632
17.633
17.634
17.635
17.636
17.637
17.638
17.639
17.64
17.641
17.642
17.643
17.644
17.645
17.646
17.647
17.648
17.649
17.65
17.651
17.652
17.653
17.654
17.655
17.656
17.657
17.658
17.659
17.66
17.661
17.662
17.663
17.664
17.665
17.666
17.667
17.668
17.669
17.67
17.671
17.672
17.673
17.674
17.675
17.676
17.677
17.678
17.679
17.68
17.681
17.682
17.683
17.684
17.685
17.686
17.687
17.688
17.689
17.69
17.691
17.692
17.693
17.694
17.695
17.696
17.697
17.698
17.699
17.7
17.701
17.702
17.703
17.704
17.705
17.706
17.707
17.708
17.709
17.71
17.711
17.712
17.713
17.714
17.715
17.716
17.717
17.718
17.719
17.72
17.721
17.722
17.723
17.724
17.725
17.726
17.727
17.728
17.729
17.73
17.731
17.732
17.733
17.734
17.735
17.736
17.737
17.738
17.739
17.74
17.741
17.742
17.743
17.744
17.745
17.746
17.747
17.748
17.749
17.75
17.751
17.752
17.753
17.754
17.755
17.756
17.757
17.758
17.759
17.76
17.761
17.762
17.763
17.764
17.765
17.766
17.767
17.768
17.769
17.77
17.771
17.772
17.773
17.774
17.775
17.776
17.777
17.778
17.779
17.78
17.781
17.782
17.783
17.784
17.785
17.786
17.787
17.788
17.789
17.79
17.791
17.792
17.793
17.794
17.795
17.796
17.797
17.798
17.799
17.8
17.801
17.802
17.803
17.804
17.805
17.806
17.807
17.808
17.809
17.81
17.811
17.812
17.813
17.814
17.815
17.816
17.817
17.818
17.819
17.82
17.821
17.822
17.823
17.824
17.825
17.826
17.827
17.828
17.829
17.83
17.831
17.832
17.833
17.834
17.835
17.836
17.837
17.838
17.839
17.84
17.841
17.842
17.843
17.844
17.845
17.846
17.847
17.848
17.849
17.85
17.851
17.852
17.853
17.854
17.855
17.856
17.857
17.858
17.859
17.86
17.861
17.862
17.863
17.864
17.865
17.866
17.867
17.868
17.869
17.87
17.871
17.872
17.873
17.874
17.875
17.876
17.877
17.878
17.879
17.88
17.881
17.882
17.883
17.884
17.885
17.886
17.887
17.888
17.889
17.89
17.891
17.892
17.893
17.894
17.895
17.896
17.897
17.898
17.899
17.9
17.901
17.902
17.903
17.904
17.905
17.906
17.907
17.908
17.909
17.91
17.911
17.912
17.913
17.914
17.915
17.916
17.917
17.918
17.919
17.92
17.921
17.922
17.923
17.924
17.925
17.926
17.927
17.928
17.929
17.93
17.931
17.932
17.933
17.934
17.935
17.936
17.937
17.938
17.939
17.94
17.941
17.942
17.943
17.944
17.945
17.946
17.947
17.948
17.949
17.95
17.951
17.952
17.953
17.954
17.955
17.956
17.957
17.958
17.959
17.96
17.961
17.962
17.963
17.964
17.965
17.966
17.967
17.968
17.969
17.97
17.971
17.972
17.973
17.974
17.975
17.976
17.977
17.978
17.979
17.98
17.981
17.982
17.983
17.984
17.985
17.986
17.987
17.988
17.989
17.99
17.991
17.992
17.993
17.994
17.995
17.996
17.997
17.998
17.999
18
18.001
18.002
18.003
18.004
18.005
18.006
18.007
18.008
18.009
18.01
18.011
18.012
18.013
18.014
18.015
18.016
18.017
18.018
18.019
18.02
18.021
18.022
18.023
18.024
18.025
18.026
18.027
18.028
18.029
18.03
18.031
18.032
18.033
18.034
18.035
18.036
18.037
18.038
18.039
18.04
18.041
18.042
18.043
18.044
18.045
18.046
18.047
18.048
18.049
18.05
18.051
18.052
18.053
18.054
18.055
18.056
18.057
18.058
18.059
18.06
18.061
18.062
18.063
18.064
18.065
18.066
18.067
18.068
18.069
18.07
18.071
18.072
18.073
18.074
18.075
18.076
18.077
18.078
18.079
18.08
18.081
18.082
18.083
18.084
18.085
18.086
18.087
18.088
18.089
18.09
18.091
18.092
18.093
18.094
18.095
18.096
18.097
18.098
18.099
18.1
18.101
18.102
18.103
18.104
18.105
18.106
18.107
18.108
18.109
18.11
18.111
18.112
18.113
18.114
18.115
18.116
18.117
18.118
18.119
18.12
18.121
18.122
18.123
18.124
18.125
18.126
18.127
18.128
18.129
18.13
18.131
18.132
18.133
18.134
18.135
18.136
18.137
18.138
18.139
18.14
18.141
18.142
18.143
18.144
18.145
18.146
18.147
18.148
18.149
18.15
18.151
18.152
18.153
18.154
18.155
18.156
18.157
18.158
18.159
18.16
18.161
18.162
18.163
18.164
18.165
18.166
18.167
18.168
18.169
18.17
18.171
18.172
18.173
18.174
18.175
18.176
18.177
18.178
18.179
18.18
18.181
18.182
18.183
18.184
18.185
18.186
18.187
18.188
18.189
18.19
18.191
18.192
18.193
18.194
18.195
18.196
18.197
18.198
18.199
18.2
18.201
18.202
18.203
18.204
18.205
18.206
18.207
18.208
18.209
18.21
18.211
18.212
18.213
18.214
18.215
18.216
18.217
18.218
18.219
18.22
18.221
18.222
18.223
18.224
18.225
18.226
18.227
18.228
18.229
18.23
18.231
18.232
18.233
18.234
18.235
18.236
18.237
18.238
18.239
18.24
18.241
18.242
18.243
18.244
18.245
18.246
18.247
18.248
18.249
18.25
18.251
18.252
18.253
18.254
18.255
18.256
18.257
18.258
18.259
18.26
18.261
18.262
18.263
18.264
18.265
18.266
18.267
18.268
18.269
18.27
18.271
18.272
18.273
18.274
18.275
18.276
18.277
18.278
18.279
18.28
18.281
18.282
18.283
18.284
18.285
18.286
18.287
18.288
18.289
18.29
18.291
18.292
18.293
18.294
18.295
18.296
18.297
18.298
18.299
18.3
18.301
18.302
18.303
18.304
18.305
18.306
18.307
18.308
18.309
18.31
18.311
18.312
18.313
18.314
18.315
18.316
18.317
18.318
18.319
18.32
18.321
18.322
18.323
18.324
18.325
18.326
18.327
18.328
18.329
18.33
18.331
18.332
18.333
18.334
18.335
18.336
18.337
18.338
18.339
18.34
18.341
18.342
18.343
18.344
18.345
18.346
18.347
18.348
18.349
18.35
18.351
18.352
18.353
18.354
18.355
18.356
18.357
18.358
18.359
18.36
18.361
18.362
18.363
18.364
18.365
18.366
18.367
18.368
18.369
18.37
18.371
18.372
18.373
18.374
18.375
18.376
18.377
18.378
18.379
18.38
18.381
18.382
18.383
18.384
18.385
18.386
18.387
18.388
18.389
18.39
18.391
18.392
18.393
18.394
18.395
18.396
18.397
18.398
18.399
18.4
18.401
18.402
18.403
18.404
18.405
18.406
18.407
18.408
18.409
18.41
18.411
18.412
18.413
18.414
18.415
18.416
18.417
18.418
18.419
18.42
18.421
18.422
18.423
18.424
18.425
18.426
18.427
18.428
18.429
18.43
18.431
18.432
18.433
18.434
18.435
18.436
18.437
18.438
18.439
18.44
18.441
18.442
18.443
18.444
18.445
18.446
18.447
18.448
18.449
18.45
18.451
18.452
18.453
18.454
18.455
18.456
18.457
18.458
18.459
18.46
18.461
18.462
18.463
18.464
18.465
18.466
18.467
18.468
18.469
18.47
18.471
18.472
18.473
18.474
18.475
18.476
18.477
18.478
18.479
18.48
18.481
18.482
18.483
18.484
18.485
18.486
18.487
18.488
18.489
18.49
18.491
18.492
18.493
18.494
18.495
18.496
18.497
18.498
18.499
18.5
18.501
18.502
18.503
18.504
18.505
18.506
18.507
18.508
18.509
18.51
18.511
18.512
18.513
18.514
18.515
18.516
18.517
18.518
18.519
18.52
18.521
18.522
18.523
18.524
18.525
18.526
18.527
18.528
18.529
18.53
18.531
18.532
18.533
18.534
18.535
18.536
18.537
18.538
18.539
18.54
18.541
18.542
18.543
18.544
18.545
18.546
18.547
18.548
18.549
18.55
18.551
18.552
18.553
18.554
18.555
18.556
18.557
18.558
18.559
18.56
18.561
18.562
18.563
18.564
18.565
18.566
18.567
18.568
18.569
18.57
18.571
18.572
18.573
18.574
18.575
18.576
18.577
18.578
18.579
18.58
18.581
18.582
18.583
18.584
18.585
18.586
18.587
18.588
18.589
18.59
18.591
18.592
18.593
18.594
18.595
18.596
18.597
18.598
18.599
18.6
18.601
18.602
18.603
18.604
18.605
18.606
18.607
18.608
18.609
18.61
18.611
18.612
18.613
18.614
18.615
18.616
18.617
18.618
18.619
18.62
18.621
18.622
18.623
18.624
18.625
18.626
18.627
18.628
18.629
18.63
18.631
18.632
18.633
18.634
18.635
18.636
18.637
18.638
18.639
18.64
18.641
18.642
18.643
18.644
18.645
18.646
18.647
18.648
18.649
18.65
18.651
18.652
18.653
18.654
18.655
18.656
18.657
18.658
18.659
18.66
18.661
18.662
18.663
18.664
18.665
18.666
18.667
18.668
18.669
18.67
18.671
18.672
18.673
18.674
18.675
18.676
18.677
18.678
18.679
18.68
18.681
18.682
18.683
18.684
18.685
18.686
18.687
18.688
18.689
18.69
18.691
18.692
18.693
18.694
18.695
18.696
18.697
18.698
18.699
18.7
18.701
18.702
18.703
18.704
18.705
18.706
18.707
18.708
18.709
18.71
18.711
18.712
18.713
18.714
18.715
18.716
18.717
18.718
18.719
18.72
18.721
18.722
18.723
18.724
18.725
18.726
18.727
18.728
18.729
18.73
18.731
18.732
18.733
18.734
18.735
18.736
18.737
18.738
18.739
18.74
18.741
18.742
18.743
18.744
18.745
18.746
18.747
18.748
18.749
18.75
18.751
18.752
18.753
18.754
18.755
18.756
18.757
18.758
18.759
18.76
18.761
18.762
18.763
18.764
18.765
18.766
18.767
18.768
18.769
18.77
18.771
18.772
18.773
18.774
18.775
18.776
18.777
18.778
18.779
18.78
18.781
18.782
18.783
18.784
18.785
18.786
18.787
18.788
18.789
18.79
18.791
18.792
18.793
18.794
18.795
18.796
18.797
18.798
18.799
18.8
18.801
18.802
18.803
18.804
18.805
18.806
18.807
18.808
18.809
18.81
18.811
18.812
18.813
18.814
18.815
18.816
18.817
18.818
18.819
18.82
18.821
18.822
18.823
18.824
18.825
18.826
18.827
18.828
18.829
18.83
18.831
18.832
18.833
18.834
18.835
18.836
18.837
18.838
18.839
18.84
18.841
18.842
18.843
18.844
18.845
18.846
18.847
18.848
18.849
18.85
18.851
18.852
18.853
18.854
18.855
18.856
18.857
18.858
18.859
18.86
18.861
18.862
18.863
18.864
18.865
18.866
18.867
18.868
18.869
18.87
18.871
18.872
18.873
18.874
18.875
18.876
18.877
18.878
18.879
18.88
18.881
18.882
18.883
18.884
18.885
18.886
18.887
18.888
18.889
18.89
18.891
18.892
18.893
18.894
18.895
18.896
18.897
18.898
18.899
18.9
18.901
18.902
18.903
18.904
18.905
18.906
18.907
18.908
18.909
18.91
18.911
18.912
18.913
18.914
18.915
18.916
18.917
18.918
18.919
18.92
18.921
18.922
18.923
18.924
18.925
18.926
18.927
18.928
18.929
18.93
18.931
18.932
18.933
18.934
18.935
18.936
18.937
18.938
18.939
18.94
18.941
18.942
18.943
18.944
18.945
18.946
18.947
18.948
18.949
18.95
18.951
18.952
18.953
18.954
18.955
18.956
18.957
18.958
18.959
18.96
18.961
18.962
18.963
18.964
18.965
18.966
18.967
18.968
18.969
18.97
18.971
18.972
18.973
18.974
18.975
18.976
18.977
18.978
18.979
18.98
18.981
18.982
18.983
18.984
18.985
18.986
18.987
18.988
18.989
18.99
18.991
18.992
18.993
18.994
18.995
18.996
18.997
18.998
18.999
19
19.001
19.002
19.003
19.004
19.005
19.006
19.007
19.008
19.009
19.01
19.011
19.012
19.013
19.014
19.015
19.016
19.017
19.018
19.019
19.02
19.021
19.022
19.023
19.024
19.025
19.026
19.027
19.028
19.029
19.03
19.031
19.032
19.033
19.034
19.035
19.036
19.037
19.038
19.039
19.04
19.041
19.042
19.043
19.044
19.045
19.046
19.047
19.048
19.049
19.05
19.051
19.052
19.053
19.054
19.055
19.056
19.057
19.058
19.059
19.06
19.061
19.062
19.063
19.064
19.065
19.066
19.067
19.068
19.069
19.07
19.071
19.072
19.073
19.074
19.075
19.076
19.077
19.078
19.079
19.08
19.081
19.082
19.083
19.084
19.085
19.086
19.087
19.088
19.089
19.09
19.091
19.092
19.093
19.094
19.095
19.096
19.097
19.098
19.099
19.1
19.101
19.102
19.103
19.104
19.105
19.106
19.107
19.108
19.109
19.11
19.111
19.112
19.113
19.114
19.115
19.116
19.117
19.118
19.119
19.12
19.121
19.122
19.123
19.124
19.125
19.126
19.127
19.128
19.129
19.13
19.131
19.132
19.133
19.134
19.135
19.136
19.137
19.138
19.139
19.14
19.141
19.142
19.143
19.144
19.145
19.146
19.147
19.148
19.149
19.15
19.151
19.152
19.153
19.154
19.155
19.156
19.157
19.158
19.159
19.16
19.161
19.162
19.163
19.164
19.165
19.166
19.167
19.168
19.169
19.17
19.171
19.172
19.173
19.174
19.175
19.176
19.177
19.178
19.179
19.18
19.181
19.182
19.183
19.184
19.185
19.186
19.187
19.188
19.189
19.19
19.191
19.192
19.193
19.194
19.195
19.196
19.197
19.198
19.199
19.2
19.201
19.202
19.203
19.204
19.205
19.206
19.207
19.208
19.209
19.21
19.211
19.212
19.213
19.214
19.215
19.216
19.217
19.218
19.219
19.22
19.221
19.222
19.223
19.224
19.225
19.226
19.227
19.228
19.229
19.23
19.231
19.232
19.233
19.234
19.235
19.236
19.237
19.238
19.239
19.24
19.241
19.242
19.243
19.244
19.245
19.246
19.247
19.248
19.249
19.25
19.251
19.252
19.253
19.254
19.255
19.256
19.257
19.258
19.259
19.26
19.261
19.262
19.263
19.264
19.265
19.266
19.267
19.268
19.269
19.27
19.271
19.272
19.273
19.274
19.275
19.276
19.277
19.278
19.279
19.28
19.281
19.282
19.283
19.284
19.285
19.286
19.287
19.288
19.289
19.29
19.291
19.292
19.293
19.294
19.295
19.296
19.297
19.298
19.299
19.3
19.301
19.302
19.303
19.304
19.305
19.306
19.307
19.308
19.309
19.31
19.311
19.312
19.313
19.314
19.315
19.316
19.317
19.318
19.319
19.32
19.321
19.322
19.323
19.324
19.325
19.326
19.327
19.328
19.329
19.33
19.331
19.332
19.333
19.334
19.335
19.336
19.337
19.338
19.339
19.34
19.341
19.342
19.343
19.344
19.345
19.346
19.347
19.348
19.349
19.35
19.351
19.352
19.353
19.354
19.355
19.356
19.357
19.358
19.359
19.36
19.361
19.362
19.363
19.364
19.365
19.366
19.367
19.368
19.369
19.37
19.371
19.372
19.373
19.374
19.375
19.376
19.377
19.378
19.379
19.38
19.381
19.382
19.383
19.384
19.385
19.386
19.387
19.388
19.389
19.39
19.391
19.392
19.393
19.394
19.395
19.396
19.397
19.398
19.399
19.4
19.401
19.402
19.403
19.404
19.405
19.406
19.407
19.408
19.409
19.41
19.411
19.412
19.413
19.414
19.415
19.416
19.417
19.418
19.419
19.42
19.421
19.422
19.423
19.424
19.425
19.426
19.427
19.428
19.429
19.43
19.431
19.432
19.433
19.434
19.435
19.436
19.437
19.438
19.439
19.44
19.441
19.442
19.443
19.444
19.445
19.446
19.447
19.448
19.449
19.45
19.451
19.452
19.453
19.454
19.455
19.456
19.457
19.458
19.459
19.46
19.461
19.462
19.463
19.464
19.465
19.466
19.467
19.468
19.469
19.47
19.471
19.472
19.473
19.474
19.475
19.476
19.477
19.478
19.479
19.48
19.481
19.482
19.483
19.484
19.485
19.486
19.487
19.488
19.489
19.49
19.491
19.492
19.493
19.494
19.495
19.496
19.497
19.498
19.499
19.5
19.501
19.502
19.503
19.504
19.505
19.506
19.507
19.508
19.509
19.51
19.511
19.512
19.513
19.514
19.515
19.516
19.517
19.518
19.519
19.52
19.521
19.522
19.523
19.524
19.525
19.526
19.527
19.528
19.529
19.53
19.531
19.532
19.533
19.534
19.535
19.536
19.537
19.538
19.539
19.54
19.541
19.542
19.543
19.544
19.545
19.546
19.547
19.548
19.549
19.55
19.551
19.552
19.553
19.554
19.555
19.556
19.557
19.558
19.559
19.56
19.561
19.562
19.563
19.564
19.565
19.566
19.567
19.568
19.569
19.57
19.571
19.572
19.573
19.574
19.575
19.576
19.577
19.578
19.579
19.58
19.581
19.582
19.583
19.584
19.585
19.586
19.587
19.588
19.589
19.59
19.591
19.592
19.593
19.594
19.595
19.596
19.597
19.598
19.599
19.6
19.601
19.602
19.603
19.604
19.605
19.606
19.607
19.608
19.609
19.61
19.611
19.612
19.613
19.614
19.615
19.616
19.617
19.618
19.619
19.62
19.621
19.622
19.623
19.624
19.625
19.626
19.627
19.628
19.629
19.63
19.631
19.632
19.633
19.634
19.635
19.636
19.637
19.638
19.639
19.64
19.641
19.642
19.643
19.644
19.645
19.646
19.647
19.648
19.649
19.65
19.651
19.652
19.653
19.654
19.655
19.656
19.657
19.658
19.659
19.66
19.661
19.662
19.663
19.664
19.665
19.666
19.667
19.668
19.669
19.67
19.671
19.672
19.673
19.674
19.675
19.676
19.677
19.678
19.679
19.68
19.681
19.682
19.683
19.684
19.685
19.686
19.687
19.688
19.689
19.69
19.691
19.692
19.693
19.694
19.695
19.696
19.697
19.698
19.699
19.7
19.701
19.702
19.703
19.704
19.705
19.706
19.707
19.708
19.709
19.71
19.711
19.712
19.713
19.714
19.715
19.716
19.717
19.718
19.719
19.72
19.721
19.722
19.723
19.724
19.725
19.726
19.727
19.728
19.729
19.73
19.731
19.732
19.733
19.734
19.735
19.736
19.737
19.738
19.739
19.74
19.741
19.742
19.743
19.744
19.745
19.746
19.747
19.748
19.749
19.75
19.751
19.752
19.753
19.754
19.755
19.756
19.757
19.758
19.759
19.76
19.761
19.762
19.763
19.764
19.765
19.766
19.767
19.768
19.769
19.77
19.771
19.772
19.773
19.774
19.775
19.776
19.777
19.778
19.779
19.78
19.781
19.782
19.783
19.784
19.785
19.786
19.787
19.788
19.789
19.79
19.791
19.792
19.793
19.794
19.795
19.796
19.797
19.798
19.799
19.8
19.801
19.802
19.803
19.804
19.805
19.806
19.807
19.808
19.809
19.81
19.811
19.812
19.813
19.814
19.815
19.816
19.817
19.818
19.819
19.82
19.821
19.822
19.823
19.824
19.825
19.826
19.827
19.828
19.829
19.83
19.831
19.832
19.833
19.834
19.835
19.836
19.837
19.838
19.839
19.84
19.841
19.842
19.843
19.844
19.845
19.846
19.847
19.848
19.849
19.85
19.851
19.852
19.853
19.854
19.855
19.856
19.857
19.858
19.859
19.86
19.861
19.862
19.863
19.864
19.865
19.866
19.867
19.868
19.869
19.87
19.871
19.872
19.873
19.874
19.875
19.876
19.877
19.878
19.879
19.88
19.881
19.882
19.883
19.884
19.885
19.886
19.887
19.888
19.889
19.89
19.891
19.892
19.893
19.894
19.895
19.896
19.897
19.898
19.899
19.9
19.901
19.902
19.903
19.904
19.905
19.906
19.907
19.908
19.909
19.91
19.911
19.912
19.913
19.914
19.915
19.916
19.917
19.918
19.919
19.92
19.921
19.922
19.923
19.924
19.925
19.926
19.927
19.928
19.929
19.93
19.931
19.932
19.933
19.934
19.935
19.936
19.937
19.938
19.939
19.94
19.941
19.942
19.943
19.944
19.945
19.946
19.947
19.948
19.949
19.95
19.951
19.952
19.953
19.954
19.955
19.956
19.957
19.958
19.959
19.96
19.961
19.962
19.963
19.964
19.965
19.966
19.967
19.968
19.969
19.97
19.971
19.972
19.973
19.974
19.975
19.976
19.977
19.978
19.979
19.98
19.981
19.982
19.983
19.984
19.985
19.986
19.987
19.988
19.989
19.99
19.991
19.992
19.993
19.994
19.995
19.996
19.997
19.998
19.999
20
20.001
20.002
20.003
20.004
20.005
20.006
20.007
20.008
20.009
20.01
20.011
20.012
20.013
20.014
20.015
20.016
20.017
20.018
20.019
20.02
20.021
20.022
20.023
20.024
20.025
20.026
20.027
20.028
20.029
20.03
20.031
20.032
20.033
20.034
20.035
20.036
20.037
20.038
20.039
20.04
20.041
20.042
20.043
20.044
20.045
20.046
20.047
20.048
20.049
20.05
20.051
20.052
20.053
20.054
20.055
20.056
20.057
20.058
20.059
20.06
20.061
20.062
20.063
20.064
20.065
20.066
20.067
20.068
20.069
20.07
20.071
20.072
20.073
20.074
20.075
20.076
20.077
20.078
20.079
20.08
20.081
20.082
20.083
20.084
20.085
20.086
20.087
20.088
20.089
20.09
20.091
20.092
20.093
20.094
20.095
20.096
20.097
20.098
20.099
20.1
20.101
20.102
20.103
20.104
20.105
20.106
20.107
20.108
20.109
20.11
20.111
20.112
20.113
20.114
20.115
20.116
20.117
20.118
20.119
20.12
20.121
20.122
20.123
20.124
20.125
20.126
20.127
20.128
20.129
20.13
20.131
20.132
20.133
20.134
20.135
20.136
20.137
20.138
20.139
20.14
20.141
20.142
20.143
20.144
20.145
20.146
20.147
20.148
20.149
20.15
20.151
20.152
20.153
20.154
20.155
20.156
20.157
20.158
20.159
20.16
20.161
20.162
20.163
20.164
20.165
20.166
20.167
20.168
20.169
20.17
20.171
20.172
20.173
20.174
20.175
20.176
20.177
20.178
20.179
20.18
20.181
20.182
20.183
20.184
20.185
20.186
20.187
20.188
20.189
20.19
20.191
20.192
20.193
20.194
20.195
20.196
20.197
20.198
20.199
20.2
20.201
20.202
20.203
20.204
20.205
20.206
20.207
20.208
20.209
20.21
20.211
20.212
20.213
20.214
20.215
20.216
20.217
20.218
20.219
20.22
20.221
20.222
20.223
20.224
20.225
20.226
20.227
20.228
20.229
20.23
20.231
20.232
20.233
20.234
20.235
20.236
20.237
20.238
20.239
20.24
20.241
20.242
20.243
20.244
20.245
20.246
20.247
20.248
20.249
20.25
20.251
20.252
20.253
20.254
20.255
20.256
20.257
20.258
20.259
20.26
20.261
20.262
20.263
20.264
20.265
20.266
20.267
20.268
20.269
20.27
20.271
20.272
20.273
20.274
20.275
20.276
20.277
20.278
20.279
20.28
20.281
20.282
20.283
20.284
20.285
20.286
20.287
20.288
20.289
20.29
20.291
20.292
20.293
20.294
20.295
20.296
20.297
20.298
20.299
20.3
20.301
20.302
20.303
20.304
20.305
20.306
20.307
20.308
20.309
20.31
20.311
20.312
20.313
20.314
20.315
20.316
20.317
20.318
20.319
20.32
20.321
20.322
20.323
20.324
20.325
20.326
20.327
20.328
20.329
20.33
20.331
20.332
20.333
20.334
20.335
20.336
20.337
20.338
20.339
20.34
20.341
20.342
20.343
20.344
20.345
20.346
20.347
20.348
20.349
20.35
20.351
20.352
20.353
20.354
20.355
20.356
20.357
20.358
20.359
20.36
20.361
20.362
20.363
20.364
20.365
20.366
20.367
20.368
20.369
20.37
20.371
20.372
20.373
20.374
20.375
20.376
20.377
20.378
20.379
20.38
20.381
20.382
20.383
20.384
20.385
20.386
20.387
20.388
20.389
20.39
20.391
20.392
20.393
20.394
20.395
20.396
20.397
20.398
20.399
20.4
20.401
20.402
20.403
20.404
20.405
20.406
20.407
20.408
20.409
20.41
20.411
20.412
20.413
20.414
20.415
20.416
20.417
20.418
20.419
20.42
20.421
20.422
20.423
20.424
20.425
20.426
20.427
20.428
20.429
20.43
20.431
20.432
20.433
20.434
20.435
20.436
20.437
20.438
20.439
20.44
20.441
20.442
20.443
20.444
20.445
20.446
20.447
20.448
20.449
20.45
20.451
20.452
20.453
20.454
20.455
20.456
20.457
20.458
20.459
20.46
20.461
20.462
20.463
20.464
20.465
20.466
20.467
20.468
20.469
20.47
20.471
20.472
20.473
20.474
20.475
20.476
20.477
20.478
20.479
20.48
20.481
20.482
20.483
20.484
20.485
20.486
20.487
20.488
20.489
20.49
20.491
20.492
20.493
20.494
20.495
20.496
20.497
20.498
20.499
20.5
20.501
20.502
20.503
20.504
20.505
20.506
20.507
20.508
20.509
20.51
20.511
20.512
20.513
20.514
20.515
20.516
20.517
20.518
20.519
20.52
20.521
20.522
20.523
20.524
20.525
20.526
20.527
20.528
20.529
20.53
20.531
20.532
20.533
20.534
20.535
20.536
20.537
20.538
20.539
20.54
20.541
20.542
20.543
20.544
20.545
20.546
20.547
20.548
20.549
20.55
20.551
20.552
20.553
20.554
20.555
20.556
20.557
20.558
20.559
20.56
20.561
20.562
20.563
20.564
20.565
20.566
20.567
20.568
20.569
20.57
20.571
20.572
20.573
20.574
20.575
20.576
20.577
20.578
20.579
20.58
20.581
20.582
20.583
20.584
20.585
20.586
20.587
20.588
20.589
20.59
20.591
20.592
20.593
20.594
20.595
20.596
20.597
20.598
20.599
20.6
20.601
20.602
20.603
20.604
20.605
20.606
20.607
20.608
20.609
20.61
20.611
20.612
20.613
20.614
20.615
20.616
20.617
20.618
20.619
20.62
20.621
20.622
20.623
20.624
20.625
20.626
20.627
20.628
20.629
20.63
20.631
20.632
20.633
20.634
20.635
20.636
20.637
20.638
20.639
20.64
20.641
20.642
20.643
20.644
20.645
20.646
20.647
20.648
20.649
20.65
20.651
20.652
20.653
20.654
20.655
20.656
20.657
20.658
20.659
20.66
20.661
20.662
20.663
20.664
20.665
20.666
20.667
20.668
20.669
20.67
20.671
20.672
20.673
20.674
20.675
20.676
20.677
20.678
20.679
20.68
20.681
20.682
20.683
20.684
20.685
20.686
20.687
20.688
20.689
20.69
20.691
20.692
20.693
20.694
20.695
20.696
20.697
20.698
20.699
20.7
20.701
20.702
20.703
20.704
20.705
20.706
20.707
20.708
20.709
20.71
20.711
20.712
20.713
20.714
20.715
20.716
20.717
20.718
20.719
20.72
20.721
20.722
20.723
20.724
20.725
20.726
20.727
20.728
20.729
20.73
20.731
20.732
20.733
20.734
20.735
20.736
20.737
20.738
20.739
20.74
20.741
20.742
20.743
20.744
20.745
20.746
20.747
20.748
20.749
20.75
20.751
20.752
20.753
20.754
20.755
20.756
20.757
20.758
20.759
20.76
20.761
20.762
20.763
20.764
20.765
20.766
20.767
20.768
20.769
20.77
20.771
20.772
20.773
20.774
20.775
20.776
20.777
20.778
20.779
20.78
20.781
20.782
20.783
20.784
20.785
20.786
20.787
20.788
20.789
20.79
20.791
20.792
20.793
20.794
20.795
20.796
20.797
20.798
20.799
20.8
20.801
20.802
20.803
20.804
20.805
20.806
20.807
20.808
20.809
20.81
20.811
20.812
20.813
20.814
20.815
20.816
20.817
20.818
20.819
20.82
20.821
20.822
20.823
20.824
20.825
20.826
20.827
20.828
20.829
20.83
20.831
20.832
20.833
20.834
20.835
20.836
20.837
20.838
20.839
20.84
20.841
20.842
20.843
20.844
20.845
20.846
20.847
20.848
20.849
20.85
20.851
20.852
20.853
20.854
20.855
20.856
20.857
20.858
20.859
20.86
20.861
20.862
20.863
20.864
20.865
20.866
20.867
20.868
20.869
20.87
20.871
20.872
20.873
20.874
20.875
20.876
20.877
20.878
20.879
20.88
20.881
20.882
20.883
20.884
20.885
20.886
20.887
20.888
20.889
20.89
20.891
20.892
20.893
20.894
20.895
20.896
20.897
20.898
20.899
20.9
20.901
20.902
20.903
20.904
20.905
20.906
20.907
20.908
20.909
20.91
20.911
20.912
20.913
20.914
20.915
20.916
20.917
20.918
20.919
20.92
20.921
20.922
20.923
20.924
20.925
20.926
20.927
20.928
20.929
20.93
20.931
20.932
20.933
20.934
20.935
20.936
20.937
20.938
20.939
20.94
20.941
20.942
20.943
20.944
20.945
20.946
20.947
20.948
20.949
20.95
20.951
20.952
20.953
20.954
20.955
20.956
20.957
20.958
20.959
20.96
20.961
20.962
20.963
20.964
20.965
20.966
20.967
20.968
20.969
20.97
20.971
20.972
20.973
20.974
20.975
20.976
20.977
20.978
20.979
20.98
20.981
20.982
20.983
20.984
20.985
20.986
20.987
20.988
20.989
20.99
20.991
20.992
20.993
20.994
20.995
20.996
20.997
20.998
20.999
21
21.001
21.002
21.003
21.004
21.005
21.006
21.007
21.008
21.009
21.01
21.011
21.012
21.013
21.014
21.015
21.016
21.017
21.018
21.019
21.02
21.021
21.022
21.023
21.024
21.025
21.026
21.027
21.028
21.029
21.03
21.031
21.032
21.033
21.034
21.035
21.036
21.037
21.038
21.039
21.04
21.041
21.042
21.043
21.044
21.045
21.046
21.047
21.048
21.049
21.05
21.051
21.052
21.053
21.054
21.055
21.056
21.057
21.058
21.059
21.06
21.061
21.062
21.063
21.064
21.065
21.066
21.067
21.068
21.069
21.07
21.071
21.072
21.073
21.074
21.075
21.076
21.077
21.078
21.079
21.08
21.081
21.082
21.083
21.084
21.085
21.086
21.087
21.088
21.089
21.09
21.091
21.092
21.093
21.094
21.095
21.096
21.097
21.098
21.099
21.1
21.101
21.102
21.103
21.104
21.105
21.106
21.107
21.108
21.109
21.11
21.111
21.112
21.113
21.114
21.115
21.116
21.117
21.118
21.119
21.12
21.121
21.122
21.123
21.124
21.125
21.126
21.127
21.128
21.129
21.13
21.131
21.132
21.133
21.134
21.135
21.136
21.137
21.138
21.139
21.14
21.141
21.142
21.143
21.144
21.145
21.146
21.147
21.148
21.149
21.15
21.151
21.152
21.153
21.154
21.155
21.156
21.157
21.158
21.159
21.16
21.161
21.162
21.163
21.164
21.165
21.166
21.167
21.168
21.169
21.17
21.171
21.172
21.173
21.174
21.175
21.176
21.177
21.178
21.179
21.18
21.181
21.182
21.183
21.184
21.185
21.186
21.187
21.188
21.189
21.19
21.191
21.192
21.193
21.194
21.195
21.196
21.197
21.198
21.199
21.2
21.201
21.202
21.203
21.204
21.205
21.206
21.207
21.208
21.209
21.21
21.211
21.212
21.213
21.214
21.215
21.216
21.217
21.218
21.219
21.22
21.221
21.222
21.223
21.224
21.225
21.226
21.227
21.228
21.229
21.23
21.231
21.232
21.233
21.234
21.235
21.236
21.237
21.238
21.239
21.24
21.241
21.242
21.243
21.244
21.245
21.246
21.247
21.248
21.249
21.25
21.251
21.252
21.253
21.254
21.255
21.256
21.257
21.258
21.259
21.26
21.261
21.262
21.263
21.264
21.265
21.266
21.267
21.268
21.269
21.27
21.271
21.272
21.273
21.274
21.275
21.276
21.277
21.278
21.279
21.28
21.281
21.282
21.283
21.284
21.285
21.286
21.287
21.288
21.289
21.29
21.291
21.292
21.293
21.294
21.295
21.296
21.297
21.298
21.299
21.3
21.301
21.302
21.303
21.304
21.305
21.306
21.307
21.308
21.309
21.31
21.311
21.312
21.313
21.314
21.315
21.316
21.317
21.318
21.319
21.32
21.321
21.322
21.323
21.324
21.325
21.326
21.327
21.328
21.329
21.33
21.331
21.332
21.333
21.334
21.335
21.336
21.337
21.338
21.339
21.34
21.341
21.342
21.343
21.344
21.345
21.346
21.347
21.348
21.349
21.35
21.351
21.352
21.353
21.354
21.355
21.356
21.357
21.358
21.359
21.36
21.361
21.362
21.363
21.364
21.365
21.366
21.367
21.368
21.369
21.37
21.371
21.372
21.373
21.374
21.375
21.376
21.377
21.378
21.379
21.38
21.381
21.382
21.383
21.384
21.385
21.386
21.387
21.388
21.389
21.39
21.391
21.392
21.393
21.394
21.395
21.396
21.397
21.398
21.399
21.4
21.401
21.402
21.403
21.404
21.405
21.406
21.407
21.408
21.409
21.41
21.411
21.412
21.413
21.414
21.415
21.416
21.417
21.418
21.419
21.42
21.421
21.422
21.423
21.424
21.425
21.426
21.427
21.428
21.429
21.43
21.431
21.432
21.433
21.434
21.435
21.436
21.437
21.438
21.439
21.44
21.441
21.442
21.443
21.444
21.445
21.446
21.447
21.448
21.449
21.45
21.451
21.452
21.453
21.454
21.455
21.456
21.457
21.458
21.459
21.46
21.461
21.462
21.463
21.464
21.465
21.466
21.467
21.468
21.469
21.47
21.471
21.472
21.473
21.474
21.475
21.476
21.477
21.478
21.479
21.48
21.481
21.482
21.483
21.484
21.485
21.486
21.487
21.488
21.489
21.49
21.491
21.492
21.493
21.494
21.495
21.496
21.497
21.498
21.499
21.5
21.501
21.502
21.503
21.504
21.505
21.506
21.507
21.508
21.509
21.51
21.511
21.512
21.513
21.514
21.515
21.516
21.517
21.518
21.519
21.52
21.521
21.522
21.523
21.524
21.525
21.526
21.527
21.528
21.529
21.53
21.531
21.532
21.533
21.534
21.535
21.536
21.537
21.538
21.539
21.54
21.541
21.542
21.543
21.544
21.545
21.546
21.547
21.548
21.549
21.55
21.551
21.552
21.553
21.554
21.555
21.556
21.557
21.558
21.559
21.56
21.561
21.562
21.563
21.564
21.565
21.566
21.567
21.568
21.569
21.57
21.571
21.572
21.573
21.574
21.575
21.576
21.577
21.578
21.579
21.58
21.581
21.582
21.583
21.584
21.585
21.586
21.587
21.588
21.589
21.59
21.591
21.592
21.593
21.594
21.595
21.596
21.597
21.598
21.599
21.6
21.601
21.602
21.603
21.604
21.605
21.606
21.607
21.608
21.609
21.61
21.611
21.612
21.613
21.614
21.615
21.616
21.617
21.618
21.619
21.62
21.621
21.622
21.623
21.624
21.625
21.626
21.627
21.628
21.629
21.63
21.631
21.632
21.633
21.634
21.635
21.636
21.637
21.638
21.639
21.64
21.641
21.642
21.643
21.644
21.645
21.646
21.647
21.648
21.649
21.65
21.651
21.652
21.653
21.654
21.655
21.656
21.657
21.658
21.659
21.66
21.661
21.662
21.663
21.664
21.665
21.666
21.667
21.668
21.669
21.67
21.671
21.672
21.673
21.674
21.675
21.676
21.677
21.678
21.679
21.68
21.681
21.682
21.683
21.684
21.685
21.686
21.687
21.688
21.689
21.69
21.691
21.692
21.693
21.694
21.695
21.696
21.697
21.698
21.699
21.7
21.701
21.702
21.703
21.704
21.705
21.706
21.707
21.708
21.709
21.71
21.711
21.712
21.713
21.714
21.715
21.716
21.717
21.718
21.719
21.72
21.721
21.722
21.723
21.724
21.725
21.726
21.727
21.728
21.729
21.73
21.731
21.732
21.733
21.734
21.735
21.736
21.737
21.738
21.739
21.74
21.741
21.742
21.743
21.744
21.745
21.746
21.747
21.748
21.749
21.75
21.751
21.752
21.753
21.754
21.755
21.756
21.757
21.758
21.759
21.76
21.761
21.762
21.763
21.764
21.765
21.766
21.767
21.768
21.769
21.77
21.771
21.772
21.773
21.774
21.775
21.776
21.777
21.778
21.779
21.78
21.781
21.782
21.783
21.784
21.785
21.786
21.787
21.788
21.789
21.79
21.791
21.792
21.793
21.794
21.795
21.796
21.797
21.798
21.799
21.8
21.801
21.802
21.803
21.804
21.805
21.806
21.807
21.808
21.809
21.81
21.811
21.812
21.813
21.814
21.815
21.816
21.817
21.818
21.819
21.82
21.821
21.822
21.823
21.824
21.825
21.826
21.827
21.828
21.829
21.83
21.831
21.832
21.833
21.834
21.835
21.836
21.837
21.838
21.839
21.84
21.841
21.842
21.843
21.844
21.845
21.846
21.847
21.848
21.849
21.85
21.851
21.852
21.853
21.854
21.855
21.856
21.857
21.858
21.859
21.86
21.861
21.862
21.863
21.864
21.865
21.866
21.867
21.868
21.869
21.87
21.871
21.872
21.873
21.874
21.875
21.876
21.877
21.878
21.879
21.88
21.881
21.882
21.883
21.884
21.885
21.886
21.887
21.888
21.889
21.89
21.891
21.892
21.893
21.894
21.895
21.896
21.897
21.898
21.899
21.9
21.901
21.902
21.903
21.904
21.905
21.906
21.907
21.908
21.909
21.91
21.911
21.912
21.913
21.914
21.915
21.916
21.917
21.918
21.919
21.92
21.921
21.922
21.923
21.924
21.925
21.926
21.927
21.928
21.929
21.93
21.931
21.932
21.933
21.934
21.935
21.936
21.937
21.938
21.939
21.94
21.941
21.942
21.943
21.944
21.945
21.946
21.947
21.948
21.949
21.95
21.951
21.952
21.953
21.954
21.955
21.956
21.957
21.958
21.959
21.96
21.961
21.962
21.963
21.964
21.965
21.966
21.967
21.968
21.969
21.97
21.971
21.972
21.973
21.974
21.975
21.976
21.977
21.978
21.979
21.98
21.981
21.982
21.983
21.984
21.985
21.986
21.987
21.988
21.989
21.99
21.991
21.992
21.993
21.994
21.995
21.996
21.997
21.998
21.999
22
22.001
22.002
22.003
22.004
22.005
22.006
22.007
22.008
22.009
22.01
22.011
22.012
22.013
22.014
22.015
22.016
22.017
22.018
22.019
22.02
22.021
22.022
22.023
22.024
22.025
22.026
22.027
22.028
22.029
22.03
22.031
22.032
22.033
22.034
22.035
22.036
22.037
22.038
22.039
22.04
22.041
22.042
22.043
22.044
22.045
22.046
22.047
22.048
22.049
22.05
22.051
22.052
22.053
22.054
22.055
22.056
22.057
22.058
22.059
22.06
22.061
22.062
22.063
22.064
22.065
22.066
22.067
22.068
22.069
22.07
22.071
22.072
22.073
22.074
22.075
22.076
22.077
22.078
22.079
22.08
22.081
22.082
22.083
22.084
22.085
22.086
22.087
22.088
22.089
22.09
22.091
22.092
22.093
22.094
22.095
22.096
22.097
22.098
22.099
22.1
22.101
22.102
22.103
22.104
22.105
22.106
22.107
22.108
22.109
22.11
22.111
22.112
22.113
22.114
22.115
22.116
22.117
22.118
22.119
22.12
22.121
22.122
22.123
22.124
22.125
22.126
22.127
22.128
22.129
22.13
22.131
22.132
22.133
22.134
22.135
22.136
22.137
22.138
22.139
22.14
22.141
22.142
22.143
22.144
22.145
22.146
22.147
22.148
22.149
22.15
22.151
22.152
22.153
22.154
22.155
22.156
22.157
22.158
22.159
22.16
22.161
22.162
22.163
22.164
22.165
22.166
22.167
22.168
22.169
22.17
22.171
22.172
22.173
22.174
22.175
22.176
22.177
22.178
22.179
22.18
22.181
22.182
22.183
22.184
22.185
22.186
22.187
22.188
22.189
22.19
22.191
22.192
22.193
22.194
22.195
22.196
22.197
22.198
22.199
22.2
22.201
22.202
22.203
22.204
22.205
22.206
22.207
22.208
22.209
22.21
22.211
22.212
22.213
22.214
22.215
22.216
22.217
22.218
22.219
22.22
22.221
22.222
22.223
22.224
22.225
22.226
22.227
22.228
22.229
22.23
22.231
22.232
22.233
22.234
22.235
22.236
22.237
22.238
22.239
22.24
22.241
22.242
22.243
22.244
22.245
22.246
22.247
22.248
22.249
22.25
22.251
22.252
22.253
22.254
22.255
22.256
22.257
22.258
22.259
22.26
22.261
22.262
22.263
22.264
22.265
22.266
22.267
22.268
22.269
22.27
22.271
22.272
22.273
22.274
22.275
22.276
22.277
22.278
22.279
22.28
22.281
22.282
22.283
22.284
22.285
22.286
22.287
22.288
22.289
22.29
22.291
22.292
22.293
22.294
22.295
22.296
22.297
22.298
22.299
22.3
22.301
22.302
22.303
22.304
22.305
22.306
22.307
22.308
22.309
22.31
22.311
22.312
22.313
22.314
22.315
22.316
22.317
22.318
22.319
22.32
22.321
22.322
22.323
22.324
22.325
22.326
22.327
22.328
22.329
22.33
22.331
22.332
22.333
22.334
22.335
22.336
22.337
22.338
22.339
22.34
22.341
22.342
22.343
22.344
22.345
22.346
22.347
22.348
22.349
22.35
22.351
22.352
22.353
22.354
22.355
22.356
22.357
22.358
22.359
22.36
22.361
22.362
22.363
22.364
22.365
22.366
22.367
22.368
22.369
22.37
22.371
22.372
22.373
22.374
22.375
22.376
22.377
22.378
22.379
22.38
22.381
22.382
22.383
22.384
22.385
22.386
22.387
22.388
22.389
22.39
22.391
22.392
22.393
22.394
22.395
22.396
22.397
22.398
22.399
22.4
22.401
22.402
22.403
22.404
22.405
22.406
22.407
22.408
22.409
22.41
22.411
22.412
22.413
22.414
22.415
22.416
22.417
22.418
22.419
22.42
22.421
22.422
22.423
22.424
22.425
22.426
22.427
22.428
22.429
22.43
22.431
22.432
22.433
22.434
22.435
22.436
22.437
22.438
22.439
22.44
22.441
22.442
22.443
22.444
22.445
22.446
22.447
22.448
22.449
22.45
22.451
22.452
22.453
22.454
22.455
22.456
22.457
22.458
22.459
22.46
22.461
22.462
22.463
22.464
22.465
22.466
22.467
22.468
22.469
22.47
22.471
22.472
22.473
22.474
22.475
22.476
22.477
22.478
22.479
22.48
22.481
22.482
22.483
22.484
22.485
22.486
22.487
22.488
22.489
22.49
22.491
22.492
22.493
22.494
22.495
22.496
22.497
22.498
22.499
22.5
22.501
22.502
22.503
22.504
22.505
22.506
22.507
22.508
22.509
22.51
22.511
22.512
22.513
22.514
22.515
22.516
22.517
22.518
22.519
22.52
22.521
22.522
22.523
22.524
22.525
22.526
22.527
22.528
22.529
22.53
22.531
22.532
22.533
22.534
22.535
22.536
22.537
22.538
22.539
22.54
22.541
22.542
22.543
22.544
22.545
22.546
22.547
22.548
22.549
22.55
22.551
22.552
22.553
22.554
22.555
22.556
22.557
22.558
22.559
22.56
22.561
22.562
22.563
22.564
22.565
22.566
22.567
22.568
22.569
22.57
22.571
22.572
22.573
22.574
22.575
22.576
22.577
22.578
22.579
22.58
22.581
22.582
22.583
22.584
22.585
22.586
22.587
22.588
22.589
22.59
22.591
22.592
22.593
22.594
22.595
22.596
22.597
22.598
22.599
22.6
22.601
22.602
22.603
22.604
22.605
22.606
22.607
22.608
22.609
22.61
22.611
22.612
22.613
22.614
22.615
22.616
22.617
22.618
22.619
22.62
22.621
22.622
22.623
22.624
22.625
22.626
22.627
22.628
22.629
22.63
22.631
22.632
22.633
22.634
22.635
22.636
22.637
22.638
22.639
22.64
22.641
22.642
22.643
22.644
22.645
22.646
22.647
22.648
22.649
22.65
22.651
22.652
22.653
22.654
22.655
22.656
22.657
22.658
22.659
22.66
22.661
22.662
22.663
22.664
22.665
22.666
22.667
22.668
22.669
22.67
22.671
22.672
22.673
22.674
22.675
22.676
22.677
22.678
22.679
22.68
22.681
22.682
22.683
22.684
22.685
22.686
22.687
22.688
22.689
22.69
22.691
22.692
22.693
22.694
22.695
22.696
22.697
22.698
22.699
22.7
22.701
22.702
22.703
22.704
22.705
22.706
22.707
22.708
22.709
22.71
22.711
22.712
22.713
22.714
22.715
22.716
22.717
22.718
22.719
22.72
22.721
22.722
22.723
22.724
22.725
22.726
22.727
22.728
22.729
22.73
22.731
22.732
22.733
22.734
22.735
22.736
22.737
22.738
22.739
22.74
22.741
22.742
22.743
22.744
22.745
22.746
22.747
22.748
22.749
22.75
22.751
22.752
22.753
22.754
22.755
22.756
22.757
22.758
22.759
22.76
22.761
22.762
22.763
22.764
22.765
22.766
22.767
22.768
22.769
22.77
22.771
22.772
22.773
22.774
22.775
22.776
22.777
22.778
22.779
22.78
22.781
22.782
22.783
22.784
22.785
22.786
22.787
22.788
22.789
22.79
22.791
22.792
22.793
22.794
22.795
22.796
22.797
22.798
22.799
22.8
22.801
22.802
22.803
22.804
22.805
22.806
22.807
22.808
22.809
22.81
22.811
22.812
22.813
22.814
22.815
22.816
22.817
22.818
22.819
22.82
22.821
22.822
22.823
22.824
22.825
22.826
22.827
22.828
22.829
22.83
22.831
22.832
22.833
22.834
22.835
22.836
22.837
22.838
22.839
22.84
22.841
22.842
22.843
22.844
22.845
22.846
22.847
22.848
22.849
22.85
22.851
22.852
22.853
22.854
22.855
22.856
22.857
22.858
22.859
22.86
22.861
22.862
22.863
22.864
22.865
22.866
22.867
22.868
22.869
22.87
22.871
22.872
22.873
22.874
22.875
22.876
22.877
22.878
22.879
22.88
22.881
22.882
22.883
22.884
22.885
22.886
22.887
22.888
22.889
22.89
22.891
22.892
22.893
22.894
22.895
22.896
22.897
22.898
22.899
22.9
22.901
22.902
22.903
22.904
22.905
22.906
22.907
22.908
22.909
22.91
22.911
22.912
22.913
22.914
22.915
22.916
22.917
22.918
22.919
22.92
22.921
22.922
22.923
22.924
22.925
22.926
22.927
22.928
22.929
22.93
22.931
22.932
22.933
22.934
22.935
22.936
22.937
22.938
22.939
22.94
22.941
22.942
22.943
22.944
22.945
22.946
22.947
22.948
22.949
22.95
22.951
22.952
22.953
22.954
22.955
22.956
22.957
22.958
22.959
22.96
22.961
22.962
22.963
22.964
22.965
22.966
22.967
22.968
22.969
22.97
22.971
22.972
22.973
22.974
22.975
22.976
22.977
22.978
22.979
22.98
22.981
22.982
22.983
22.984
22.985
22.986
22.987
22.988
22.989
22.99
22.991
22.992
22.993
22.994
22.995
22.996
22.997
22.998
22.999
23
23.001
23.002
23.003
23.004
23.005
23.006
23.007
23.008
23.009
23.01
23.011
23.012
23.013
23.014
23.015
23.016
23.017
23.018
23.019
23.02
23.021
23.022
23.023
23.024
23.025
23.026
23.027
23.028
23.029
23.03
23.031
23.032
23.033
23.034
23.035
23.036
23.037
23.038
23.039
23.04
23.041
23.042
23.043
23.044
23.045
23.046
23.047
23.048
23.049
23.05
23.051
23.052
23.053
23.054
23.055
23.056
23.057
23.058
23.059
23.06
23.061
23.062
23.063
23.064
23.065
23.066
23.067
23.068
23.069
23.07
23.071
23.072
23.073
23.074
23.075
23.076
23.077
23.078
23.079
23.08
23.081
23.082
23.083
23.084
23.085
23.086
23.087
23.088
23.089
23.09
23.091
23.092
23.093
23.094
23.095
23.096
23.097
23.098
23.099
23.1
23.101
23.102
23.103
23.104
23.105
23.106
23.107
23.108
23.109
23.11
23.111
23.112
23.113
23.114
23.115
23.116
23.117
23.118
23.119
23.12
23.121
23.122
23.123
23.124
23.125
23.126
23.127
23.128
23.129
23.13
23.131
23.132
23.133
23.134
23.135
23.136
23.137
23.138
23.139
23.14
23.141
23.142
23.143
23.144
23.145
23.146
23.147
23.148
23.149
23.15
23.151
23.152
23.153
23.154
23.155
23.156
23.157
23.158
23.159
23.16
23.161
23.162
23.163
23.164
23.165
23.166
23.167
23.168
23.169
23.17
23.171
23.172
23.173
23.174
23.175
23.176
23.177
23.178
23.179
23.18
23.181
23.182
23.183
23.184
23.185
23.186
23.187
23.188
23.189
23.19
23.191
23.192
23.193
23.194
23.195
23.196
23.197
23.198
23.199
23.2
23.201
23.202
23.203
23.204
23.205
23.206
23.207
23.208
23.209
23.21
23.211
23.212
23.213
23.214
23.215
23.216
23.217
23.218
23.219
23.22
23.221
23.222
23.223
23.224
23.225
23.226
23.227
23.228
23.229
23.23
23.231
23.232
23.233
23.234
23.235
23.236
23.237
23.238
23.239
23.24
23.241
23.242
23.243
23.244
23.245
23.246
23.247
23.248
23.249
23.25
23.251
23.252
23.253
23.254
23.255
23.256
23.257
23.258
23.259
23.26
23.261
23.262
23.263
23.264
23.265
23.266
23.267
23.268
23.269
23.27
23.271
23.272
23.273
23.274
23.275
23.276
23.277
23.278
23.279
23.28
23.281
23.282
23.283
23.284
23.285
23.286
23.287
23.288
23.289
23.29
23.291
23.292
23.293
23.294
23.295
23.296
23.297
23.298
23.299
23.3
23.301
23.302
23.303
23.304
23.305
23.306
23.307
23.308
23.309
23.31
23.311
23.312
23.313
23.314
23.315
23.316
23.317
23.318
23.319
23.32
23.321
23.322
23.323
23.324
23.325
23.326
23.327
23.328
23.329
23.33
23.331
23.332
23.333
23.334
23.335
23.336
23.337
23.338
23.339
23.34
23.341
23.342
23.343
23.344
23.345
23.346
23.347
23.348
23.349
23.35
23.351
23.352
23.353
23.354
23.355
23.356
23.357
23.358
23.359
23.36
23.361
23.362
23.363
23.364
23.365
23.366
23.367
23.368
23.369
23.37
23.371
23.372
23.373
23.374
23.375
23.376
23.377
23.378
23.379
23.38
23.381
23.382
23.383
23.384
23.385
23.386
23.387
23.388
23.389
23.39
23.391
23.392
23.393
23.394
23.395
23.396
23.397
23.398
23.399
23.4
23.401
23.402
23.403
23.404
23.405
23.406
23.407
23.408
23.409
23.41
23.411
23.412
23.413
23.414
23.415
23.416
23.417
23.418
23.419
23.42
23.421
23.422
23.423
23.424
23.425
23.426
23.427
23.428
23.429
23.43
23.431
23.432
23.433
23.434
23.435
23.436
23.437
23.438
23.439
23.44
23.441
23.442
23.443
23.444
23.445
23.446
23.447
23.448
23.449
23.45
23.451
23.452
23.453
23.454
23.455
23.456
23.457
23.458
23.459
23.46
23.461
23.462
23.463
23.464
23.465
23.466
23.467
23.468
23.469
23.47
23.471
23.472
23.473
23.474
23.475
23.476
23.477
23.478
23.479
23.48
23.481
23.482
23.483
23.484
23.485
23.486
23.487
23.488
23.489
23.49
23.491
23.492
23.493
23.494
23.495
23.496
23.497
23.498
23.499
23.5
23.501
23.502
23.503
23.504
23.505
23.506
23.507
23.508
23.509
23.51
23.511
23.512
23.513
23.514
23.515
23.516
23.517
23.518
23.519
23.52
23.521
23.522
23.523
23.524
23.525
23.526
23.527
23.528
23.529
23.53
23.531
23.532
23.533
23.534
23.535
23.536
23.537
23.538
23.539
23.54
23.541
23.542
23.543
23.544
23.545
23.546
23.547
23.548
23.549
23.55
23.551
23.552
23.553
23.554
23.555
23.556
23.557
23.558
23.559
23.56
23.561
23.562
23.563
23.564
23.565
23.566
23.567
23.568
23.569
23.57
23.571
23.572
23.573
23.574
23.575
23.576
23.577
23.578
23.579
23.58
23.581
23.582
23.583
23.584
23.585
23.586
23.587
23.588
23.589
23.59
23.591
23.592
23.593
23.594
23.595
23.596
23.597
23.598
23.599
23.6
23.601
23.602
23.603
23.604
23.605
23.606
23.607
23.608
23.609
23.61
23.611
23.612
23.613
23.614
23.615
23.616
23.617
23.618
23.619
23.62
23.621
23.622
23.623
23.624
23.625
23.626
23.627
23.628
23.629
23.63
23.631
23.632
23.633
23.634
23.635
23.636
23.637
23.638
23.639
23.64
23.641
23.642
23.643
23.644
23.645
23.646
23.647
23.648
23.649
23.65
23.651
23.652
23.653
23.654
23.655
23.656
23.657
23.658
23.659
23.66
23.661
23.662
23.663
23.664
23.665
23.666
23.667
23.668
23.669
23.67
23.671
23.672
23.673
23.674
23.675
23.676
23.677
23.678
23.679
23.68
23.681
23.682
23.683
23.684
23.685
23.686
23.687
23.688
23.689
23.69
23.691
23.692
23.693
23.694
23.695
23.696
23.697
23.698
23.699
23.7
23.701
23.702
23.703
23.704
23.705
23.706
23.707
23.708
23.709
23.71
23.711
23.712
23.713
23.714
23.715
23.716
23.717
23.718
23.719
23.72
23.721
23.722
23.723
23.724
23.725
23.726
23.727
23.728
23.729
23.73
23.731
23.732
23.733
23.734
23.735
23.736
23.737
23.738
23.739
23.74
23.741
23.742
23.743
23.744
23.745
23.746
23.747
23.748
23.749
23.75
23.751
23.752
23.753
23.754
23.755
23.756
23.757
23.758
23.759
23.76
23.761
23.762
23.763
23.764
23.765
23.766
23.767
23.768
23.769
23.77
23.771
23.772
23.773
23.774
23.775
23.776
23.777
23.778
23.779
23.78
23.781
23.782
23.783
23.784
23.785
23.786
23.787
23.788
23.789
23.79
23.791
23.792
23.793
23.794
23.795
23.796
23.797
23.798
23.799
23.8
23.801
23.802
23.803
23.804
23.805
23.806
23.807
23.808
23.809
23.81
23.811
23.812
23.813
23.814
23.815
23.816
23.817
23.818
23.819
23.82
23.821
23.822
23.823
23.824
23.825
23.826
23.827
23.828
23.829
23.83
23.831
23.832
23.833
23.834
23.835
23.836
23.837
23.838
23.839
23.84
23.841
23.842
23.843
23.844
23.845
23.846
23.847
23.848
23.849
23.85
23.851
23.852
23.853
23.854
23.855
23.856
23.857
23.858
23.859
23.86
23.861
23.862
23.863
23.864
23.865
23.866
23.867
23.868
23.869
23.87
23.871
23.872
23.873
23.874
23.875
23.876
23.877
23.878
23.879
23.88
23.881
23.882
23.883
23.884
23.885
23.886
23.887
23.888
23.889
23.89
23.891
23.892
23.893
23.894
23.895
23.896
23.897
23.898
23.899
23.9
23.901
23.902
23.903
23.904
23.905
23.906
23.907
23.908
23.909
23.91
23.911
23.912
23.913
23.914
23.915
23.916
23.917
23.918
23.919
23.92
23.921
23.922
23.923
23.924
23.925
23.926
23.927
23.928
23.929
23.93
23.931
23.932
23.933
23.934
23.935
23.936
23.937
23.938
23.939
23.94
23.941
23.942
23.943
23.944
23.945
23.946
23.947
23.948
23.949
23.95
23.951
23.952
23.953
23.954
23.955
23.956
23.957
23.958
23.959
23.96
23.961
23.962
23.963
23.964
23.965
23.966
23.967
23.968
23.969
23.97
23.971
23.972
23.973
23.974
23.975
23.976
23.977
23.978
23.979
23.98
23.981
23.982
23.983
23.984
23.985
23.986
23.987
23.988
23.989
23.99
23.991
23.992
23.993
23.994
23.995
23.996
23.997
23.998
23.999
24
24.001
24.002
24.003
24.004
24.005
24.006
24.007
24.008
24.009
24.01
24.011
24.012
24.013
24.014
24.015
24.016
24.017
24.018
24.019
24.02
24.021
24.022
24.023
24.024
24.025
24.026
24.027
24.028
24.029
24.03
24.031
24.032
24.033
24.034
24.035
24.036
24.037
24.038
24.039
24.04
24.041
24.042
24.043
24.044
24.045
24.046
24.047
24.048
24.049
24.05
24.051
24.052
24.053
24.054
24.055
24.056
24.057
24.058
24.059
24.06
24.061
24.062
24.063
24.064
24.065
24.066
24.067
24.068
24.069
24.07
24.071
24.072
24.073
24.074
24.075
24.076
24.077
24.078
24.079
24.08
24.081
24.082
24.083
24.084
24.085
24.086
24.087
24.088
24.089
24.09
24.091
24.092
24.093
24.094
24.095
24.096
24.097
24.098
24.099
24.1
24.101
24.102
24.103
24.104
24.105
24.106
24.107
24.108
24.109
24.11
24.111
24.112
24.113
24.114
24.115
24.116
24.117
24.118
24.119
24.12
24.121
24.122
24.123
24.124
24.125
24.126
24.127
24.128
24.129
24.13
24.131
24.132
24.133
24.134
24.135
24.136
24.137
24.138
24.139
24.14
24.141
24.142
24.143
24.144
24.145
24.146
24.147
24.148
24.149
24.15
24.151
24.152
24.153
24.154
24.155
24.156
24.157
24.158
24.159
24.16
24.161
24.162
24.163
24.164
24.165
24.166
24.167
24.168
24.169
24.17
24.171
24.172
24.173
24.174
24.175
24.176
24.177
24.178
24.179
24.18
24.181
24.182
24.183
24.184
24.185
24.186
24.187
24.188
24.189
24.19
24.191
24.192
24.193
24.194
24.195
24.196
24.197
24.198
24.199
24.2
24.201
24.202
24.203
24.204
24.205
24.206
24.207
24.208
24.209
24.21
24.211
24.212
24.213
24.214
24.215
24.216
24.217
24.218
24.219
24.22
24.221
24.222
24.223
24.224
24.225
24.226
24.227
24.228
24.229
24.23
24.231
24.232
24.233
24.234
24.235
24.236
24.237
24.238
24.239
24.24
24.241
24.242
24.243
24.244
24.245
24.246
24.247
24.248
24.249
24.25
24.251
24.252
24.253
24.254
24.255
24.256
24.257
24.258
24.259
24.26
24.261
24.262
24.263
24.264
24.265
24.266
24.267
24.268
24.269
24.27
24.271
24.272
24.273
24.274
24.275
24.276
24.277
24.278
24.279
24.28
24.281
24.282
24.283
24.284
24.285
24.286
24.287
24.288
24.289
24.29
24.291
24.292
24.293
24.294
24.295
24.296
24.297
24.298
24.299
24.3
24.301
24.302
24.303
24.304
24.305
24.306
24.307
24.308
24.309
24.31
24.311
24.312
24.313
24.314
24.315
24.316
24.317
24.318
24.319
24.32
24.321
24.322
24.323
24.324
24.325
24.326
24.327
24.328
24.329
24.33
24.331
24.332
24.333
24.334
24.335
24.336
24.337
24.338
24.339
24.34
24.341
24.342
24.343
24.344
24.345
24.346
24.347
24.348
24.349
24.35
24.351
24.352
24.353
24.354
24.355
24.356
24.357
24.358
24.359
24.36
24.361
24.362
24.363
24.364
24.365
24.366
24.367
24.368
24.369
24.37
24.371
24.372
24.373
24.374
24.375
24.376
24.377
24.378
24.379
24.38
24.381
24.382
24.383
24.384
24.385
24.386
24.387
24.388
24.389
24.39
24.391
24.392
24.393
24.394
24.395
24.396
24.397
24.398
24.399
24.4
24.401
24.402
24.403
24.404
24.405
24.406
24.407
24.408
24.409
24.41
24.411
24.412
24.413
24.414
24.415
24.416
24.417
24.418
24.419
24.42
24.421
24.422
24.423
24.424
24.425
24.426
24.427
24.428
24.429
24.43
24.431
24.432
24.433
24.434
24.435
24.436
24.437
24.438
24.439
24.44
24.441
24.442
24.443
24.444
24.445
24.446
24.447
24.448
24.449
24.45
24.451
24.452
24.453
24.454
24.455
24.456
24.457
24.458
24.459
24.46
24.461
24.462
24.463
24.464
24.465
24.466
24.467
24.468
24.469
24.47
24.471
24.472
24.473
24.474
24.475
24.476
24.477
24.478
24.479
24.48
24.481
24.482
24.483
24.484
24.485
24.486
24.487
24.488
24.489
24.49
24.491
24.492
24.493
24.494
24.495
24.496
24.497
24.498
24.499
24.5
24.501
24.502
24.503
24.504
24.505
24.506
24.507
24.508
24.509
24.51
24.511
24.512
24.513
24.514
24.515
24.516
24.517
24.518
24.519
24.52
24.521
24.522
24.523
24.524
24.525
24.526
24.527
24.528
24.529
24.53
24.531
24.532
24.533
24.534
24.535
24.536
24.537
24.538
24.539
24.54
24.541
24.542
24.543
24.544
24.545
24.546
24.547
24.548
24.549
24.55
24.551
24.552
24.553
24.554
24.555
24.556
24.557
24.558
24.559
24.56
24.561
24.562
24.563
24.564
24.565
24.566
24.567
24.568
24.569
24.57
24.571
24.572
24.573
24.574
24.575
24.576
24.577
24.578
24.579
24.58
24.581
24.582
24.583
24.584
24.585
24.586
24.587
24.588
24.589
24.59
24.591
24.592
24.593
24.594
24.595
24.596
24.597
24.598
24.599
24.6
24.601
24.602
24.603
24.604
24.605
24.606
24.607
24.608
24.609
24.61
24.611
24.612
24.613
24.614
24.615
24.616
24.617
24.618
24.619
24.62
24.621
24.622
24.623
24.624
24.625
24.626
24.627
24.628
24.629
24.63
24.631
24.632
24.633
24.634
24.635
24.636
24.637
24.638
24.639
24.64
24.641
24.642
24.643
24.644
24.645
24.646
24.647
24.648
24.649
24.65
24.651
24.652
24.653
24.654
24.655
24.656
24.657
24.658
24.659
24.66
24.661
24.662
24.663
24.664
24.665
24.666
24.667
24.668
24.669
24.67
24.671
24.672
24.673
24.674
24.675
24.676
24.677
24.678
24.679
24.68
24.681
24.682
24.683
24.684
24.685
24.686
24.687
24.688
24.689
24.69
24.691
24.692
24.693
24.694
24.695
24.696
24.697
24.698
24.699
24.7
24.701
24.702
24.703
24.704
24.705
24.706
24.707
24.708
24.709
24.71
24.711
24.712
24.713
24.714
24.715
24.716
24.717
24.718
24.719
24.72
24.721
24.722
24.723
24.724
24.725
24.726
24.727
24.728
24.729
24.73
24.731
24.732
24.733
24.734
24.735
24.736
24.737
24.738
24.739
24.74
24.741
24.742
24.743
24.744
24.745
24.746
24.747
24.748
24.749
24.75
24.751
24.752
24.753
24.754
24.755
24.756
24.757
24.758
24.759
24.76
24.761
24.762
24.763
24.764
24.765
24.766
24.767
24.768
24.769
24.77
24.771
24.772
24.773
24.774
24.775
24.776
24.777
24.778
24.779
24.78
24.781
24.782
24.783
24.784
24.785
24.786
24.787
24.788
24.789
24.79
24.791
24.792
24.793
24.794
24.795
24.796
24.797
24.798
24.799
24.8
24.801
24.802
24.803
24.804
24.805
24.806
24.807
24.808
24.809
24.81
24.811
24.812
24.813
24.814
24.815
24.816
24.817
24.818
24.819
24.82
24.821
24.822
24.823
24.824
24.825
24.826
24.827
24.828
24.829
24.83
24.831
24.832
24.833
24.834
24.835
24.836
24.837
24.838
24.839
24.84
24.841
24.842
24.843
24.844
24.845
24.846
24.847
24.848
24.849
24.85
24.851
24.852
24.853
24.854
24.855
24.856
24.857
24.858
24.859
24.86
24.861
24.862
24.863
24.864
24.865
24.866
24.867
24.868
24.869
24.87
24.871
24.872
24.873
24.874
24.875
24.876
24.877
24.878
24.879
24.88
24.881
24.882
24.883
24.884
24.885
24.886
24.887
24.888
24.889
24.89
24.891
24.892
24.893
24.894
24.895
24.896
24.897
24.898
24.899
24.9
24.901
24.902
24.903
24.904
24.905
24.906
24.907
24.908
24.909
24.91
24.911
24.912
24.913
24.914
24.915
24.916
24.917
24.918
24.919
24.92
24.921
24.922
24.923
24.924
24.925
24.926
24.927
24.928
24.929
24.93
24.931
24.932
24.933
24.934
24.935
24.936
24.937
24.938
24.939
24.94
24.941
24.942
24.943
24.944
24.945
24.946
24.947
24.948
24.949
24.95
24.951
24.952
24.953
24.954
24.955
24.956
24.957
24.958
24.959
24.96
24.961
24.962
24.963
24.964
24.965
24.966
24.967
24.968
24.969
24.97
24.971
24.972
24.973
24.974
24.975
24.976
24.977
24.978
24.979
24.98
24.981
24.982
24.983
24.984
24.985
24.986
24.987
24.988
24.989
24.99
24.991
24.992
24.993
24.994
24.995
24.996
24.997
24.998
24.999
25
25.001
25.002
25.003
25.004
25.005
25.006
25.007
25.008
25.009
25.01
25.011
25.012
25.013
25.014
25.015
25.016
25.017
25.018
25.019
25.02
25.021
25.022
25.023
25.024
25.025
25.026
25.027
25.028
25.029
25.03
25.031
25.032
25.033
25.034
25.035
25.036
25.037
25.038
25.039
25.04
25.041
25.042
25.043
25.044
25.045
25.046
25.047
25.048
25.049
25.05
25.051
25.052
25.053
25.054
25.055
25.056
25.057
25.058
25.059
25.06
25.061
25.062
25.063
25.064
25.065
25.066
25.067
25.068
25.069
25.07
25.071
25.072
25.073
25.074
25.075
25.076
25.077
25.078
25.079
25.08
25.081
25.082
25.083
25.084
25.085
25.086
25.087
25.088
25.089
25.09
25.091
25.092
25.093
25.094
25.095
25.096
25.097
25.098
25.099
25.1
25.101
25.102
25.103
25.104
25.105
25.106
25.107
25.108
25.109
25.11
25.111
25.112
25.113
25.114
25.115
25.116
25.117
25.118
25.119
25.12
25.121
25.122
25.123
25.124
25.125
25.126
25.127
25.128
25.129
25.13
25.131
25.132
25.133
25.134
25.135
25.136
25.137
25.138
25.139
25.14
25.141
25.142
25.143
25.144
25.145
25.146
25.147
25.148
25.149
25.15
25.151
25.152
25.153
25.154
25.155
25.156
25.157
25.158
25.159
25.16
25.161
25.162
25.163
25.164
25.165
25.166
25.167
25.168
25.169
25.17
25.171
25.172
25.173
25.174
25.175
25.176
25.177
25.178
25.179
25.18
25.181
25.182
25.183
25.184
25.185
25.186
25.187
25.188
25.189
25.19
25.191
25.192
25.193
25.194
25.195
25.196
25.197
25.198
25.199
25.2
25.201
25.202
25.203
25.204
25.205
25.206
25.207
25.208
25.209
25.21
25.211
25.212
25.213
25.214
25.215
25.216
25.217
25.218
25.219
25.22
25.221
25.222
25.223
25.224
25.225
25.226
25.227
25.228
25.229
25.23
25.231
25.232
25.233
25.234
25.235
25.236
25.237
25.238
25.239
25.24
25.241
25.242
25.243
25.244
25.245
25.246
25.247
25.248
25.249
25.25
25.251
25.252
25.253
25.254
25.255
25.256
25.257
25.258
25.259
25.26
25.261
25.262
25.263
25.264
25.265
25.266
25.267
25.268
25.269
25.27
25.271
25.272
25.273
25.274
25.275
25.276
25.277
25.278
25.279
25.28
25.281
25.282
25.283
25.284
25.285
25.286
25.287
25.288
25.289
25.29
25.291
25.292
25.293
25.294
25.295
25.296
25.297
25.298
25.299
25.3
25.301
25.302
25.303
25.304
25.305
25.306
25.307
25.308
25.309
25.31
25.311
25.312
25.313
25.314
25.315
25.316
25.317
25.318
25.319
25.32
25.321
25.322
25.323
25.324
25.325
25.326
25.327
25.328
25.329
25.33
25.331
25.332
25.333
25.334
25.335
25.336
25.337
25.338
25.339
25.34
25.341
25.342
25.343
25.344
25.345
25.346
25.347
25.348
25.349
25.35
25.351
25.352
25.353
25.354
25.355
25.356
25.357
25.358
25.359
25.36
25.361
25.362
25.363
25.364
25.365
25.366
25.367
25.368
25.369
25.37
25.371
25.372
25.373
25.374
25.375
25.376
25.377
25.378
25.379
25.38
25.381
25.382
25.383
25.384
25.385
25.386
25.387
25.388
25.389
25.39
25.391
25.392
25.393
25.394
25.395
25.396
25.397
25.398
25.399
25.4
25.401
25.402
25.403
25.404
25.405
25.406
25.407
25.408
25.409
25.41
25.411
25.412
25.413
25.414
25.415
25.416
25.417
25.418
25.419
25.42
25.421
25.422
25.423
25.424
25.425
25.426
25.427
25.428
25.429
25.43
25.431
25.432
25.433
25.434
25.435
25.436
25.437
25.438
25.439
25.44
25.441
25.442
25.443
25.444
25.445
25.446
25.447
25.448
25.449
25.45
25.451
25.452
25.453
25.454
25.455
25.456
25.457
25.458
25.459
25.46
25.461
25.462
25.463
25.464
25.465
25.466
25.467
25.468
25.469
25.47
25.471
25.472
25.473
25.474
25.475
25.476
25.477
25.478
25.479
25.48
25.481
25.482
25.483
25.484
25.485
25.486
25.487
25.488
25.489
25.49
25.491
25.492
25.493
25.494
25.495
25.496
25.497
25.498
25.499
25.5
25.501
25.502
25.503
25.504
25.505
25.506
25.507
25.508
25.509
25.51
25.511
25.512
25.513
25.514
25.515
25.516
25.517
25.518
25.519
25.52
25.521
25.522
25.523
25.524
25.525
25.526
25.527
25.528
25.529
25.53
25.531
25.532
25.533
25.534
25.535
25.536
25.537
25.538
25.539
25.54
25.541
25.542
25.543
25.544
25.545
25.546
25.547
25.548
25.549
25.55
25.551
25.552
25.553
25.554
25.555
25.556
25.557
25.558
25.559
25.56
25.561
25.562
25.563
25.564
25.565
25.566
25.567
25.568
25.569
25.57
25.571
25.572
25.573
25.574
25.575
25.576
25.577
25.578
25.579
25.58
25.581
25.582
25.583
25.584
25.585
25.586
25.587
25.588
25.589
25.59
25.591
25.592
25.593
25.594
25.595
25.596
25.597
25.598
25.599
25.6
25.601
25.602
25.603
25.604
25.605
25.606
25.607
25.608
25.609
25.61
25.611
25.612
25.613
25.614
25.615
25.616
25.617
25.618
25.619
25.62
25.621
25.622
25.623
25.624
25.625
25.626
25.627
25.628
25.629
25.63
25.631
25.632
25.633
25.634
25.635
25.636
25.637
25.638
25.639
25.64
25.641
25.642
25.643
25.644
25.645
25.646
25.647
25.648
25.649
25.65
25.651
25.652
25.653
25.654
25.655
25.656
25.657
25.658
25.659
25.66
25.661
25.662
25.663
25.664
25.665
25.666
25.667
25.668
25.669
25.67
25.671
25.672
25.673
25.674
25.675
25.676
25.677
25.678
25.679
25.68
25.681
25.682
25.683
25.684
25.685
25.686
25.687
25.688
25.689
25.69
25.691
25.692
25.693
25.694
25.695
25.696
25.697
25.698
25.699
25.7
25.701
25.702
25.703
25.704
25.705
25.706
25.707
25.708
25.709
25.71
25.711
25.712
25.713
25.714
25.715
25.716
25.717
25.718
25.719
25.72
25.721
25.722
25.723
25.724
25.725
25.726
25.727
25.728
25.729
25.73
25.731
25.732
25.733
25.734
25.735
25.736
25.737
25.738
25.739
25.74
25.741
25.742
25.743
25.744
25.745
25.746
25.747
25.748
25.749
25.75
25.751
25.752
25.753
25.754
25.755
25.756
25.757
25.758
25.759
25.76
25.761
25.762
25.763
25.764
25.765
25.766
25.767
25.768
25.769
25.77
25.771
25.772
25.773
25.774
25.775
25.776
25.777
25.778
25.779
25.78
25.781
25.782
25.783
25.784
25.785
25.786
25.787
25.788
25.789
25.79
25.791
25.792
25.793
25.794
25.795
25.796
25.797
25.798
25.799
25.8
25.801
25.802
25.803
25.804
25.805
25.806
25.807
25.808
25.809
25.81
25.811
25.812
25.813
25.814
25.815
25.816
25.817
25.818
25.819
25.82
25.821
25.822
25.823
25.824
25.825
25.826
25.827
25.828
25.829
25.83
25.831
25.832
25.833
25.834
25.835
25.836
25.837
25.838
25.839
25.84
25.841
25.842
25.843
25.844
25.845
25.846
25.847
25.848
25.849
25.85
25.851
25.852
25.853
25.854
25.855
25.856
25.857
25.858
25.859
25.86
25.861
25.862
25.863
25.864
25.865
25.866
25.867
25.868
25.869
25.87
25.871
25.872
25.873
25.874
25.875
25.876
25.877
25.878
25.879
25.88
25.881
25.882
25.883
25.884
25.885
25.886
25.887
25.888
25.889
25.89
25.891
25.892
25.893
25.894
25.895
25.896
25.897
25.898
25.899
25.9
25.901
25.902
25.903
25.904
25.905
25.906
25.907
25.908
25.909
25.91
25.911
25.912
25.913
25.914
25.915
25.916
25.917
25.918
25.919
25.92
25.921
25.922
25.923
25.924
25.925
25.926
25.927
25.928
25.929
25.93
25.931
25.932
25.933
25.934
25.935
25.936
25.937
25.938
25.939
25.94
25.941
25.942
25.943
25.944
25.945
25.946
25.947
25.948
25.949
25.95
25.951
25.952
25.953
25.954
25.955
25.956
25.957
25.958
25.959
25.96
25.961
25.962
25.963
25.964
25.965
25.966
25.967
25.968
25.969
25.97
25.971
25.972
25.973
25.974
25.975
25.976
25.977
25.978
25.979
25.98
25.981
25.982
25.983
25.984
25.985
25.986
25.987
25.988
25.989
25.99
25.991
25.992
25.993
25.994
25.995
25.996
25.997
25.998
25.999
26
26.001
26.002
26.003
26.004
26.005
26.006
26.007
26.008
26.009
26.01
26.011
26.012
26.013
26.014
26.015
26.016
26.017
26.018
26.019
26.02
26.021
26.022
26.023
26.024
26.025
26.026
26.027
26.028
26.029
26.03
26.031
26.032
26.033
26.034
26.035
26.036
26.037
26.038
26.039
26.04
26.041
26.042
26.043
26.044
26.045
26.046
26.047
26.048
26.049
26.05
26.051
26.052
26.053
26.054
26.055
26.056
26.057
26.058
26.059
26.06
26.061
26.062
26.063
26.064
26.065
26.066
26.067
26.068
26.069
26.07
26.071
26.072
26.073
26.074
26.075
26.076
26.077
26.078
26.079
26.08
26.081
26.082
26.083
26.084
26.085
26.086
26.087
26.088
26.089
26.09
26.091
26.092
26.093
26.094
26.095
26.096
26.097
26.098
26.099
26.1
26.101
26.102
26.103
26.104
26.105
26.106
26.107
26.108
26.109
26.11
26.111
26.112
26.113
26.114
26.115
26.116
26.117
26.118
26.119
26.12
26.121
26.122
26.123
26.124
26.125
26.126
26.127
26.128
26.129
26.13
26.131
26.132
26.133
26.134
26.135
26.136
26.137
26.138
26.139
26.14
26.141
26.142
26.143
26.144
26.145
26.146
26.147
26.148
26.149
26.15
26.151
26.152
26.153
26.154
26.155
26.156
26.157
26.158
26.159
26.16
26.161
26.162
26.163
26.164
26.165
26.166
26.167
26.168
26.169
26.17
26.171
26.172
26.173
26.174
26.175
26.176
26.177
26.178
26.179
26.18
26.181
26.182
26.183
26.184
26.185
26.186
26.187
26.188
26.189
26.19
26.191
26.192
26.193
26.194
26.195
26.196
26.197
26.198
26.199
26.2
26.201
26.202
26.203
26.204
26.205
26.206
26.207
26.208
26.209
26.21
26.211
26.212
26.213
26.214
26.215
26.216
26.217
26.218
26.219
26.22
26.221
26.222
26.223
26.224
26.225
26.226
26.227
26.228
26.229
26.23
26.231
26.232
26.233
26.234
26.235
26.236
26.237
26.238
26.239
26.24
26.241
26.242
26.243
26.244
26.245
26.246
26.247
26.248
26.249
26.25
26.251
26.252
26.253
26.254
26.255
26.256
26.257
26.258
26.259
26.26
26.261
26.262
26.263
26.264
26.265
26.266
26.267
26.268
26.269
26.27
26.271
26.272
26.273
26.274
26.275
26.276
26.277
26.278
26.279
26.28
26.281
26.282
26.283
26.284
26.285
26.286
26.287
26.288
26.289
26.29
26.291
26.292
26.293
26.294
26.295
26.296
26.297
26.298
26.299
26.3
26.301
26.302
26.303
26.304
26.305
26.306
26.307
26.308
26.309
26.31
26.311
26.312
26.313
26.314
26.315
26.316
26.317
26.318
26.319
26.32
26.321
26.322
26.323
26.324
26.325
26.326
26.327
26.328
26.329
26.33
26.331
26.332
26.333
26.334
26.335
26.336
26.337
26.338
26.339
26.34
26.341
26.342
26.343
26.344
26.345
26.346
26.347
26.348
26.349
26.35
26.351
26.352
26.353
26.354
26.355
26.356
26.357
26.358
26.359
26.36
26.361
26.362
26.363
26.364
26.365
26.366
26.367
26.368
26.369
26.37
26.371
26.372
26.373
26.374
26.375
26.376
26.377
26.378
26.379
26.38
26.381
26.382
26.383
26.384
26.385
26.386
26.387
26.388
26.389
26.39
26.391
26.392
26.393
26.394
26.395
26.396
26.397
26.398
26.399
26.4
26.401
26.402
26.403
26.404
26.405
26.406
26.407
26.408
26.409
26.41
26.411
26.412
26.413
26.414
26.415
26.416
26.417
26.418
26.419
26.42
26.421
26.422
26.423
26.424
26.425
26.426
26.427
26.428
26.429
26.43
26.431
26.432
26.433
26.434
26.435
26.436
26.437
26.438
26.439
26.44
26.441
26.442
26.443
26.444
26.445
26.446
26.447
26.448
26.449
26.45
26.451
26.452
26.453
26.454
26.455
26.456
26.457
26.458
26.459
26.46
26.461
26.462
26.463
26.464
26.465
26.466
26.467
26.468
26.469
26.47
26.471
26.472
26.473
26.474
26.475
26.476
26.477
26.478
26.479
26.48
26.481
26.482
26.483
26.484
26.485
26.486
26.487
26.488
26.489
26.49
26.491
26.492
26.493
26.494
26.495
26.496
26.497
26.498
26.499
26.5
26.501
26.502
26.503
26.504
26.505
26.506
26.507
26.508
26.509
26.51
26.511
26.512
26.513
26.514
26.515
26.516
26.517
26.518
26.519
26.52
26.521
26.522
26.523
26.524
26.525
26.526
26.527
26.528
26.529
26.53
26.531
26.532
26.533
26.534
26.535
26.536
26.537
26.538
26.539
26.54
26.541
26.542
26.543
26.544
26.545
26.546
26.547
26.548
26.549
26.55
26.551
26.552
26.553
26.554
26.555
26.556
26.557
26.558
26.559
26.56
26.561
26.562
26.563
26.564
26.565
26.566
26.567
26.568
26.569
26.57
26.571
26.572
26.573
26.574
26.575
26.576
26.577
26.578
26.579
26.58
26.581
26.582
26.583
26.584
26.585
26.586
26.587
26.588
26.589
26.59
26.591
26.592
26.593
26.594
26.595
26.596
26.597
26.598
26.599
26.6
26.601
26.602
26.603
26.604
26.605
26.606
26.607
26.608
26.609
26.61
26.611
26.612
26.613
26.614
26.615
26.616
26.617
26.618
26.619
26.62
26.621
26.622
26.623
26.624
26.625
26.626
26.627
26.628
26.629
26.63
26.631
26.632
26.633
26.634
26.635
26.636
26.637
26.638
26.639
26.64
26.641
26.642
26.643
26.644
26.645
26.646
26.647
26.648
26.649
26.65
26.651
26.652
26.653
26.654
26.655
26.656
26.657
26.658
26.659
26.66
26.661
26.662
26.663
26.664
26.665
26.666
26.667
26.668
26.669
26.67
26.671
26.672
26.673
26.674
26.675
26.676
26.677
26.678
26.679
26.68
26.681
26.682
26.683
26.684
26.685
26.686
26.687
26.688
26.689
26.69
26.691
26.692
26.693
26.694
26.695
26.696
26.697
26.698
26.699
26.7
26.701
26.702
26.703
26.704
26.705
26.706
26.707
26.708
26.709
26.71
26.711
26.712
26.713
26.714
26.715
26.716
26.717
26.718
26.719
26.72
26.721
26.722
26.723
26.724
26.725
26.726
26.727
26.728
26.729
26.73
26.731
26.732
26.733
26.734
26.735
26.736
26.737
26.738
26.739
26.74
26.741
26.742
26.743
26.744
26.745
26.746
26.747
26.748
26.749
26.75
26.751
26.752
26.753
26.754
26.755
26.756
26.757
26.758
26.759
26.76
26.761
26.762
26.763
26.764
26.765
26.766
26.767
26.768
26.769
26.77
26.771
26.772
26.773
26.774
26.775
26.776
26.777
26.778
26.779
26.78
26.781
26.782
26.783
26.784
26.785
26.786
26.787
26.788
26.789
26.79
26.791
26.792
26.793
26.794
26.795
26.796
26.797
26.798
26.799
26.8
26.801
26.802
26.803
26.804
26.805
26.806
26.807
26.808
26.809
26.81
26.811
26.812
26.813
26.814
26.815
26.816
26.817
26.818
26.819
26.82
26.821
26.822
26.823
26.824
26.825
26.826
26.827
26.828
26.829
26.83
26.831
26.832
26.833
26.834
26.835
26.836
26.837
26.838
26.839
26.84
26.841
26.842
26.843
26.844
26.845
26.846
26.847
26.848
26.849
26.85
26.851
26.852
26.853
26.854
26.855
26.856
26.857
26.858
26.859
26.86
26.861
26.862
26.863
26.864
26.865
26.866
26.867
26.868
26.869
26.87
26.871
26.872
26.873
26.874
26.875
26.876
26.877
26.878
26.879
26.88
26.881
26.882
26.883
26.884
26.885
26.886
26.887
26.888
26.889
26.89
26.891
26.892
26.893
26.894
26.895
26.896
26.897
26.898
26.899
26.9
26.901
26.902
26.903
26.904
26.905
26.906
26.907
26.908
26.909
26.91
26.911
26.912
26.913
26.914
26.915
26.916
26.917
26.918
26.919
26.92
26.921
26.922
26.923
26.924
26.925
26.926
26.927
26.928
26.929
26.93
26.931
26.932
26.933
26.934
26.935
26.936
26.937
26.938
26.939
26.94
26.941
26.942
26.943
26.944
26.945
26.946
26.947
26.948
26.949
26.95
26.951
26.952
26.953
26.954
26.955
26.956
26.957
26.958
26.959
26.96
26.961
26.962
26.963
26.964
26.965
26.966
26.967
26.968
26.969
26.97
26.971
26.972
26.973
26.974
26.975
26.976
26.977
26.978
26.979
26.98
26.981
26.982
26.983
26.984
26.985
26.986
26.987
26.988
26.989
26.99
26.991
26.992
26.993
26.994
26.995
26.996
26.997
26.998
26.999
27
27.001
27.002
27.003
27.004
27.005
27.006
27.007
27.008
27.009
27.01
27.011
27.012
27.013
27.014
27.015
27.016
27.017
27.018
27.019
27.02
27.021
27.022
27.023
27.024
27.025
27.026
27.027
27.028
27.029
27.03
27.031
27.032
27.033
27.034
27.035
27.036
27.037
27.038
27.039
27.04
27.041
27.042
27.043
27.044
27.045
27.046
27.047
27.048
27.049
27.05
27.051
27.052
27.053
27.054
27.055
27.056
27.057
27.058
27.059
27.06
27.061
27.062
27.063
27.064
27.065
27.066
27.067
27.068
27.069
27.07
27.071
27.072
27.073
27.074
27.075
27.076
27.077
27.078
27.079
27.08
27.081
27.082
27.083
27.084
27.085
27.086
27.087
27.088
27.089
27.09
27.091
27.092
27.093
27.094
27.095
27.096
27.097
27.098
27.099
27.1
27.101
27.102
27.103
27.104
27.105
27.106
27.107
27.108
27.109
27.11
27.111
27.112
27.113
27.114
27.115
27.116
27.117
27.118
27.119
27.12
27.121
27.122
27.123
27.124
27.125
27.126
27.127
27.128
27.129
27.13
27.131
27.132
27.133
27.134
27.135
27.136
27.137
27.138
27.139
27.14
27.141
27.142
27.143
27.144
27.145
27.146
27.147
27.148
27.149
27.15
27.151
27.152
27.153
27.154
27.155
27.156
27.157
27.158
27.159
27.16
27.161
27.162
27.163
27.164
27.165
27.166
27.167
27.168
27.169
27.17
27.171
27.172
27.173
27.174
27.175
27.176
27.177
27.178
27.179
27.18
27.181
27.182
27.183
27.184
27.185
27.186
27.187
27.188
27.189
27.19
27.191
27.192
27.193
27.194
27.195
27.196
27.197
27.198
27.199
27.2
27.201
27.202
27.203
27.204
27.205
27.206
27.207
27.208
27.209
27.21
27.211
27.212
27.213
27.214
27.215
27.216
27.217
27.218
27.219
27.22
27.221
27.222
27.223
27.224
27.225
27.226
27.227
27.228
27.229
27.23
27.231
27.232
27.233
27.234
27.235
27.236
27.237
27.238
27.239
27.24
27.241
27.242
27.243
27.244
27.245
27.246
27.247
27.248
27.249
27.25
27.251
27.252
27.253
27.254
27.255
27.256
27.257
27.258
27.259
27.26
27.261
27.262
27.263
27.264
27.265
27.266
27.267
27.268
27.269
27.27
27.271
27.272
27.273
27.274
27.275
27.276
27.277
27.278
27.279
27.28
27.281
27.282
27.283
27.284
27.285
27.286
27.287
27.288
27.289
27.29
27.291
27.292
27.293
27.294
27.295
27.296
27.297
27.298
27.299
27.3
27.301
27.302
27.303
27.304
27.305
27.306
27.307
27.308
27.309
27.31
27.311
27.312
27.313
27.314
27.315
27.316
27.317
27.318
27.319
27.32
27.321
27.322
27.323
27.324
27.325
27.326
27.327
27.328
27.329
27.33
27.331
27.332
27.333
27.334
27.335
27.336
27.337
27.338
27.339
27.34
27.341
27.342
27.343
27.344
27.345
27.346
27.347
27.348
27.349
27.35
27.351
27.352
27.353
27.354
27.355
27.356
27.357
27.358
27.359
27.36
27.361
27.362
27.363
27.364
27.365
27.366
27.367
27.368
27.369
27.37
27.371
27.372
27.373
27.374
27.375
27.376
27.377
27.378
27.379
27.38
27.381
27.382
27.383
27.384
27.385
27.386
27.387
27.388
27.389
27.39
27.391
27.392
27.393
27.394
27.395
27.396
27.397
27.398
27.399
27.4
27.401
27.402
27.403
27.404
27.405
27.406
27.407
27.408
27.409
27.41
27.411
27.412
27.413
27.414
27.415
27.416
27.417
27.418
27.419
27.42
27.421
27.422
27.423
27.424
27.425
27.426
27.427
27.428
27.429
27.43
27.431
27.432
27.433
27.434
27.435
27.436
27.437
27.438
27.439
27.44
27.441
27.442
27.443
27.444
27.445
27.446
27.447
27.448
27.449
27.45
27.451
27.452
27.453
27.454
27.455
27.456
27.457
27.458
27.459
27.46
27.461
27.462
27.463
27.464
27.465
27.466
27.467
27.468
27.469
27.47
27.471
27.472
27.473
27.474
27.475
27.476
27.477
27.478
27.479
27.48
27.481
27.482
27.483
27.484
27.485
27.486
27.487
27.488
27.489
27.49
27.491
27.492
27.493
27.494
27.495
27.496
27.497
27.498
27.499
27.5
27.501
27.502
27.503
27.504
27.505
27.506
27.507
27.508
27.509
27.51
27.511
27.512
27.513
27.514
27.515
27.516
27.517
27.518
27.519
27.52
27.521
27.522
27.523
27.524
27.525
27.526
27.527
27.528
27.529
27.53
27.531
27.532
27.533
27.534
27.535
27.536
27.537
27.538
27.539
27.54
27.541
27.542
27.543
27.544
27.545
27.546
27.547
27.548
27.549
27.55
27.551
27.552
27.553
27.554
27.555
27.556
27.557
27.558
27.559
27.56
27.561
27.562
27.563
27.564
27.565
27.566
27.567
27.568
27.569
27.57
27.571
27.572
27.573
27.574
27.575
27.576
27.577
27.578
27.579
27.58
27.581
27.582
27.583
27.584
27.585
27.586
27.587
27.588
27.589
27.59
27.591
27.592
27.593
27.594
27.595
27.596
27.597
27.598
27.599
27.6
27.601
27.602
27.603
27.604
27.605
27.606
27.607
27.608
27.609
27.61
27.611
27.612
27.613
27.614
27.615
27.616
27.617
27.618
27.619
27.62
27.621
27.622
27.623
27.624
27.625
27.626
27.627
27.628
27.629
27.63
27.631
27.632
27.633
27.634
27.635
27.636
27.637
27.638
27.639
27.64
27.641
27.642
27.643
27.644
27.645
27.646
27.647
27.648
27.649
27.65
27.651
27.652
27.653
27.654
27.655
27.656
27.657
27.658
27.659
27.66
27.661
27.662
27.663
27.664
27.665
27.666
27.667
27.668
27.669
27.67
27.671
27.672
27.673
27.674
27.675
27.676
27.677
27.678
27.679
27.68
27.681
27.682
27.683
27.684
27.685
27.686
27.687
27.688
27.689
27.69
27.691
27.692
27.693
27.694
27.695
27.696
27.697
27.698
27.699
27.7
27.701
27.702
27.703
27.704
27.705
27.706
27.707
27.708
27.709
27.71
27.711
27.712
27.713
27.714
27.715
27.716
27.717
27.718
27.719
27.72
27.721
27.722
27.723
27.724
27.725
27.726
27.727
27.728
27.729
27.73
27.731
27.732
27.733
27.734
27.735
27.736
27.737
27.738
27.739
27.74
27.741
27.742
27.743
27.744
27.745
27.746
27.747
27.748
27.749
27.75
27.751
27.752
27.753
27.754
27.755
27.756
27.757
27.758
27.759
27.76
27.761
27.762
27.763
27.764
27.765
27.766
27.767
27.768
27.769
27.77
27.771
27.772
27.773
27.774
27.775
27.776
27.777
27.778
27.779
27.78
27.781
27.782
27.783
27.784
27.785
27.786
27.787
27.788
27.789
27.79
27.791
27.792
27.793
27.794
27.795
27.796
27.797
27.798
27.799
27.8
27.801
27.802
27.803
27.804
27.805
27.806
27.807
27.808
27.809
27.81
27.811
27.812
27.813
27.814
27.815
27.816
27.817
27.818
27.819
27.82
27.821
27.822
27.823
27.824
27.825
27.826
27.827
27.828
27.829
27.83
27.831
27.832
27.833
27.834
27.835
27.836
27.837
27.838
27.839
27.84
27.841
27.842
27.843
27.844
27.845
27.846
27.847
27.848
27.849
27.85
27.851
27.852
27.853
27.854
27.855
27.856
27.857
27.858
27.859
27.86
27.861
27.862
27.863
27.864
27.865
27.866
27.867
27.868
27.869
27.87
27.871
27.872
27.873
27.874
27.875
27.876
27.877
27.878
27.879
27.88
27.881
27.882
27.883
27.884
27.885
27.886
27.887
27.888
27.889
27.89
27.891
27.892
27.893
27.894
27.895
27.896
27.897
27.898
27.899
27.9
27.901
27.902
27.903
27.904
27.905
27.906
27.907
27.908
27.909
27.91
27.911
27.912
27.913
27.914
27.915
27.916
27.917
27.918
27.919
27.92
27.921
27.922
27.923
27.924
27.925
27.926
27.927
27.928
27.929
27.93
27.931
27.932
27.933
27.934
27.935
27.936
27.937
27.938
27.939
27.94
27.941
27.942
27.943
27.944
27.945
27.946
27.947
27.948
27.949
27.95
27.951
27.952
27.953
27.954
27.955
27.956
27.957
27.958
27.959
27.96
27.961
27.962
27.963
27.964
27.965
27.966
27.967
27.968
27.969
27.97
27.971
27.972
27.973
27.974
27.975
27.976
27.977
27.978
27.979
27.98
27.981
27.982
27.983
27.984
27.985
27.986
27.987
27.988
27.989
27.99
27.991
27.992
27.993
27.994
27.995
27.996
27.997
27.998
27.999
28
28.001
28.002
28.003
28.004
28.005
28.006
28.007
28.008
28.009
28.01
28.011
28.012
28.013
28.014
28.015
28.016
28.017
28.018
28.019
28.02
28.021
28.022
28.023
28.024
28.025
28.026
28.027
28.028
28.029
28.03
28.031
28.032
28.033
28.034
28.035
28.036
28.037
28.038
28.039
28.04
28.041
28.042
28.043
28.044
28.045
28.046
28.047
28.048
28.049
28.05
28.051
28.052
28.053
28.054
28.055
28.056
28.057
28.058
28.059
28.06
28.061
28.062
28.063
28.064
28.065
28.066
28.067
28.068
28.069
28.07
28.071
28.072
28.073
28.074
28.075
28.076
28.077
28.078
28.079
28.08
28.081
28.082
28.083
28.084
28.085
28.086
28.087
28.088
28.089
28.09
28.091
28.092
28.093
28.094
28.095
28.096
28.097
28.098
28.099
28.1
28.101
28.102
28.103
28.104
28.105
28.106
28.107
28.108
28.109
28.11
28.111
28.112
28.113
28.114
28.115
28.116
28.117
28.118
28.119
28.12
28.121
28.122
28.123
28.124
28.125
28.126
28.127
28.128
28.129
28.13
28.131
28.132
28.133
28.134
28.135
28.136
28.137
28.138
28.139
28.14
28.141
28.142
28.143
28.144
28.145
28.146
28.147
28.148
28.149
28.15
28.151
28.152
28.153
28.154
28.155
28.156
28.157
28.158
28.159
28.16
28.161
28.162
28.163
28.164
28.165
28.166
28.167
28.168
28.169
28.17
28.171
28.172
28.173
28.174
28.175
28.176
28.177
28.178
28.179
28.18
28.181
28.182
28.183
28.184
28.185
28.186
28.187
28.188
28.189
28.19
28.191
28.192
28.193
28.194
28.195
28.196
28.197
28.198
28.199
28.2
28.201
28.202
28.203
28.204
28.205
28.206
28.207
28.208
28.209
28.21
28.211
28.212
28.213
28.214
28.215
28.216
28.217
28.218
28.219
28.22
28.221
28.222
28.223
28.224
28.225
28.226
28.227
28.228
28.229
28.23
28.231
28.232
28.233
28.234
28.235
28.236
28.237
28.238
28.239
28.24
28.241
28.242
28.243
28.244
28.245
28.246
28.247
28.248
28.249
28.25
28.251
28.252
28.253
28.254
28.255
28.256
28.257
28.258
28.259
28.26
28.261
28.262
28.263
28.264
28.265
28.266
28.267
28.268
28.269
28.27
28.271
28.272
28.273
28.274
28.275
28.276
28.277
28.278
28.279
28.28
28.281
28.282
28.283
28.284
28.285
28.286
28.287
28.288
28.289
28.29
28.291
28.292
28.293
28.294
28.295
28.296
28.297
28.298
28.299
28.3
28.301
28.302
28.303
28.304
28.305
28.306
28.307
28.308
28.309
28.31
28.311
28.312
28.313
28.314
28.315
28.316
28.317
28.318
28.319
28.32
28.321
28.322
28.323
28.324
28.325
28.326
28.327
28.328
28.329
28.33
28.331
28.332
28.333
28.334
28.335
28.336
28.337
28.338
28.339
28.34
28.341
28.342
28.343
28.344
28.345
28.346
28.347
28.348
28.349
28.35
28.351
28.352
28.353
28.354
28.355
28.356
28.357
28.358
28.359
28.36
28.361
28.362
28.363
28.364
28.365
28.366
28.367
28.368
28.369
28.37
28.371
28.372
28.373
28.374
28.375
28.376
28.377
28.378
28.379
28.38
28.381
28.382
28.383
28.384
28.385
28.386
28.387
28.388
28.389
28.39
28.391
28.392
28.393
28.394
28.395
28.396
28.397
28.398
28.399
28.4
28.401
28.402
28.403
28.404
28.405
28.406
28.407
28.408
28.409
28.41
28.411
28.412
28.413
28.414
28.415
28.416
28.417
28.418
28.419
28.42
28.421
28.422
28.423
28.424
28.425
28.426
28.427
28.428
28.429
28.43
28.431
28.432
28.433
28.434
28.435
28.436
28.437
28.438
28.439
28.44
28.441
28.442
28.443
28.444
28.445
28.446
28.447
28.448
28.449
28.45
28.451
28.452
28.453
28.454
28.455
28.456
28.457
28.458
28.459
28.46
28.461
28.462
28.463
28.464
28.465
28.466
28.467
28.468
28.469
28.47
28.471
28.472
28.473
28.474
28.475
28.476
28.477
28.478
28.479
28.48
28.481
28.482
28.483
28.484
28.485
28.486
28.487
28.488
28.489
28.49
28.491
28.492
28.493
28.494
28.495
28.496
28.497
28.498
28.499
28.5
28.501
28.502
28.503
28.504
28.505
28.506
28.507
28.508
28.509
28.51
28.511
28.512
28.513
28.514
28.515
28.516
28.517
28.518
28.519
28.52
28.521
28.522
28.523
28.524
28.525
28.526
28.527
28.528
28.529
28.53
28.531
28.532
28.533
28.534
28.535
28.536
28.537
28.538
28.539
28.54
28.541
28.542
28.543
28.544
28.545
28.546
28.547
28.548
28.549
28.55
28.551
28.552
28.553
28.554
28.555
28.556
28.557
28.558
28.559
28.56
28.561
28.562
28.563
28.564
28.565
28.566
28.567
28.568
28.569
28.57
28.571
28.572
28.573
28.574
28.575
28.576
28.577
28.578
28.579
28.58
28.581
28.582
28.583
28.584
28.585
28.586
28.587
28.588
28.589
28.59
28.591
28.592
28.593
28.594
28.595
28.596
28.597
28.598
28.599
28.6
28.601
28.602
28.603
28.604
28.605
28.606
28.607
28.608
28.609
28.61
28.611
28.612
28.613
28.614
28.615
28.616
28.617
28.618
28.619
28.62
28.621
28.622
28.623
28.624
28.625
28.626
28.627
28.628
28.629
28.63
28.631
28.632
28.633
28.634
28.635
28.636
28.637
28.638
28.639
28.64
28.641
28.642
28.643
28.644
28.645
28.646
28.647
28.648
28.649
28.65
28.651
28.652
28.653
28.654
28.655
28.656
28.657
28.658
28.659
28.66
28.661
28.662
28.663
28.664
28.665
28.666
28.667
28.668
28.669
28.67
28.671
28.672
28.673
28.674
28.675
28.676
28.677
28.678
28.679
28.68
28.681
28.682
28.683
28.684
28.685
28.686
28.687
28.688
28.689
28.69
28.691
28.692
28.693
28.694
28.695
28.696
28.697
28.698
28.699
28.7
28.701
28.702
28.703
28.704
28.705
28.706
28.707
28.708
28.709
28.71
28.711
28.712
28.713
28.714
28.715
28.716
28.717
28.718
28.719
28.72
28.721
28.722
28.723
28.724
28.725
28.726
28.727
28.728
28.729
28.73
28.731
28.732
28.733
28.734
28.735
28.736
28.737
28.738
28.739
28.74
28.741
28.742
28.743
28.744
28.745
28.746
28.747
28.748
28.749
28.75
28.751
28.752
28.753
28.754
28.755
28.756
28.757
28.758
28.759
28.76
28.761
28.762
28.763
28.764
28.765
28.766
28.767
28.768
28.769
28.77
28.771
28.772
28.773
28.774
28.775
28.776
28.777
28.778
28.779
28.78
28.781
28.782
28.783
28.784
28.785
28.786
28.787
28.788
28.789
28.79
28.791
28.792
28.793
28.794
28.795
28.796
28.797
28.798
28.799
28.8
28.801
28.802
28.803
28.804
28.805
28.806
28.807
28.808
28.809
28.81
28.811
28.812
28.813
28.814
28.815
28.816
28.817
28.818
28.819
28.82
28.821
28.822
28.823
28.824
28.825
28.826
28.827
28.828
28.829
28.83
28.831
28.832
28.833
28.834
28.835
28.836
28.837
28.838
28.839
28.84
28.841
28.842
28.843
28.844
28.845
28.846
28.847
28.848
28.849
28.85
28.851
28.852
28.853
28.854
28.855
28.856
28.857
28.858
28.859
28.86
28.861
28.862
28.863
28.864
28.865
28.866
28.867
28.868
28.869
28.87
28.871
28.872
28.873
28.874
28.875
28.876
28.877
28.878
28.879
28.88
28.881
28.882
28.883
28.884
28.885
28.886
28.887
28.888
28.889
28.89
28.891
28.892
28.893
28.894
28.895
28.896
28.897
28.898
28.899
28.9
28.901
28.902
28.903
28.904
28.905
28.906
28.907
28.908
28.909
28.91
28.911
28.912
28.913
28.914
28.915
28.916
28.917
28.918
28.919
28.92
28.921
28.922
28.923
28.924
28.925
28.926
28.927
28.928
28.929
28.93
28.931
28.932
28.933
28.934
28.935
28.936
28.937
28.938
28.939
28.94
28.941
28.942
28.943
28.944
28.945
28.946
28.947
28.948
28.949
28.95
28.951
28.952
28.953
28.954
28.955
28.956
28.957
28.958
28.959
28.96
28.961
28.962
28.963
28.964
28.965
28.966
28.967
28.968
28.969
28.97
28.971
28.972
28.973
28.974
28.975
28.976
28.977
28.978
28.979
28.98
28.981
28.982
28.983
28.984
28.985
28.986
28.987
28.988
28.989
28.99
28.991
28.992
28.993
28.994
28.995
28.996
28.997
28.998
28.999
29
29.001
29.002
29.003
29.004
29.005
29.006
29.007
29.008
29.009
29.01
29.011
29.012
29.013
29.014
29.015
29.016
29.017
29.018
29.019
29.02
29.021
29.022
29.023
29.024
29.025
29.026
29.027
29.028
29.029
29.03
29.031
29.032
29.033
29.034
29.035
29.036
29.037
29.038
29.039
29.04
29.041
29.042
29.043
29.044
29.045
29.046
29.047
29.048
29.049
29.05
29.051
29.052
29.053
29.054
29.055
29.056
29.057
29.058
29.059
29.06
29.061
29.062
29.063
29.064
29.065
29.066
29.067
29.068
29.069
29.07
29.071
29.072
29.073
29.074
29.075
29.076
29.077
29.078
29.079
29.08
29.081
29.082
29.083
29.084
29.085
29.086
29.087
29.088
29.089
29.09
29.091
29.092
29.093
29.094
29.095
29.096
29.097
29.098
29.099
29.1
29.101
29.102
29.103
29.104
29.105
29.106
29.107
29.108
29.109
29.11
29.111
29.112
29.113
29.114
29.115
29.116
29.117
29.118
29.119
29.12
29.121
29.122
29.123
29.124
29.125
29.126
29.127
29.128
29.129
29.13
29.131
29.132
29.133
29.134
29.135
29.136
29.137
29.138
29.139
29.14
29.141
29.142
29.143
29.144
29.145
29.146
29.147
29.148
29.149
29.15
29.151
29.152
29.153
29.154
29.155
29.156
29.157
29.158
29.159
29.16
29.161
29.162
29.163
29.164
29.165
29.166
29.167
29.168
29.169
29.17
29.171
29.172
29.173
29.174
29.175
29.176
29.177
29.178
29.179
29.18
29.181
29.182
29.183
29.184
29.185
29.186
29.187
29.188
29.189
29.19
29.191
29.192
29.193
29.194
29.195
29.196
29.197
29.198
29.199
29.2
29.201
29.202
29.203
29.204
29.205
29.206
29.207
29.208
29.209
29.21
29.211
29.212
29.213
29.214
29.215
29.216
29.217
29.218
29.219
29.22
29.221
29.222
29.223
29.224
29.225
29.226
29.227
29.228
29.229
29.23
29.231
29.232
29.233
29.234
29.235
29.236
29.237
29.238
29.239
29.24
29.241
29.242
29.243
29.244
29.245
29.246
29.247
29.248
29.249
29.25
29.251
29.252
29.253
29.254
29.255
29.256
29.257
29.258
29.259
29.26
29.261
29.262
29.263
29.264
29.265
29.266
29.267
29.268
29.269
29.27
29.271
29.272
29.273
29.274
29.275
29.276
29.277
29.278
29.279
29.28
29.281
29.282
29.283
29.284
29.285
29.286
29.287
29.288
29.289
29.29
29.291
29.292
29.293
29.294
29.295
29.296
29.297
29.298
29.299
29.3
29.301
29.302
29.303
29.304
29.305
29.306
29.307
29.308
29.309
29.31
29.311
29.312
29.313
29.314
29.315
29.316
29.317
29.318
29.319
29.32
29.321
29.322
29.323
29.324
29.325
29.326
29.327
29.328
29.329
29.33
29.331
29.332
29.333
29.334
29.335
29.336
29.337
29.338
29.339
29.34
29.341
29.342
29.343
29.344
29.345
29.346
29.347
29.348
29.349
29.35
29.351
29.352
29.353
29.354
29.355
29.356
29.357
29.358
29.359
29.36
29.361
29.362
29.363
29.364
29.365
29.366
29.367
29.368
29.369
29.37
29.371
29.372
29.373
29.374
29.375
29.376
29.377
29.378
29.379
29.38
29.381
29.382
29.383
29.384
29.385
29.386
29.387
29.388
29.389
29.39
29.391
29.392
29.393
29.394
29.395
29.396
29.397
29.398
29.399
29.4
29.401
29.402
29.403
29.404
29.405
29.406
29.407
29.408
29.409
29.41
29.411
29.412
29.413
29.414
29.415
29.416
29.417
29.418
29.419
29.42
29.421
29.422
29.423
29.424
29.425
29.426
29.427
29.428
29.429
29.43
29.431
29.432
29.433
29.434
29.435
29.436
29.437
29.438
29.439
29.44
29.441
29.442
29.443
29.444
29.445
29.446
29.447
29.448
29.449
29.45
29.451
29.452
29.453
29.454
29.455
29.456
29.457
29.458
29.459
29.46
29.461
29.462
29.463
29.464
29.465
29.466
29.467
29.468
29.469
29.47
29.471
29.472
29.473
29.474
29.475
29.476
29.477
29.478
29.479
29.48
29.481
29.482
29.483
29.484
29.485
29.486
29.487
29.488
29.489
29.49
29.491
29.492
29.493
29.494
29.495
29.496
29.497
29.498
29.499
29.5
29.501
29.502
29.503
29.504
29.505
29.506
29.507
29.508
29.509
29.51
29.511
29.512
29.513
29.514
29.515
29.516
29.517
29.518
29.519
29.52
29.521
29.522
29.523
29.524
29.525
29.526
29.527
29.528
29.529
29.53
29.531
29.532
29.533
29.534
29.535
29.536
29.537
29.538
29.539
29.54
29.541
29.542
29.543
29.544
29.545
29.546
29.547
29.548
29.549
29.55
29.551
29.552
29.553
29.554
29.555
29.556
29.557
29.558
29.559
29.56
29.561
29.562
29.563
29.564
29.565
29.566
29.567
29.568
29.569
29.57
29.571
29.572
29.573
29.574
29.575
29.576
29.577
29.578
29.579
29.58
29.581
29.582
29.583
29.584
29.585
29.586
29.587
29.588
29.589
29.59
29.591
29.592
29.593
29.594
29.595
29.596
29.597
29.598
29.599
29.6
29.601
29.602
29.603
29.604
29.605
29.606
29.607
29.608
29.609
29.61
29.611
29.612
29.613
29.614
29.615
29.616
29.617
29.618
29.619
29.62
29.621
29.622
29.623
29.624
29.625
29.626
29.627
29.628
29.629
29.63
29.631
29.632
29.633
29.634
29.635
29.636
29.637
29.638
29.639
29.64
29.641
29.642
29.643
29.644
29.645
29.646
29.647
29.648
29.649
29.65
29.651
29.652
29.653
29.654
29.655
29.656
29.657
29.658
29.659
29.66
29.661
29.662
29.663
29.664
29.665
29.666
29.667
29.668
29.669
29.67
29.671
29.672
29.673
29.674
29.675
29.676
29.677
29.678
29.679
29.68
29.681
29.682
29.683
29.684
29.685
29.686
29.687
29.688
29.689
29.69
29.691
29.692
29.693
29.694
29.695
29.696
29.697
29.698
29.699
29.7
29.701
29.702
29.703
29.704
29.705
29.706
29.707
29.708
29.709
29.71
29.711
29.712
29.713
29.714
29.715
29.716
29.717
29.718
29.719
29.72
29.721
29.722
29.723
29.724
29.725
29.726
29.727
29.728
29.729
29.73
29.731
29.732
29.733
29.734
29.735
29.736
29.737
29.738
29.739
29.74
29.741
29.742
29.743
29.744
29.745
29.746
29.747
29.748
29.749
29.75
29.751
29.752
29.753
29.754
29.755
29.756
29.757
29.758
29.759
29.76
29.761
29.762
29.763
29.764
29.765
29.766
29.767
29.768
29.769
29.77
29.771
29.772
29.773
29.774
29.775
29.776
29.777
29.778
29.779
29.78
29.781
29.782
29.783
29.784
29.785
29.786
29.787
29.788
29.789
29.79
29.791
29.792
29.793
29.794
29.795
29.796
29.797
29.798
29.799
29.8
29.801
29.802
29.803
29.804
29.805
29.806
29.807
29.808
29.809
29.81
29.811
29.812
29.813
29.814
29.815
29.816
29.817
29.818
29.819
29.82
29.821
29.822
29.823
29.824
29.825
29.826
29.827
29.828
29.829
29.83
29.831
29.832
29.833
29.834
29.835
29.836
29.837
29.838
29.839
29.84
29.841
29.842
29.843
29.844
29.845
29.846
29.847
29.848
29.849
29.85
29.851
29.852
29.853
29.854
29.855
29.856
29.857
29.858
29.859
29.86
29.861
29.862
29.863
29.864
29.865
29.866
29.867
29.868
29.869
29.87
29.871
29.872
29.873
29.874
29.875
29.876
29.877
29.878
29.879
29.88
29.881
29.882
29.883
29.884
29.885
29.886
29.887
29.888
29.889
29.89
29.891
29.892
29.893
29.894
29.895
29.896
29.897
29.898
29.899
29.9
29.901
29.902
29.903
29.904
29.905
29.906
29.907
29.908
29.909
29.91
29.911
29.912
29.913
29.914
29.915
29.916
29.917
29.918
29.919
29.92
29.921
29.922
29.923
29.924
29.925
29.926
29.927
29.928
29.929
29.93
29.931
29.932
29.933
29.934
29.935
29.936
29.937
29.938
29.939
29.94
29.941
29.942
29.943
29.944
29.945
29.946
29.947
29.948
29.949
29.95
29.951
29.952
29.953
29.954
29.955
29.956
29.957
29.958
29.959
29.96
29.961
29.962
29.963
29.964
29.965
29.966
29.967
29.968
29.969
29.97
29.971
29.972
29.973
29.974
29.975
29.976
29.977
29.978
29.979
29.98
29.981
29.982
29.983
29.984
29.985
29.986
29.987
29.988
29.989
29.99
29.991
29.992
29.993
29.994
29.995
29.996
29.997
29.998
29.999
30
30.001
30.002
30.003
30.004
30.005
30.006
30.007
30.008
30.009
30.01
30.011
30.012
30.013
30.014
30.015
30.016
30.017
30.018
30.019
30.02
30.021
30.022
30.023
30.024
30.025
30.026
30.027
30.028
30.029
30.03
30.031
30.032
30.033
30.034
30.035
30.036
30.037
30.038
30.039
30.04
30.041
30.042
30.043
30.044
30.045
30.046
30.047
30.048
30.049
30.05
30.051
30.052
30.053
30.054
30.055
30.056
30.057
30.058
30.059
30.06
30.061
30.062
30.063
30.064
30.065
30.066
30.067
30.068
30.069
30.07
30.071
30.072
30.073
30.074
30.075
30.076
30.077
30.078
30.079
30.08
30.081
30.082
30.083
30.084
30.085
30.086
30.087
30.088
30.089
30.09
30.091
30.092
30.093
30.094
30.095
30.096
30.097
30.098
30.099
30.1
30.101
30.102
30.103
30.104
30.105
30.106
30.107
30.108
30.109
30.11
30.111
30.112
30.113
30.114
30.115
30.116
30.117
30.118
30.119
30.12
30.121
30.122
30.123
30.124
30.125
30.126
30.127
30.128
30.129
30.13
30.131
30.132
30.133
30.134
30.135
30.136
30.137
30.138
30.139
30.14
30.141
30.142
30.143
30.144
30.145
30.146
30.147
30.148
30.149
30.15
30.151
30.152
30.153
30.154
30.155
30.156
30.157
30.158
30.159
30.16
30.161
30.162
30.163
30.164
30.165
30.166
30.167
30.168
30.169
30.17
30.171
30.172
30.173
30.174
30.175
30.176
30.177
30.178
30.179
30.18
30.181
30.182
30.183
30.184
30.185
30.186
30.187
30.188
30.189
30.19
30.191
30.192
30.193
30.194
30.195
30.196
30.197
30.198
30.199
30.2
30.201
30.202
30.203
30.204
30.205
30.206
30.207
30.208
30.209
30.21
30.211
30.212
30.213
30.214
30.215
30.216
30.217
30.218
30.219
30.22
30.221
30.222
30.223
30.224
30.225
30.226
30.227
30.228
30.229
30.23
30.231
30.232
30.233
30.234
30.235
30.236
30.237
30.238
30.239
30.24
30.241
30.242
30.243
30.244
30.245
30.246
30.247
30.248
30.249
30.25
30.251
30.252
30.253
30.254
30.255
30.256
30.257
30.258
30.259
30.26
30.261
30.262
30.263
30.264
30.265
30.266
30.267
30.268
30.269
30.27
30.271
30.272
30.273
30.274
30.275
30.276
30.277
30.278
30.279
30.28
30.281
30.282
30.283
30.284
30.285
30.286
30.287
30.288
30.289
30.29
30.291
30.292
30.293
30.294
30.295
30.296
30.297
30.298
30.299
30.3
30.301
30.302
30.303
30.304
30.305
30.306
30.307
30.308
30.309
30.31
30.311
30.312
30.313
30.314
30.315
30.316
30.317
30.318
30.319
30.32
30.321
30.322
30.323
30.324
30.325
30.326
30.327
30.328
30.329
30.33
30.331
30.332
30.333
30.334
30.335
30.336
30.337
30.338
30.339
30.34
30.341
30.342
30.343
30.344
30.345
30.346
30.347
30.348
30.349
30.35
30.351
30.352
30.353
30.354
30.355
30.356
30.357
30.358
30.359
30.36
30.361
30.362
30.363
30.364
30.365
30.366
30.367
30.368
30.369
30.37
30.371
30.372
30.373
30.374
30.375
30.376
30.377
30.378
30.379
30.38
30.381
30.382
30.383
30.384
30.385
30.386
30.387
30.388
30.389
30.39
30.391
30.392
30.393
30.394
30.395
30.396
30.397
30.398
30.399
30.4
30.401
30.402
30.403
30.404
30.405
30.406
30.407
30.408
30.409
30.41
30.411
30.412
30.413
30.414
30.415
30.416
30.417
30.418
30.419
30.42
30.421
30.422
30.423
30.424
30.425
30.426
30.427
30.428
30.429
30.43
30.431
30.432
30.433
30.434
30.435
30.436
30.437
30.438
30.439
30.44
30.441
30.442
30.443
30.444
30.445
30.446
30.447
30.448
30.449
30.45
30.451
30.452
30.453
30.454
30.455
30.456
30.457
30.458
30.459
30.46
30.461
30.462
30.463
30.464
30.465
30.466
30.467
30.468
30.469
30.47
30.471
30.472
30.473
30.474
30.475
30.476
30.477
30.478
30.479
30.48
30.481
30.482
30.483
30.484
30.485
30.486
30.487
30.488
30.489
30.49
30.491
30.492
30.493
30.494
30.495
30.496
30.497
30.498
30.499
30.5
30.501
30.502
30.503
30.504
30.505
30.506
30.507
30.508
30.509
30.51
30.511
30.512
30.513
30.514
30.515
30.516
30.517
30.518
30.519
30.52
30.521
30.522
30.523
30.524
30.525
30.526
30.527
30.528
30.529
30.53
30.531
30.532
30.533
30.534
30.535
30.536
30.537
30.538
30.539
30.54
30.541
30.542
30.543
30.544
30.545
30.546
30.547
30.548
30.549
30.55
30.551
30.552
30.553
30.554
30.555
30.556
30.557
30.558
30.559
30.56
30.561
30.562
30.563
30.564
30.565
30.566
30.567
30.568
30.569
30.57
30.571
30.572
30.573
30.574
30.575
30.576
30.577
30.578
30.579
30.58
30.581
30.582
30.583
30.584
30.585
30.586
30.587
30.588
30.589
30.59
30.591
30.592
30.593
30.594
30.595
30.596
30.597
30.598
30.599
30.6
30.601
30.602
30.603
30.604
30.605
30.606
30.607
30.608
30.609
30.61
30.611
30.612
30.613
30.614
30.615
30.616
30.617
30.618
30.619
30.62
30.621
30.622
30.623
30.624
30.625
30.626
30.627
30.628
30.629
30.63
30.631
30.632
30.633
30.634
30.635
30.636
30.637
30.638
30.639
30.64
30.641
30.642
30.643
30.644
30.645
30.646
30.647
30.648
30.649
30.65
30.651
30.652
30.653
30.654
30.655
30.656
30.657
30.658
30.659
30.66
30.661
30.662
30.663
30.664
30.665
30.666
30.667
30.668
30.669
30.67
30.671
30.672
30.673
30.674
30.675
30.676
30.677
30.678
30.679
30.68
30.681
30.682
30.683
30.684
30.685
30.686
30.687
30.688
30.689
30.69
30.691
30.692
30.693
30.694
30.695
30.696
30.697
30.698
30.699
30.7
30.701
30.702
30.703
30.704
30.705
30.706
30.707
30.708
30.709
30.71
30.711
30.712
30.713
30.714
30.715
30.716
30.717
30.718
30.719
30.72
30.721
30.722
30.723
30.724
30.725
30.726
30.727
30.728
30.729
30.73
30.731
30.732
30.733
30.734
30.735
30.736
30.737
30.738
30.739
30.74
30.741
30.742
30.743
30.744
30.745
30.746
30.747
30.748
30.749
30.75
30.751
30.752
30.753
30.754
30.755
30.756
30.757
30.758
30.759
30.76
30.761
30.762
30.763
30.764
30.765
30.766
30.767
30.768
30.769
30.77
30.771
30.772
30.773
30.774
30.775
30.776
30.777
30.778
30.779
30.78
30.781
30.782
30.783
30.784
30.785
30.786
30.787
30.788
30.789
30.79
30.791
30.792
30.793
30.794
30.795
30.796
30.797
30.798
30.799
30.8
30.801
30.802
30.803
30.804
30.805
30.806
30.807
30.808
30.809
30.81
30.811
30.812
30.813
30.814
30.815
30.816
30.817
30.818
30.819
30.82
30.821
30.822
30.823
30.824
30.825
30.826
30.827
30.828
30.829
30.83
30.831
30.832
30.833
30.834
30.835
30.836
30.837
30.838
30.839
30.84
30.841
30.842
30.843
30.844
30.845
30.846
30.847
30.848
30.849
30.85
30.851
30.852
30.853
30.854
30.855
30.856
30.857
30.858
30.859
30.86
30.861
30.862
30.863
30.864
30.865
30.866
30.867
30.868
30.869
30.87
30.871
30.872
30.873
30.874
30.875
30.876
30.877
30.878
30.879
30.88
30.881
30.882
30.883
30.884
30.885
30.886
30.887
30.888
30.889
30.89
30.891
30.892
30.893
30.894
30.895
30.896
30.897
30.898
30.899
30.9
30.901
30.902
30.903
30.904
30.905
30.906
30.907
30.908
30.909
30.91
30.911
30.912
30.913
30.914
30.915
30.916
30.917
30.918
30.919
30.92
30.921
30.922
30.923
30.924
30.925
30.926
30.927
30.928
30.929
30.93
30.931
30.932
30.933
30.934
30.935
30.936
30.937
30.938
30.939
30.94
30.941
30.942
30.943
30.944
30.945
30.946
30.947
30.948
30.949
30.95
30.951
30.952
30.953
30.954
30.955
30.956
30.957
30.958
30.959
30.96
30.961
30.962
30.963
30.964
30.965
30.966
30.967
30.968
30.969
30.97
30.971
30.972
30.973
30.974
30.975
30.976
30.977
30.978
30.979
30.98
30.981
30.982
30.983
30.984
30.985
30.986
30.987
30.988
30.989
30.99
30.991
30.992
30.993
30.994
30.995
30.996
30.997
30.998
30.999
31
31.001
31.002
31.003
31.004
31.005
31.006
31.007
31.008
31.009
31.01
31.011
31.012
31.013
31.014
31.015
31.016
31.017
31.018
31.019
31.02
31.021
31.022
31.023
31.024
31.025
31.026
31.027
31.028
31.029
31.03
31.031
31.032
31.033
31.034
31.035
31.036
31.037
31.038
31.039
31.04
31.041
31.042
31.043
31.044
31.045
31.046
31.047
31.048
31.049
31.05
31.051
31.052
31.053
31.054
31.055
31.056
31.057
31.058
31.059
31.06
31.061
31.062
31.063
31.064
31.065
31.066
31.067
31.068
31.069
31.07
31.071
31.072
31.073
31.074
31.075
31.076
31.077
31.078
31.079
31.08
31.081
31.082
31.083
31.084
31.085
31.086
31.087
31.088
31.089
31.09
31.091
31.092
31.093
31.094
31.095
31.096
31.097
31.098
31.099
31.1
31.101
31.102
31.103
31.104
31.105
31.106
31.107
31.108
31.109
31.11
31.111
31.112
31.113
31.114
31.115
31.116
31.117
31.118
31.119
31.12
31.121
31.122
31.123
31.124
31.125
31.126
31.127
31.128
31.129
31.13
31.131
31.132
31.133
31.134
31.135
31.136
31.137
31.138
31.139
31.14
31.141
31.142
31.143
31.144
31.145
31.146
31.147
31.148
31.149
31.15
31.151
31.152
31.153
31.154
31.155
31.156
31.157
31.158
31.159
31.16
31.161
31.162
31.163
31.164
31.165
31.166
31.167
31.168
31.169
31.17
31.171
31.172
31.173
31.174
31.175
31.176
31.177
31.178
31.179
31.18
31.181
31.182
31.183
31.184
31.185
31.186
31.187
31.188
31.189
31.19
31.191
31.192
31.193
31.194
31.195
31.196
31.197
31.198
31.199
31.2
31.201
31.202
31.203
31.204
31.205
31.206
31.207
31.208
31.209
31.21
31.211
31.212
31.213
31.214
31.215
31.216
31.217
31.218
31.219
31.22
31.221
31.222
31.223
31.224
31.225
31.226
31.227
31.228
31.229
31.23
31.231
31.232
31.233
31.234
31.235
31.236
31.237
31.238
31.239
31.24
31.241
31.242
31.243
31.244
31.245
31.246
31.247
31.248
31.249
31.25
31.251
31.252
31.253
31.254
31.255
31.256
31.257
31.258
31.259
31.26
31.261
31.262
31.263
31.264
31.265
31.266
31.267
31.268
31.269
31.27
31.271
31.272
31.273
31.274
31.275
31.276
31.277
31.278
31.279
31.28
31.281
31.282
31.283
31.284
31.285
31.286
31.287
31.288
31.289
31.29
31.291
31.292
31.293
31.294
31.295
31.296
31.297
31.298
31.299
31.3
31.301
31.302
31.303
31.304
31.305
31.306
31.307
31.308
31.309
31.31
31.311
31.312
31.313
31.314
31.315
31.316
31.317
31.318
31.319
31.32
31.321
31.322
31.323
31.324
31.325
31.326
31.327
31.328
31.329
31.33
31.331
31.332
31.333
31.334
31.335
31.336
31.337
31.338
31.339
31.34
31.341
31.342
31.343
31.344
31.345
31.346
31.347
31.348
31.349
31.35
31.351
31.352
31.353
31.354
31.355
31.356
31.357
31.358
31.359
31.36
31.361
31.362
31.363
31.364
31.365
31.366
31.367
31.368
31.369
31.37
31.371
31.372
31.373
31.374
31.375
31.376
31.377
31.378
31.379
31.38
31.381
31.382
31.383
31.384
31.385
31.386
31.387
31.388
31.389
31.39
31.391
31.392
31.393
31.394
31.395
31.396
31.397
31.398
31.399
31.4
31.401
31.402
31.403
31.404
31.405
31.406
31.407
31.408
31.409
31.41
31.411
31.412
31.413
31.414
31.415
31.416
31.417
31.418
31.419
31.42
31.421
31.422
31.423
31.424
31.425
31.426
31.427
31.428
31.429
31.43
31.431
31.432
31.433
31.434
31.435
31.436
31.437
31.438
31.439
31.44
31.441
31.442
31.443
31.444
31.445
31.446
31.447
31.448
31.449
31.45
31.451
31.452
31.453
31.454
31.455
31.456
31.457
31.458
31.459
31.46
31.461
31.462
31.463
31.464
31.465
31.466
31.467
31.468
31.469
31.47
31.471
31.472
31.473
31.474
31.475
31.476
31.477
31.478
31.479
31.48
31.481
31.482
31.483
31.484
31.485
31.486
31.487
31.488
31.489
31.49
31.491
31.492
31.493
31.494
31.495
31.496
31.497
31.498
31.499
31.5
31.501
31.502
31.503
31.504
31.505
31.506
31.507
31.508
31.509
31.51
31.511
31.512
31.513
31.514
31.515
31.516
31.517
31.518
31.519
31.52
31.521
31.522
31.523
31.524
31.525
31.526
31.527
31.528
31.529
31.53
31.531
31.532
31.533
31.534
31.535
31.536
31.537
31.538
31.539
31.54
31.541
31.542
31.543
31.544
31.545
31.546
31.547
31.548
31.549
31.55
31.551
31.552
31.553
31.554
31.555
31.556
31.557
31.558
31.559
31.56
31.561
31.562
31.563
31.564
31.565
31.566
31.567
31.568
31.569
31.57
31.571
31.572
31.573
31.574
31.575
31.576
31.577
31.578
31.579
31.58
31.581
31.582
31.583
31.584
31.585
31.586
31.587
31.588
31.589
31.59
31.591
31.592
31.593
31.594
31.595
31.596
31.597
31.598
31.599
31.6
31.601
31.602
31.603
31.604
31.605
31.606
31.607
31.608
31.609
31.61
31.611
31.612
31.613
31.614
31.615
31.616
31.617
31.618
31.619
31.62
31.621
31.622
31.623
31.624
31.625
31.626
31.627
31.628
31.629
31.63
31.631
31.632
31.633
31.634
31.635
31.636
31.637
31.638
31.639
31.64
31.641
31.642
31.643
31.644
31.645
31.646
31.647
31.648
31.649
31.65
31.651
31.652
31.653
31.654
31.655
31.656
31.657
31.658
31.659
31.66
31.661
31.662
31.663
31.664
31.665
31.666
31.667
31.668
31.669
31.67
31.671
31.672
31.673
31.674
31.675
31.676
31.677
31.678
31.679
31.68
31.681
31.682
31.683
31.684
31.685
31.686
31.687
31.688
31.689
31.69
31.691
31.692
31.693
31.694
31.695
31.696
31.697
31.698
31.699
31.7
31.701
31.702
31.703
31.704
31.705
31.706
31.707
31.708
31.709
31.71
31.711
31.712
31.713
31.714
31.715
31.716
31.717
31.718
31.719
31.72
31.721
31.722
31.723
31.724
31.725
31.726
31.727
31.728
31.729
31.73
31.731
31.732
31.733
31.734
31.735
31.736
31.737
31.738
31.739
31.74
31.741
31.742
31.743
31.744
31.745
31.746
31.747
31.748
31.749
31.75
31.751
31.752
31.753
31.754
31.755
31.756
31.757
31.758
31.759
31.76
31.761
31.762
31.763
31.764
31.765
31.766
31.767
31.768
31.769
31.77
31.771
31.772
31.773
31.774
31.775
31.776
31.777
31.778
31.779
31.78
31.781
31.782
31.783
31.784
31.785
31.786
31.787
31.788
31.789
31.79
31.791
31.792
31.793
31.794
31.795
31.796
31.797
31.798
31.799
31.8
31.801
31.802
31.803
31.804
31.805
31.806
31.807
31.808
31.809
31.81
31.811
31.812
31.813
31.814
31.815
31.816
31.817
31.818
31.819
31.82
31.821
31.822
31.823
31.824
31.825
31.826
31.827
31.828
31.829
31.83
31.831
31.832
31.833
31.834
31.835
31.836
31.837
31.838
31.839
31.84
31.841
31.842
31.843
31.844
31.845
31.846
31.847
31.848
31.849
31.85
31.851
31.852
31.853
31.854
31.855
31.856
31.857
31.858
31.859
31.86
31.861
31.862
31.863
31.864
31.865
31.866
31.867
31.868
31.869
31.87
31.871
31.872
31.873
31.874
31.875
31.876
31.877
31.878
31.879
31.88
31.881
31.882
31.883
31.884
31.885
31.886
31.887
31.888
31.889
31.89
31.891
31.892
31.893
31.894
31.895
31.896
31.897
31.898
31.899
31.9
31.901
31.902
31.903
31.904
31.905
31.906
31.907
31.908
31.909
31.91
31.911
31.912
31.913
31.914
31.915
31.916
31.917
31.918
31.919
31.92
31.921
31.922
31.923
31.924
31.925
31.926
31.927
31.928
31.929
31.93
31.931
31.932
31.933
31.934
31.935
31.936
31.937
31.938
31.939
31.94
31.941
31.942
31.943
31.944
31.945
31.946
31.947
31.948
31.949
31.95
31.951
31.952
31.953
31.954
31.955
31.956
31.957
31.958
31.959
31.96
31.961
31.962
31.963
31.964
31.965
31.966
31.967
31.968
31.969
31.97
31.971
31.972
31.973
31.974
31.975
31.976
31.977
31.978
31.979
31.98
31.981
31.982
31.983
31.984
31.985
31.986
31.987
31.988
31.989
31.99
31.991
31.992
31.993
31.994
31.995
31.996
31.997
31.998
31.999
32
32.001
32.002
32.003
32.004
32.005
32.006
32.007
32.008
32.009
32.01
32.011
32.012
32.013
32.014
32.015
32.016
32.017
32.018
32.019
32.02
32.021
32.022
32.023
32.024
32.025
32.026
32.027
32.028
32.029
32.03
32.031
32.032
32.033
32.034
32.035
32.036
32.037
32.038
32.039
32.04
32.041
32.042
32.043
32.044
32.045
32.046
32.047
32.048
32.049
32.05
32.051
32.052
32.053
32.054
32.055
32.056
32.057
32.058
32.059
32.06
32.061
32.062
32.063
32.064
32.065
32.066
32.067
32.068
32.069
32.07
32.071
32.072
32.073
32.074
32.075
32.076
32.077
32.078
32.079
32.08
32.081
32.082
32.083
32.084
32.085
32.086
32.087
32.088
32.089
32.09
32.091
32.092
32.093
32.094
32.095
32.096
32.097
32.098
32.099
32.1
32.101
32.102
32.103
32.104
32.105
32.106
32.107
32.108
32.109
32.11
32.111
32.112
32.113
32.114
32.115
32.116
32.117
32.118
32.119
32.12
32.121
32.122
32.123
32.124
32.125
32.126
32.127
32.128
32.129
32.13
32.131
32.132
32.133
32.134
32.135
32.136
32.137
32.138
32.139
32.14
32.141
32.142
32.143
32.144
32.145
32.146
32.147
32.148
32.149
32.15
32.151
32.152
32.153
32.154
32.155
32.156
32.157
32.158
32.159
32.16
32.161
32.162
32.163
32.164
32.165
32.166
32.167
32.168
32.169
32.17
32.171
32.172
32.173
32.174
32.175
32.176
32.177
32.178
32.179
32.18
32.181
32.182
32.183
32.184
32.185
32.186
32.187
32.188
32.189
32.19
32.191
32.192
32.193
32.194
32.195
32.196
32.197
32.198
32.199
32.2
32.201
32.202
32.203
32.204
32.205
32.206
32.207
32.208
32.209
32.21
32.211
32.212
32.213
32.214
32.215
32.216
32.217
32.218
32.219
32.22
32.221
32.222
32.223
32.224
32.225
32.226
32.227
32.228
32.229
32.23
32.231
32.232
32.233
32.234
32.235
32.236
32.237
32.238
32.239
32.24
32.241
32.242
32.243
32.244
32.245
32.246
32.247
32.248
32.249
32.25
32.251
32.252
32.253
32.254
32.255
32.256
32.257
32.258
32.259
32.26
32.261
32.262
32.263
32.264
32.265
32.266
32.267
32.268
32.269
32.27
32.271
32.272
32.273
32.274
32.275
32.276
32.277
32.278
32.279
32.28
32.281
32.282
32.283
32.284
32.285
32.286
32.287
32.288
32.289
32.29
32.291
32.292
32.293
32.294
32.295
32.296
32.297
32.298
32.299
32.3
32.301
32.302
32.303
32.304
32.305
32.306
32.307
32.308
32.309
32.31
32.311
32.312
32.313
32.314
32.315
32.316
32.317
32.318
32.319
32.32
32.321
32.322
32.323
32.324
32.325
32.326
32.327
32.328
32.329
32.33
32.331
32.332
32.333
32.334
32.335
32.336
32.337
32.338
32.339
32.34
32.341
32.342
32.343
32.344
32.345
32.346
32.347
32.348
32.349
32.35
32.351
32.352
32.353
32.354
32.355
32.356
32.357
32.358
32.359
32.36
32.361
32.362
32.363
32.364
32.365
32.366
32.367
32.368
32.369
32.37
32.371
32.372
32.373
32.374
32.375
32.376
32.377
32.378
32.379
32.38
32.381
32.382
32.383
32.384
32.385
32.386
32.387
32.388
32.389
32.39
32.391
32.392
32.393
32.394
32.395
32.396
32.397
32.398
32.399
32.4
32.401
32.402
32.403
32.404
32.405
32.406
32.407
32.408
32.409
32.41
32.411
32.412
32.413
32.414
32.415
32.416
32.417
32.418
32.419
32.42
32.421
32.422
32.423
32.424
32.425
32.426
32.427
32.428
32.429
32.43
32.431
32.432
32.433
32.434
32.435
32.436
32.437
32.438
32.439
32.44
32.441
32.442
32.443
32.444
32.445
32.446
32.447
32.448
32.449
32.45
32.451
32.452
32.453
32.454
32.455
32.456
32.457
32.458
32.459
32.46
32.461
32.462
32.463
32.464
32.465
32.466
32.467
32.468
32.469
32.47
32.471
32.472
32.473
32.474
32.475
32.476
32.477
32.478
32.479
32.48
32.481
32.482
32.483
32.484
32.485
32.486
32.487
32.488
32.489
32.49
32.491
32.492
32.493
32.494
32.495
32.496
32.497
32.498
32.499
32.5
32.501
32.502
32.503
32.504
32.505
32.506
32.507
32.508
32.509
32.51
32.511
32.512
32.513
32.514
32.515
32.516
32.517
32.518
32.519
32.52
32.521
32.522
32.523
32.524
32.525
32.526
32.527
32.528
32.529
32.53
32.531
32.532
32.533
32.534
32.535
32.536
32.537
32.538
32.539
32.54
32.541
32.542
32.543
32.544
32.545
32.546
32.547
32.548
32.549
32.55
32.551
32.552
32.553
32.554
32.555
32.556
32.557
32.558
32.559
32.56
32.561
32.562
32.563
32.564
32.565
32.566
32.567
32.568
32.569
32.57
32.571
32.572
32.573
32.574
32.575
32.576
32.577
32.578
32.579
32.58
32.581
32.582
32.583
32.584
32.585
32.586
32.587
32.588
32.589
32.59
32.591
32.592
32.593
32.594
32.595
32.596
32.597
32.598
32.599
32.6
32.601
32.602
32.603
32.604
32.605
32.606
32.607
32.608
32.609
32.61
32.611
32.612
32.613
32.614
32.615
32.616
32.617
32.618
32.619
32.62
32.621
32.622
32.623
32.624
32.625
32.626
32.627
32.628
32.629
32.63
32.631
32.632
32.633
32.634
32.635
32.636
32.637
32.638
32.639
32.64
32.641
32.642
32.643
32.644
32.645
32.646
32.647
32.648
32.649
32.65
32.651
32.652
32.653
32.654
32.655
32.656
32.657
32.658
32.659
32.66
32.661
32.662
32.663
32.664
32.665
32.666
32.667
32.668
32.669
32.67
32.671
32.672
32.673
32.674
32.675
32.676
32.677
32.678
32.679
32.68
32.681
32.682
32.683
32.684
32.685
32.686
32.687
32.688
32.689
32.69
32.691
32.692
32.693
32.694
32.695
32.696
32.697
32.698
32.699
32.7
32.701
32.702
32.703
32.704
32.705
32.706
32.707
32.708
32.709
32.71
32.711
32.712
32.713
32.714
32.715
32.716
32.717
32.718
32.719
32.72
32.721
32.722
32.723
32.724
32.725
32.726
32.727
32.728
32.729
32.73
32.731
32.732
32.733
32.734
32.735
32.736
32.737
32.738
32.739
32.74
32.741
32.742
32.743
32.744
32.745
32.746
32.747
32.748
32.749
32.75
32.751
32.752
32.753
32.754
32.755
32.756
32.757
32.758
32.759
32.76
32.761
32.762
32.763
32.764
32.765
32.766
32.767
32.768
32.769
32.77
32.771
32.772
32.773
32.774
32.775
32.776
32.777
32.778
32.779
32.78
32.781
32.782
32.783
32.784
32.785
32.786
32.787
32.788
32.789
32.79
32.791
32.792
32.793
32.794
32.795
32.796
32.797
32.798
32.799
32.8
32.801
32.802
32.803
32.804
32.805
32.806
32.807
32.808
32.809
32.81
32.811
32.812
32.813
32.814
32.815
32.816
32.817
32.818
32.819
32.82
32.821
32.822
32.823
32.824
32.825
32.826
32.827
32.828
32.829
32.83
32.831
32.832
32.833
32.834
32.835
32.836
32.837
32.838
32.839
32.84
32.841
32.842
32.843
32.844
32.845
32.846
32.847
32.848
32.849
32.85
32.851
32.852
32.853
32.854
32.855
32.856
32.857
32.858
32.859
32.86
32.861
32.862
32.863
32.864
32.865
32.866
32.867
32.868
32.869
32.87
32.871
32.872
32.873
32.874
32.875
32.876
32.877
32.878
32.879
32.88
32.881
32.882
32.883
32.884
32.885
32.886
32.887
32.888
32.889
32.89
32.891
32.892
32.893
32.894
32.895
32.896
32.897
32.898
32.899
32.9
32.901
32.902
32.903
32.904
32.905
32.906
32.907
32.908
32.909
32.91
32.911
32.912
32.913
32.914
32.915
32.916
32.917
32.918
32.919
32.92
32.921
32.922
32.923
32.924
32.925
32.926
32.927
32.928
32.929
32.93
32.931
32.932
32.933
32.934
32.935
32.936
32.937
32.938
32.939
32.94
32.941
32.942
32.943
32.944
32.945
32.946
32.947
32.948
32.949
32.95
32.951
32.952
32.953
32.954
32.955
32.956
32.957
32.958
32.959
32.96
32.961
32.962
32.963
32.964
32.965
32.966
32.967
32.968
32.969
32.97
32.971
32.972
32.973
32.974
32.975
32.976
32.977
32.978
32.979
32.98
32.981
32.982
32.983
32.984
32.985
32.986
32.987
32.988
32.989
32.99
32.991
32.992
32.993
32.994
32.995
32.996
32.997
32.998
32.999
33
33.001
33.002
33.003
33.004
33.005
33.006
33.007
33.008
33.009
33.01
33.011
33.012
33.013
33.014
33.015
33.016
33.017
33.018
33.019
33.02
33.021
33.022
33.023
33.024
33.025
33.026
33.027
33.028
33.029
33.03
33.031
33.032
33.033
33.034
33.035
33.036
33.037
33.038
33.039
33.04
33.041
33.042
33.043
33.044
33.045
33.046
33.047
33.048
33.049
33.05
33.051
33.052
33.053
33.054
33.055
33.056
33.057
33.058
33.059
33.06
33.061
33.062
33.063
33.064
33.065
33.066
33.067
33.068
33.069
33.07
33.071
33.072
33.073
33.074
33.075
33.076
33.077
33.078
33.079
33.08
33.081
33.082
33.083
33.084
33.085
33.086
33.087
33.088
33.089
33.09
33.091
33.092
33.093
33.094
33.095
33.096
33.097
33.098
33.099
33.1
33.101
33.102
33.103
33.104
33.105
33.106
33.107
33.108
33.109
33.11
33.111
33.112
33.113
33.114
33.115
33.116
33.117
33.118
33.119
33.12
33.121
33.122
33.123
33.124
33.125
33.126
33.127
33.128
33.129
33.13
33.131
33.132
33.133
33.134
33.135
33.136
33.137
33.138
33.139
33.14
33.141
33.142
33.143
33.144
33.145
33.146
33.147
33.148
33.149
33.15
33.151
33.152
33.153
33.154
33.155
33.156
33.157
33.158
33.159
33.16
33.161
33.162
33.163
33.164
33.165
33.166
33.167
33.168
33.169
33.17
33.171
33.172
33.173
33.174
33.175
33.176
33.177
33.178
33.179
33.18
33.181
33.182
33.183
33.184
33.185
33.186
33.187
33.188
33.189
33.19
33.191
33.192
33.193
33.194
33.195
33.196
33.197
33.198
33.199
33.2
33.201
33.202
33.203
33.204
33.205
33.206
33.207
33.208
33.209
33.21
33.211
33.212
33.213
33.214
33.215
33.216
33.217
33.218
33.219
33.22
33.221
33.222
33.223
33.224
33.225
33.226
33.227
33.228
33.229
33.23
33.231
33.232
33.233
33.234
33.235
33.236
33.237
33.238
33.239
33.24
33.241
33.242
33.243
33.244
33.245
33.246
33.247
33.248
33.249
33.25
33.251
33.252
33.253
33.254
33.255
33.256
33.257
33.258
33.259
33.26
33.261
33.262
33.263
33.264
33.265
33.266
33.267
33.268
33.269
33.27
33.271
33.272
33.273
33.274
33.275
33.276
33.277
33.278
33.279
33.28
33.281
33.282
33.283
33.284
33.285
33.286
33.287
33.288
33.289
33.29
33.291
33.292
33.293
33.294
33.295
33.296
33.297
33.298
33.299
33.3
33.301
33.302
33.303
33.304
33.305
33.306
33.307
33.308
33.309
33.31
33.311
33.312
33.313
33.314
33.315
33.316
33.317
33.318
33.319
33.32
33.321
33.322
33.323
33.324
33.325
33.326
33.327
33.328
33.329
33.33
33.331
33.332
33.333
33.334
33.335
33.336
33.337
33.338
33.339
33.34
33.341
33.342
33.343
33.344
33.345
33.346
33.347
33.348
33.349
33.35
33.351
33.352
33.353
33.354
33.355
33.356
33.357
33.358
33.359
33.36
33.361
33.362
33.363
33.364
33.365
33.366
33.367
33.368
33.369
33.37
33.371
33.372
33.373
33.374
33.375
33.376
33.377
33.378
33.379
33.38
33.381
33.382
33.383
33.384
33.385
33.386
33.387
33.388
33.389
33.39
33.391
33.392
33.393
33.394
33.395
33.396
33.397
33.398
33.399
33.4
33.401
33.402
33.403
33.404
33.405
33.406
33.407
33.408
33.409
33.41
33.411
33.412
33.413
33.414
33.415
33.416
33.417
33.418
33.419
33.42
33.421
33.422
33.423
33.424
33.425
33.426
33.427
33.428
33.429
33.43
33.431
33.432
33.433
33.434
33.435
33.436
33.437
33.438
33.439
33.44
33.441
33.442
33.443
33.444
33.445
33.446
33.447
33.448
33.449
33.45
33.451
33.452
33.453
33.454
33.455
33.456
33.457
33.458
33.459
33.46
33.461
33.462
33.463
33.464
33.465
33.466
33.467
33.468
33.469
33.47
33.471
33.472
33.473
33.474
33.475
33.476
33.477
33.478
33.479
33.48
33.481
33.482
33.483
33.484
33.485
33.486
33.487
33.488
33.489
33.49
33.491
33.492
33.493
33.494
33.495
33.496
33.497
33.498
33.499
33.5
33.501
33.502
33.503
33.504
33.505
33.506
33.507
33.508
33.509
33.51
33.511
33.512
33.513
33.514
33.515
33.516
33.517
33.518
33.519
33.52
33.521
33.522
33.523
33.524
33.525
33.526
33.527
33.528
33.529
33.53
33.531
33.532
33.533
33.534
33.535
33.536
33.537
33.538
33.539
33.54
33.541
33.542
33.543
33.544
33.545
33.546
33.547
33.548
33.549
33.55
33.551
33.552
33.553
33.554
33.555
33.556
33.557
33.558
33.559
33.56
33.561
33.562
33.563
33.564
33.565
33.566
33.567
33.568
33.569
33.57
33.571
33.572
33.573
33.574
33.575
33.576
33.577
33.578
33.579
33.58
33.581
33.582
33.583
33.584
33.585
33.586
33.587
33.588
33.589
33.59
33.591
33.592
33.593
33.594
33.595
33.596
33.597
33.598
33.599
33.6
33.601
33.602
33.603
33.604
33.605
33.606
33.607
33.608
33.609
33.61
33.611
33.612
33.613
33.614
33.615
33.616
33.617
33.618
33.619
33.62
33.621
33.622
33.623
33.624
33.625
33.626
33.627
33.628
33.629
33.63
33.631
33.632
33.633
33.634
33.635
33.636
33.637
33.638
33.639
33.64
33.641
33.642
33.643
33.644
33.645
33.646
33.647
33.648
33.649
33.65
33.651
33.652
33.653
33.654
33.655
33.656
33.657
33.658
33.659
33.66
33.661
33.662
33.663
33.664
33.665
33.666
33.667
33.668
33.669
33.67
33.671
33.672
33.673
33.674
33.675
33.676
33.677
33.678
33.679
33.68
33.681
33.682
33.683
33.684
33.685
33.686
33.687
33.688
33.689
33.69
33.691
33.692
33.693
33.694
33.695
33.696
33.697
33.698
33.699
33.7
33.701
33.702
33.703
33.704
33.705
33.706
33.707
33.708
33.709
33.71
33.711
33.712
33.713
33.714
33.715
33.716
33.717
33.718
33.719
33.72
33.721
33.722
33.723
33.724
33.725
33.726
33.727
33.728
33.729
33.73
33.731
33.732
33.733
33.734
33.735
33.736
33.737
33.738
33.739
33.74
33.741
33.742
33.743
33.744
33.745
33.746
33.747
33.748
33.749
33.75
33.751
33.752
33.753
33.754
33.755
33.756
33.757
33.758
33.759
33.76
33.761
33.762
33.763
33.764
33.765
33.766
33.767
33.768
33.769
33.77
33.771
33.772
33.773
33.774
33.775
33.776
33.777
33.778
33.779
33.78
33.781
33.782
33.783
33.784
33.785
33.786
33.787
33.788
33.789
33.79
33.791
33.792
33.793
33.794
33.795
33.796
33.797
33.798
33.799
33.8
33.801
33.802
33.803
33.804
33.805
33.806
33.807
33.808
33.809
33.81
33.811
33.812
33.813
33.814
33.815
33.816
33.817
33.818
33.819
33.82
33.821
33.822
33.823
33.824
33.825
33.826
33.827
33.828
33.829
33.83
33.831
33.832
33.833
33.834
33.835
33.836
33.837
33.838
33.839
33.84
33.841
33.842
33.843
33.844
33.845
33.846
33.847
33.848
33.849
33.85
33.851
33.852
33.853
33.854
33.855
33.856
33.857
33.858
33.859
33.86
33.861
33.862
33.863
33.864
33.865
33.866
33.867
33.868
33.869
33.87
33.871
33.872
33.873
33.874
33.875
33.876
33.877
33.878
33.879
33.88
33.881
33.882
33.883
33.884
33.885
33.886
33.887
33.888
33.889
33.89
33.891
33.892
33.893
33.894
33.895
33.896
33.897
33.898
33.899
33.9
33.901
33.902
33.903
33.904
33.905
33.906
33.907
33.908
33.909
33.91
33.911
33.912
33.913
33.914
33.915
33.916
33.917
33.918
33.919
33.92
33.921
33.922
33.923
33.924
33.925
33.926
33.927
33.928
33.929
33.93
33.931
33.932
33.933
33.934
33.935
33.936
33.937
33.938
33.939
33.94
33.941
33.942
33.943
33.944
33.945
33.946
33.947
33.948
33.949
33.95
33.951
33.952
33.953
33.954
33.955
33.956
33.957
33.958
33.959
33.96
33.961
33.962
33.963
33.964
33.965
33.966
33.967
33.968
33.969
33.97
33.971
33.972
33.973
33.974
33.975
33.976
33.977
33.978
33.979
33.98
33.981
33.982
33.983
33.984
33.985
33.986
33.987
33.988
33.989
33.99
33.991
33.992
33.993
33.994
33.995
33.996
33.997
33.998
33.999
34
34.001
34.002
34.003
34.004
34.005
34.006
34.007
34.008
34.009
34.01
34.011
34.012
34.013
34.014
34.015
34.016
34.017
34.018
34.019
34.02
34.021
34.022
34.023
34.024
34.025
34.026
34.027
34.028
34.029
34.03
34.031
34.032
34.033
34.034
34.035
34.036
34.037
34.038
34.039
34.04
34.041
34.042
34.043
34.044
34.045
34.046
34.047
34.048
34.049
34.05
34.051
34.052
34.053
34.054
34.055
34.056
34.057
34.058
34.059
34.06
34.061
34.062
34.063
34.064
34.065
34.066
34.067
34.068
34.069
34.07
34.071
34.072
34.073
34.074
34.075
34.076
34.077
34.078
34.079
34.08
34.081
34.082
34.083
34.084
34.085
34.086
34.087
34.088
34.089
34.09
34.091
34.092
34.093
34.094
34.095
34.096
34.097
34.098
34.099
34.1
34.101
34.102
34.103
34.104
34.105
34.106
34.107
34.108
34.109
34.11
34.111
34.112
34.113
34.114
34.115
34.116
34.117
34.118
34.119
34.12
34.121
34.122
34.123
34.124
34.125
34.126
34.127
34.128
34.129
34.13
34.131
34.132
34.133
34.134
34.135
34.136
34.137
34.138
34.139
34.14
34.141
34.142
34.143
34.144
34.145
34.146
34.147
34.148
34.149
34.15
34.151
34.152
34.153
34.154
34.155
34.156
34.157
34.158
34.159
34.16
34.161
34.162
34.163
34.164
34.165
34.166
34.167
34.168
34.169
34.17
34.171
34.172
34.173
34.174
34.175
34.176
34.177
34.178
34.179
34.18
34.181
34.182
34.183
34.184
34.185
34.186
34.187
34.188
34.189
34.19
34.191
34.192
34.193
34.194
34.195
34.196
34.197
34.198
34.199
34.2
34.201
34.202
34.203
34.204
34.205
34.206
34.207
34.208
34.209
34.21
34.211
34.212
34.213
34.214
34.215
34.216
34.217
34.218
34.219
34.22
34.221
34.222
34.223
34.224
34.225
34.226
34.227
34.228
34.229
34.23
34.231
34.232
34.233
34.234
34.235
34.236
34.237
34.238
34.239
34.24
34.241
34.242
34.243
34.244
34.245
34.246
34.247
34.248
34.249
34.25
34.251
34.252
34.253
34.254
34.255
34.256
34.257
34.258
34.259
34.26
34.261
34.262
34.263
34.264
34.265
34.266
34.267
34.268
34.269
34.27
34.271
34.272
34.273
34.274
34.275
34.276
34.277
34.278
34.279
34.28
34.281
34.282
34.283
34.284
34.285
34.286
34.287
34.288
34.289
34.29
34.291
34.292
34.293
34.294
34.295
34.296
34.297
34.298
34.299
34.3
34.301
34.302
34.303
34.304
34.305
34.306
34.307
34.308
34.309
34.31
34.311
34.312
34.313
34.314
34.315
34.316
34.317
34.318
34.319
34.32
34.321
34.322
34.323
34.324
34.325
34.326
34.327
34.328
34.329
34.33
34.331
34.332
34.333
34.334
34.335
34.336
34.337
34.338
34.339
34.34
34.341
34.342
34.343
34.344
34.345
34.346
34.347
34.348
34.349
34.35
34.351
34.352
34.353
34.354
34.355
34.356
34.357
34.358
34.359
34.36
34.361
34.362
34.363
34.364
34.365
34.366
34.367
34.368
34.369
34.37
34.371
34.372
34.373
34.374
34.375
34.376
34.377
34.378
34.379
34.38
34.381
34.382
34.383
34.384
34.385
34.386
34.387
34.388
34.389
34.39
34.391
34.392
34.393
34.394
34.395
34.396
34.397
34.398
34.399
34.4
34.401
34.402
34.403
34.404
34.405
34.406
34.407
34.408
34.409
34.41
34.411
34.412
34.413
34.414
34.415
34.416
34.417
34.418
34.419
34.42
34.421
34.422
34.423
34.424
34.425
34.426
34.427
34.428
34.429
34.43
34.431
34.432
34.433
34.434
34.435
34.436
34.437
34.438
34.439
34.44
34.441
34.442
34.443
34.444
34.445
34.446
34.447
34.448
34.449
34.45
34.451
34.452
34.453
34.454
34.455
34.456
34.457
34.458
34.459
34.46
34.461
34.462
34.463
34.464
34.465
34.466
34.467
34.468
34.469
34.47
34.471
34.472
34.473
34.474
34.475
34.476
34.477
34.478
34.479
34.48
34.481
34.482
34.483
34.484
34.485
34.486
34.487
34.488
34.489
34.49
34.491
34.492
34.493
34.494
34.495
34.496
34.497
34.498
34.499
34.5
34.501
34.502
34.503
34.504
34.505
34.506
34.507
34.508
34.509
34.51
34.511
34.512
34.513
34.514
34.515
34.516
34.517
34.518
34.519
34.52
34.521
34.522
34.523
34.524
34.525
34.526
34.527
34.528
34.529
34.53
34.531
34.532
34.533
34.534
34.535
34.536
34.537
34.538
34.539
34.54
34.541
34.542
34.543
34.544
34.545
34.546
34.547
34.548
34.549
34.55
34.551
34.552
34.553
34.554
34.555
34.556
34.557
34.558
34.559
34.56
34.561
34.562
34.563
34.564
34.565
34.566
34.567
34.568
34.569
34.57
34.571
34.572
34.573
34.574
34.575
34.576
34.577
34.578
34.579
34.58
34.581
34.582
34.583
34.584
34.585
34.586
34.587
34.588
34.589
34.59
34.591
34.592
34.593
34.594
34.595
34.596
34.597
34.598
34.599
34.6
34.601
34.602
34.603
34.604
34.605
34.606
34.607
34.608
34.609
34.61
34.611
34.612
34.613
34.614
34.615
34.616
34.617
34.618
34.619
34.62
34.621
34.622
34.623
34.624
34.625
34.626
34.627
34.628
34.629
34.63
34.631
34.632
34.633
34.634
34.635
34.636
34.637
34.638
34.639
34.64
34.641
34.642
34.643
34.644
34.645
34.646
34.647
34.648
34.649
34.65
34.651
34.652
34.653
34.654
34.655
34.656
34.657
34.658
34.659
34.66
34.661
34.662
34.663
34.664
34.665
34.666
34.667
34.668
34.669
34.67
34.671
34.672
34.673
34.674
34.675
34.676
34.677
34.678
34.679
34.68
34.681
34.682
34.683
34.684
34.685
34.686
34.687
34.688
34.689
34.69
34.691
34.692
34.693
34.694
34.695
34.696
34.697
34.698
34.699
34.7
34.701
34.702
34.703
34.704
34.705
34.706
34.707
34.708
34.709
34.71
34.711
34.712
34.713
34.714
34.715
34.716
34.717
34.718
34.719
34.72
34.721
34.722
34.723
34.724
34.725
34.726
34.727
34.728
34.729
34.73
34.731
34.732
34.733
34.734
34.735
34.736
34.737
34.738
34.739
34.74
34.741
34.742
34.743
34.744
34.745
34.746
34.747
34.748
34.749
34.75
34.751
34.752
34.753
34.754
34.755
34.756
34.757
34.758
34.759
34.76
34.761
34.762
34.763
34.764
34.765
34.766
34.767
34.768
34.769
34.77
34.771
34.772
34.773
34.774
34.775
34.776
34.777
34.778
34.779
34.78
34.781
34.782
34.783
34.784
34.785
34.786
34.787
34.788
34.789
34.79
34.791
34.792
34.793
34.794
34.795
34.796
34.797
34.798
34.799
34.8
34.801
34.802
34.803
34.804
34.805
34.806
34.807
34.808
34.809
34.81
34.811
34.812
34.813
34.814
34.815
34.816
34.817
34.818
34.819
34.82
34.821
34.822
34.823
34.824
34.825
34.826
34.827
34.828
34.829
34.83
34.831
34.832
34.833
34.834
34.835
34.836
34.837
34.838
34.839
34.84
34.841
34.842
34.843
34.844
34.845
34.846
34.847
34.848
34.849
34.85
34.851
34.852
34.853
34.854
34.855
34.856
34.857
34.858
34.859
34.86
34.861
34.862
34.863
34.864
34.865
34.866
34.867
34.868
34.869
34.87
34.871
34.872
34.873
34.874
34.875
34.876
34.877
34.878
34.879
34.88
34.881
34.882
34.883
34.884
34.885
34.886
34.887
34.888
34.889
34.89
34.891
34.892
34.893
34.894
34.895
34.896
34.897
34.898
34.899
34.9
34.901
34.902
34.903
34.904
34.905
34.906
34.907
34.908
34.909
34.91
34.911
34.912
34.913
34.914
34.915
34.916
34.917
34.918
34.919
34.92
34.921
34.922
34.923
34.924
34.925
34.926
34.927
34.928
34.929
34.93
34.931
34.932
34.933
34.934
34.935
34.936
34.937
34.938
34.939
34.94
34.941
34.942
34.943
34.944
34.945
34.946
34.947
34.948
34.949
34.95
34.951
34.952
34.953
34.954
34.955
34.956
34.957
34.958
34.959
34.96
34.961
34.962
34.963
34.964
34.965
34.966
34.967
34.968
34.969
34.97
34.971
34.972
34.973
34.974
34.975
34.976
34.977
34.978
34.979
34.98
34.981
34.982
34.983
34.984
34.985
34.986
34.987
34.988
34.989
34.99
34.991
34.992
34.993
34.994
34.995
34.996
34.997
34.998
34.999
35
35.001
35.002
35.003
35.004
35.005
35.006
35.007
35.008
35.009
35.01
35.011
35.012
35.013
35.014
35.015
35.016
35.017
35.018
35.019
35.02
35.021
35.022
35.023
35.024
35.025
35.026
35.027
35.028
35.029
35.03
35.031
35.032
35.033
35.034
35.035
35.036
35.037
35.038
35.039
35.04
35.041
35.042
35.043
35.044
35.045
35.046
35.047
35.048
35.049
35.05
35.051
35.052
35.053
35.054
35.055
35.056
35.057
35.058
35.059
35.06
35.061
35.062
35.063
35.064
35.065
35.066
35.067
35.068
35.069
35.07
35.071
35.072
35.073
35.074
35.075
35.076
35.077
35.078
35.079
35.08
35.081
35.082
35.083
35.084
35.085
35.086
35.087
35.088
35.089
35.09
35.091
35.092
35.093
35.094
35.095
35.096
35.097
35.098
35.099
35.1
35.101
35.102
35.103
35.104
35.105
35.106
35.107
35.108
35.109
35.11
35.111
35.112
35.113
35.114
35.115
35.116
35.117
35.118
35.119
35.12
35.121
35.122
35.123
35.124
35.125
35.126
35.127
35.128
35.129
35.13
35.131
35.132
35.133
35.134
35.135
35.136
35.137
35.138
35.139
35.14
35.141
35.142
35.143
35.144
35.145
35.146
35.147
35.148
35.149
35.15
35.151
35.152
35.153
35.154
35.155
35.156
35.157
35.158
35.159
35.16
35.161
35.162
35.163
35.164
35.165
35.166
35.167
35.168
35.169
35.17
35.171
35.172
35.173
35.174
35.175
35.176
35.177
35.178
35.179
35.18
35.181
35.182
35.183
35.184
35.185
35.186
35.187
35.188
35.189
35.19
35.191
35.192
35.193
35.194
35.195
35.196
35.197
35.198
35.199
35.2
35.201
35.202
35.203
35.204
35.205
35.206
35.207
35.208
35.209
35.21
35.211
35.212
35.213
35.214
35.215
35.216
35.217
35.218
35.219
35.22
35.221
35.222
35.223
35.224
35.225
35.226
35.227
35.228
35.229
35.23
35.231
35.232
35.233
35.234
35.235
35.236
35.237
35.238
35.239
35.24
35.241
35.242
35.243
35.244
35.245
35.246
35.247
35.248
35.249
35.25
35.251
35.252
35.253
35.254
35.255
35.256
35.257
35.258
35.259
35.26
35.261
35.262
35.263
35.264
35.265
35.266
35.267
35.268
35.269
35.27
35.271
35.272
35.273
35.274
35.275
35.276
35.277
35.278
35.279
35.28
35.281
35.282
35.283
35.284
35.285
35.286
35.287
35.288
35.289
35.29
35.291
35.292
35.293
35.294
35.295
35.296
35.297
35.298
35.299
35.3
35.301
35.302
35.303
35.304
35.305
35.306
35.307
35.308
35.309
35.31
35.311
35.312
35.313
35.314
35.315
35.316
35.317
35.318
35.319
35.32
35.321
35.322
35.323
35.324
35.325
35.326
35.327
35.328
35.329
35.33
35.331
35.332
35.333
35.334
35.335
35.336
35.337
35.338
35.339
35.34
35.341
35.342
35.343
35.344
35.345
35.346
35.347
35.348
35.349
35.35
35.351
35.352
35.353
35.354
35.355
35.356
35.357
35.358
35.359
35.36
35.361
35.362
35.363
35.364
35.365
35.366
35.367
35.368
35.369
35.37
35.371
35.372
35.373
35.374
35.375
35.376
35.377
35.378
35.379
35.38
35.381
35.382
35.383
35.384
35.385
35.386
35.387
35.388
35.389
35.39
35.391
35.392
35.393
35.394
35.395
35.396
35.397
35.398
35.399
35.4
35.401
35.402
35.403
35.404
35.405
35.406
35.407
35.408
35.409
35.41
35.411
35.412
35.413
35.414
35.415
35.416
35.417
35.418
35.419
35.42
35.421
35.422
35.423
35.424
35.425
35.426
35.427
35.428
35.429
35.43
35.431
35.432
35.433
35.434
35.435
35.436
35.437
35.438
35.439
35.44
35.441
35.442
35.443
35.444
35.445
35.446
35.447
35.448
35.449
35.45
35.451
35.452
35.453
35.454
35.455
35.456
35.457
35.458
35.459
35.46
35.461
35.462
35.463
35.464
35.465
35.466
35.467
35.468
35.469
35.47
35.471
35.472
35.473
35.474
35.475
35.476
35.477
35.478
35.479
35.48
35.481
35.482
35.483
35.484
35.485
35.486
35.487
35.488
35.489
35.49
35.491
35.492
35.493
35.494
35.495
35.496
35.497
35.498
35.499
35.5
35.501
35.502
35.503
35.504
35.505
35.506
35.507
35.508
35.509
35.51
35.511
35.512
35.513
35.514
35.515
35.516
35.517
35.518
35.519
35.52
35.521
35.522
35.523
35.524
35.525
35.526
35.527
35.528
35.529
35.53
35.531
35.532
35.533
35.534
35.535
35.536
35.537
35.538
35.539
35.54
35.541
35.542
35.543
35.544
35.545
35.546
35.547
35.548
35.549
35.55
35.551
35.552
35.553
35.554
35.555
35.556
35.557
35.558
35.559
35.56
35.561
35.562
35.563
35.564
35.565
35.566
35.567
35.568
35.569
35.57
35.571
35.572
35.573
35.574
35.575
35.576
35.577
35.578
35.579
35.58
35.581
35.582
35.583
35.584
35.585
35.586
35.587
35.588
35.589
35.59
35.591
35.592
35.593
35.594
35.595
35.596
35.597
35.598
35.599
35.6
35.601
35.602
35.603
35.604
35.605
35.606
35.607
35.608
35.609
35.61
35.611
35.612
35.613
35.614
35.615
35.616
35.617
35.618
35.619
35.62
35.621
35.622
35.623
35.624
35.625
35.626
35.627
35.628
35.629
35.63
35.631
35.632
35.633
35.634
35.635
35.636
35.637
35.638
35.639
35.64
35.641
35.642
35.643
35.644
35.645
35.646
35.647
35.648
35.649
35.65
35.651
35.652
35.653
35.654
35.655
35.656
35.657
35.658
35.659
35.66
35.661
35.662
35.663
35.664
35.665
35.666
35.667
35.668
35.669
35.67
35.671
35.672
35.673
35.674
35.675
35.676
35.677
35.678
35.679
35.68
35.681
35.682
35.683
35.684
35.685
35.686
35.687
35.688
35.689
35.69
35.691
35.692
35.693
35.694
35.695
35.696
35.697
35.698
35.699
35.7
35.701
35.702
35.703
35.704
35.705
35.706
35.707
35.708
35.709
35.71
35.711
35.712
35.713
35.714
35.715
35.716
35.717
35.718
35.719
35.72
35.721
35.722
35.723
35.724
35.725
35.726
35.727
35.728
35.729
35.73
35.731
35.732
35.733
35.734
35.735
35.736
35.737
35.738
35.739
35.74
35.741
35.742
35.743
35.744
35.745
35.746
35.747
35.748
35.749
35.75
35.751
35.752
35.753
35.754
35.755
35.756
35.757
35.758
35.759
35.76
35.761
35.762
35.763
35.764
35.765
35.766
35.767
35.768
35.769
35.77
35.771
35.772
35.773
35.774
35.775
35.776
35.777
35.778
35.779
35.78
35.781
35.782
35.783
35.784
35.785
35.786
35.787
35.788
35.789
35.79
35.791
35.792
35.793
35.794
35.795
35.796
35.797
35.798
35.799
35.8
35.801
35.802
35.803
35.804
35.805
35.806
35.807
35.808
35.809
35.81
35.811
35.812
35.813
35.814
35.815
35.816
35.817
35.818
35.819
35.82
35.821
35.822
35.823
35.824
35.825
35.826
35.827
35.828
35.829
35.83
35.831
35.832
35.833
35.834
35.835
35.836
35.837
35.838
35.839
35.84
35.841
35.842
35.843
35.844
35.845
35.846
35.847
35.848
35.849
35.85
35.851
35.852
35.853
35.854
35.855
35.856
35.857
35.858
35.859
35.86
35.861
35.862
35.863
35.864
35.865
35.866
35.867
35.868
35.869
35.87
35.871
35.872
35.873
35.874
35.875
35.876
35.877
35.878
35.879
35.88
35.881
35.882
35.883
35.884
35.885
35.886
35.887
35.888
35.889
35.89
35.891
35.892
35.893
35.894
35.895
35.896
35.897
35.898
35.899
35.9
35.901
35.902
35.903
35.904
35.905
35.906
35.907
35.908
35.909
35.91
35.911
35.912
35.913
35.914
35.915
35.916
35.917
35.918
35.919
35.92
35.921
35.922
35.923
35.924
35.925
35.926
35.927
35.928
35.929
35.93
35.931
35.932
35.933
35.934
35.935
35.936
35.937
35.938
35.939
35.94
35.941
35.942
35.943
35.944
35.945
35.946
35.947
35.948
35.949
35.95
35.951
35.952
35.953
35.954
35.955
35.956
35.957
35.958
35.959
35.96
35.961
35.962
35.963
35.964
35.965
35.966
35.967
35.968
35.969
35.97
35.971
35.972
35.973
35.974
35.975
35.976
35.977
35.978
35.979
35.98
35.981
35.982
35.983
35.984
35.985
35.986
35.987
35.988
35.989
35.99
35.991
35.992
35.993
35.994
35.995
35.996
35.997
35.998
35.999
36
36.001
36.002
36.003
36.004
36.005
36.006
36.007
36.008
36.009
36.01
36.011
36.012
36.013
36.014
36.015
36.016
36.017
36.018
36.019
36.02
36.021
36.022
36.023
36.024
36.025
36.026
36.027
36.028
36.029
36.03
36.031
36.032
36.033
36.034
36.035
36.036
36.037
36.038
36.039
36.04
36.041
36.042
36.043
36.044
36.045
36.046
36.047
36.048
36.049
36.05
36.051
36.052
36.053
36.054
36.055
36.056
36.057
36.058
36.059
36.06
36.061
36.062
36.063
36.064
36.065
36.066
36.067
36.068
36.069
36.07
36.071
36.072
36.073
36.074
36.075
36.076
36.077
36.078
36.079
36.08
36.081
36.082
36.083
36.084
36.085
36.086
36.087
36.088
36.089
36.09
36.091
36.092
36.093
36.094
36.095
36.096
36.097
36.098
36.099
36.1
36.101
36.102
36.103
36.104
36.105
36.106
36.107
36.108
36.109
36.11
36.111
36.112
36.113
36.114
36.115
36.116
36.117
36.118
36.119
36.12
36.121
36.122
36.123
36.124
36.125
36.126
36.127
36.128
36.129
36.13
36.131
36.132
36.133
36.134
36.135
36.136
36.137
36.138
36.139
36.14
36.141
36.142
36.143
36.144
36.145
36.146
36.147
36.148
36.149
36.15
36.151
36.152
36.153
36.154
36.155
36.156
36.157
36.158
36.159
36.16
36.161
36.162
36.163
36.164
36.165
36.166
36.167
36.168
36.169
36.17
36.171
36.172
36.173
36.174
36.175
36.176
36.177
36.178
36.179
36.18
36.181
36.182
36.183
36.184
36.185
36.186
36.187
36.188
36.189
36.19
36.191
36.192
36.193
36.194
36.195
36.196
36.197
36.198
36.199
36.2
36.201
36.202
36.203
36.204
36.205
36.206
36.207
36.208
36.209
36.21
36.211
36.212
36.213
36.214
36.215
36.216
36.217
36.218
36.219
36.22
36.221
36.222
36.223
36.224
36.225
36.226
36.227
36.228
36.229
36.23
36.231
36.232
36.233
36.234
36.235
36.236
36.237
36.238
36.239
36.24
36.241
36.242
36.243
36.244
36.245
36.246
36.247
36.248
36.249
36.25
36.251
36.252
36.253
36.254
36.255
36.256
36.257
36.258
36.259
36.26
36.261
36.262
36.263
36.264
36.265
36.266
36.267
36.268
36.269
36.27
36.271
36.272
36.273
36.274
36.275
36.276
36.277
36.278
36.279
36.28
36.281
36.282
36.283
36.284
36.285
36.286
36.287
36.288
36.289
36.29
36.291
36.292
36.293
36.294
36.295
36.296
36.297
36.298
36.299
36.3
36.301
36.302
36.303
36.304
36.305
36.306
36.307
36.308
36.309
36.31
36.311
36.312
36.313
36.314
36.315
36.316
36.317
36.318
36.319
36.32
36.321
36.322
36.323
36.324
36.325
36.326
36.327
36.328
36.329
36.33
36.331
36.332
36.333
36.334
36.335
36.336
36.337
36.338
36.339
36.34
36.341
36.342
36.343
36.344
36.345
36.346
36.347
36.348
36.349
36.35
36.351
36.352
36.353
36.354
36.355
36.356
36.357
36.358
36.359
36.36
36.361
36.362
36.363
36.364
36.365
36.366
36.367
36.368
36.369
36.37
36.371
36.372
36.373
36.374
36.375
36.376
36.377
36.378
36.379
36.38
36.381
36.382
36.383
36.384
36.385
36.386
36.387
36.388
36.389
36.39
36.391
36.392
36.393
36.394
36.395
36.396
36.397
36.398
36.399
36.4
36.401
36.402
36.403
36.404
36.405
36.406
36.407
36.408
36.409
36.41
36.411
36.412
36.413
36.414
36.415
36.416
36.417
36.418
36.419
36.42
36.421
36.422
36.423
36.424
36.425
36.426
36.427
36.428
36.429
36.43
36.431
36.432
36.433
36.434
36.435
36.436
36.437
36.438
36.439
36.44
36.441
36.442
36.443
36.444
36.445
36.446
36.447
36.448
36.449
36.45
36.451
36.452
36.453
36.454
36.455
36.456
36.457
36.458
36.459
36.46
36.461
36.462
36.463
36.464
36.465
36.466
36.467
36.468
36.469
36.47
36.471
36.472
36.473
36.474
36.475
36.476
36.477
36.478
36.479
36.48
36.481
36.482
36.483
36.484
36.485
36.486
36.487
36.488
36.489
36.49
36.491
36.492
36.493
36.494
36.495
36.496
36.497
36.498
36.499
36.5
36.501
36.502
36.503
36.504
36.505
36.506
36.507
36.508
36.509
36.51
36.511
36.512
36.513
36.514
36.515
36.516
36.517
36.518
36.519
36.52
36.521
36.522
36.523
36.524
36.525
36.526
36.527
36.528
36.529
36.53
36.531
36.532
36.533
36.534
36.535
36.536
36.537
36.538
36.539
36.54
36.541
36.542
36.543
36.544
36.545
36.546
36.547
36.548
36.549
36.55
36.551
36.552
36.553
36.554
36.555
36.556
36.557
36.558
36.559
36.56
36.561
36.562
36.563
36.564
36.565
36.566
36.567
36.568
36.569
36.57
36.571
36.572
36.573
36.574
36.575
36.576
36.577
36.578
36.579
36.58
36.581
36.582
36.583
36.584
36.585
36.586
36.587
36.588
36.589
36.59
36.591
36.592
36.593
36.594
36.595
36.596
36.597
36.598
36.599
36.6
36.601
36.602
36.603
36.604
36.605
36.606
36.607
36.608
36.609
36.61
36.611
36.612
36.613
36.614
36.615
36.616
36.617
36.618
36.619
36.62
36.621
36.622
36.623
36.624
36.625
36.626
36.627
36.628
36.629
36.63
36.631
36.632
36.633
36.634
36.635
36.636
36.637
36.638
36.639
36.64
36.641
36.642
36.643
36.644
36.645
36.646
36.647
36.648
36.649
36.65
36.651
36.652
36.653
36.654
36.655
36.656
36.657
36.658
36.659
36.66
36.661
36.662
36.663
36.664
36.665
36.666
36.667
36.668
36.669
36.67
36.671
36.672
36.673
36.674
36.675
36.676
36.677
36.678
36.679
36.68
36.681
36.682
36.683
36.684
36.685
36.686
36.687
36.688
36.689
36.69
36.691
36.692
36.693
36.694
36.695
36.696
36.697
36.698
36.699
36.7
36.701
36.702
36.703
36.704
36.705
36.706
36.707
36.708
36.709
36.71
36.711
36.712
36.713
36.714
36.715
36.716
36.717
36.718
36.719
36.72
36.721
36.722
36.723
36.724
36.725
36.726
36.727
36.728
36.729
36.73
36.731
36.732
36.733
36.734
36.735
36.736
36.737
36.738
36.739
36.74
36.741
36.742
36.743
36.744
36.745
36.746
36.747
36.748
36.749
36.75
36.751
36.752
36.753
36.754
36.755
36.756
36.757
36.758
36.759
36.76
36.761
36.762
36.763
36.764
36.765
36.766
36.767
36.768
36.769
36.77
36.771
36.772
36.773
36.774
36.775
36.776
36.777
36.778
36.779
36.78
36.781
36.782
36.783
36.784
36.785
36.786
36.787
36.788
36.789
36.79
36.791
36.792
36.793
36.794
36.795
36.796
36.797
36.798
36.799
36.8
36.801
36.802
36.803
36.804
36.805
36.806
36.807
36.808
36.809
36.81
36.811
36.812
36.813
36.814
36.815
36.816
36.817
36.818
36.819
36.82
36.821
36.822
36.823
36.824
36.825
36.826
36.827
36.828
36.829
36.83
36.831
36.832
36.833
36.834
36.835
36.836
36.837
36.838
36.839
36.84
36.841
36.842
36.843
36.844
36.845
36.846
36.847
36.848
36.849
36.85
36.851
36.852
36.853
36.854
36.855
36.856
36.857
36.858
36.859
36.86
36.861
36.862
36.863
36.864
36.865
36.866
36.867
36.868
36.869
36.87
36.871
36.872
36.873
36.874
36.875
36.876
36.877
36.878
36.879
36.88
36.881
36.882
36.883
36.884
36.885
36.886
36.887
36.888
36.889
36.89
36.891
36.892
36.893
36.894
36.895
36.896
36.897
36.898
36.899
36.9
36.901
36.902
36.903
36.904
36.905
36.906
36.907
36.908
36.909
36.91
36.911
36.912
36.913
36.914
36.915
36.916
36.917
36.918
36.919
36.92
36.921
36.922
36.923
36.924
36.925
36.926
36.927
36.928
36.929
36.93
36.931
36.932
36.933
36.934
36.935
36.936
36.937
36.938
36.939
36.94
36.941
36.942
36.943
36.944
36.945
36.946
36.947
36.948
36.949
36.95
36.951
36.952
36.953
36.954
36.955
36.956
36.957
36.958
36.959
36.96
36.961
36.962
36.963
36.964
36.965
36.966
36.967
36.968
36.969
36.97
36.971
36.972
36.973
36.974
36.975
36.976
36.977
36.978
36.979
36.98
36.981
36.982
36.983
36.984
36.985
36.986
36.987
36.988
36.989
36.99
36.991
36.992
36.993
36.994
36.995
36.996
36.997
36.998
36.999
37
37.001
37.002
37.003
37.004
37.005
37.006
37.007
37.008
37.009
37.01
37.011
37.012
37.013
37.014
37.015
37.016
37.017
37.018
37.019
37.02
37.021
37.022
37.023
37.024
37.025
37.026
37.027
37.028
37.029
37.03
37.031
37.032
37.033
37.034
37.035
37.036
37.037
37.038
37.039
37.04
37.041
37.042
37.043
37.044
37.045
37.046
37.047
37.048
37.049
37.05
37.051
37.052
37.053
37.054
37.055
37.056
37.057
37.058
37.059
37.06
37.061
37.062
37.063
37.064
37.065
37.066
37.067
37.068
37.069
37.07
37.071
37.072
37.073
37.074
37.075
37.076
37.077
37.078
37.079
37.08
37.081
37.082
37.083
37.084
37.085
37.086
37.087
37.088
37.089
37.09
37.091
37.092
37.093
37.094
37.095
37.096
37.097
37.098
37.099
37.1
37.101
37.102
37.103
37.104
37.105
37.106
37.107
37.108
37.109
37.11
37.111
37.112
37.113
37.114
37.115
37.116
37.117
37.118
37.119
37.12
37.121
37.122
37.123
37.124
37.125
37.126
37.127
37.128
37.129
37.13
37.131
37.132
37.133
37.134
37.135
37.136
37.137
37.138
37.139
37.14
37.141
37.142
37.143
37.144
37.145
37.146
37.147
37.148
37.149
37.15
37.151
37.152
37.153
37.154
37.155
37.156
37.157
37.158
37.159
37.16
37.161
37.162
37.163
37.164
37.165
37.166
37.167
37.168
37.169
37.17
37.171
37.172
37.173
37.174
37.175
37.176
37.177
37.178
37.179
37.18
37.181
37.182
37.183
37.184
37.185
37.186
37.187
37.188
37.189
37.19
37.191
37.192
37.193
37.194
37.195
37.196
37.197
37.198
37.199
37.2
37.201
37.202
37.203
37.204
37.205
37.206
37.207
37.208
37.209
37.21
37.211
37.212
37.213
37.214
37.215
37.216
37.217
37.218
37.219
37.22
37.221
37.222
37.223
37.224
37.225
37.226
37.227
37.228
37.229
37.23
37.231
37.232
37.233
37.234
37.235
37.236
37.237
37.238
37.239
37.24
37.241
37.242
37.243
37.244
37.245
37.246
37.247
37.248
37.249
37.25
37.251
37.252
37.253
37.254
37.255
37.256
37.257
37.258
37.259
37.26
37.261
37.262
37.263
37.264
37.265
37.266
37.267
37.268
37.269
37.27
37.271
37.272
37.273
37.274
37.275
37.276
37.277
37.278
37.279
37.28
37.281
37.282
37.283
37.284
37.285
37.286
37.287
37.288
37.289
37.29
37.291
37.292
37.293
37.294
37.295
37.296
37.297
37.298
37.299
37.3
37.301
37.302
37.303
37.304
37.305
37.306
37.307
37.308
37.309
37.31
37.311
37.312
37.313
37.314
37.315
37.316
37.317
37.318
37.319
37.32
37.321
37.322
37.323
37.324
37.325
37.326
37.327
37.328
37.329
37.33
37.331
37.332
37.333
37.334
37.335
37.336
37.337
37.338
37.339
37.34
37.341
37.342
37.343
37.344
37.345
37.346
37.347
37.348
37.349
37.35
37.351
37.352
37.353
37.354
37.355
37.356
37.357
37.358
37.359
37.36
37.361
37.362
37.363
37.364
37.365
37.366
37.367
37.368
37.369
37.37
37.371
37.372
37.373
37.374
37.375
37.376
37.377
37.378
37.379
37.38
37.381
37.382
37.383
37.384
37.385
37.386
37.387
37.388
37.389
37.39
37.391
37.392
37.393
37.394
37.395
37.396
37.397
37.398
37.399
37.4
37.401
37.402
37.403
37.404
37.405
37.406
37.407
37.408
37.409
37.41
37.411
37.412
37.413
37.414
37.415
37.416
37.417
37.418
37.419
37.42
37.421
37.422
37.423
37.424
37.425
37.426
37.427
37.428
37.429
37.43
37.431
37.432
37.433
37.434
37.435
37.436
37.437
37.438
37.439
37.44
37.441
37.442
37.443
37.444
37.445
37.446
37.447
37.448
37.449
37.45
37.451
37.452
37.453
37.454
37.455
37.456
37.457
37.458
37.459
37.46
37.461
37.462
37.463
37.464
37.465
37.466
37.467
37.468
37.469
37.47
37.471
37.472
37.473
37.474
37.475
37.476
37.477
37.478
37.479
37.48
37.481
37.482
37.483
37.484
37.485
37.486
37.487
37.488
37.489
37.49
37.491
37.492
37.493
37.494
37.495
37.496
37.497
37.498
37.499
37.5
37.501
37.502
37.503
37.504
37.505
37.506
37.507
37.508
37.509
37.51
37.511
37.512
37.513
37.514
37.515
37.516
37.517
37.518
37.519
37.52
37.521
37.522
37.523
37.524
37.525
37.526
37.527
37.528
37.529
37.53
37.531
37.532
37.533
37.534
37.535
37.536
37.537
37.538
37.539
37.54
37.541
37.542
37.543
37.544
37.545
37.546
37.547
37.548
37.549
37.55
37.551
37.552
37.553
37.554
37.555
37.556
37.557
37.558
37.559
37.56
37.561
37.562
37.563
37.564
37.565
37.566
37.567
37.568
37.569
37.57
37.571
37.572
37.573
37.574
37.575
37.576
37.577
37.578
37.579
37.58
37.581
37.582
37.583
37.584
37.585
37.586
37.587
37.588
37.589
37.59
37.591
37.592
37.593
37.594
37.595
37.596
37.597
37.598
37.599
37.6
37.601
37.602
37.603
37.604
37.605
37.606
37.607
37.608
37.609
37.61
37.611
37.612
37.613
37.614
37.615
37.616
37.617
37.618
37.619
37.62
37.621
37.622
37.623
37.624
37.625
37.626
37.627
37.628
37.629
37.63
37.631
37.632
37.633
37.634
37.635
37.636
37.637
37.638
37.639
37.64
37.641
37.642
37.643
37.644
37.645
37.646
37.647
37.648
37.649
37.65
37.651
37.652
37.653
37.654
37.655
37.656
37.657
37.658
37.659
37.66
37.661
37.662
37.663
37.664
37.665
37.666
37.667
37.668
37.669
37.67
37.671
37.672
37.673
37.674
37.675
37.676
37.677
37.678
37.679
37.68
37.681
37.682
37.683
37.684
37.685
37.686
37.687
37.688
37.689
37.69
37.691
37.692
37.693
37.694
37.695
37.696
37.697
37.698
37.699
37.7
37.701
37.702
37.703
37.704
37.705
37.706
37.707
37.708
37.709
37.71
37.711
37.712
37.713
37.714
37.715
37.716
37.717
37.718
37.719
37.72
37.721
37.722
37.723
37.724
37.725
37.726
37.727
37.728
37.729
37.73
37.731
37.732
37.733
37.734
37.735
37.736
37.737
37.738
37.739
37.74
37.741
37.742
37.743
37.744
37.745
37.746
37.747
37.748
37.749
37.75
37.751
37.752
37.753
37.754
37.755
37.756
37.757
37.758
37.759
37.76
37.761
37.762
37.763
37.764
37.765
37.766
37.767
37.768
37.769
37.77
37.771
37.772
37.773
37.774
37.775
37.776
37.777
37.778
37.779
37.78
37.781
37.782
37.783
37.784
37.785
37.786
37.787
37.788
37.789
37.79
37.791
37.792
37.793
37.794
37.795
37.796
37.797
37.798
37.799
37.8
37.801
37.802
37.803
37.804
37.805
37.806
37.807
37.808
37.809
37.81
37.811
37.812
37.813
37.814
37.815
37.816
37.817
37.818
37.819
37.82
37.821
37.822
37.823
37.824
37.825
37.826
37.827
37.828
37.829
37.83
37.831
37.832
37.833
37.834
37.835
37.836
37.837
37.838
37.839
37.84
37.841
37.842
37.843
37.844
37.845
37.846
37.847
37.848
37.849
37.85
37.851
37.852
37.853
37.854
37.855
37.856
37.857
37.858
37.859
37.86
37.861
37.862
37.863
37.864
37.865
37.866
37.867
37.868
37.869
37.87
37.871
37.872
37.873
37.874
37.875
37.876
37.877
37.878
37.879
37.88
37.881
37.882
37.883
37.884
37.885
37.886
37.887
37.888
37.889
37.89
37.891
37.892
37.893
37.894
37.895
37.896
37.897
37.898
37.899
37.9
37.901
37.902
37.903
37.904
37.905
37.906
37.907
37.908
37.909
37.91
37.911
37.912
37.913
37.914
37.915
37.916
37.917
37.918
37.919
37.92
37.921
37.922
37.923
37.924
37.925
37.926
37.927
37.928
37.929
37.93
37.931
37.932
37.933
37.934
37.935
37.936
37.937
37.938
37.939
37.94
37.941
37.942
37.943
37.944
37.945
37.946
37.947
37.948
37.949
37.95
37.951
37.952
37.953
37.954
37.955
37.956
37.957
37.958
37.959
37.96
37.961
37.962
37.963
37.964
37.965
37.966
37.967
37.968
37.969
37.97
37.971
37.972
37.973
37.974
37.975
37.976
37.977
37.978
37.979
37.98
37.981
37.982
37.983
37.984
37.985
37.986
37.987
37.988
37.989
37.99
37.991
37.992
37.993
37.994
37.995
37.996
37.997
37.998
37.999
38
38.001
38.002
38.003
38.004
38.005
38.006
38.007
38.008
38.009
38.01
38.011
38.012
38.013
38.014
38.015
38.016
38.017
38.018
38.019
38.02
38.021
38.022
38.023
38.024
38.025
38.026
38.027
38.028
38.029
38.03
38.031
38.032
38.033
38.034
38.035
38.036
38.037
38.038
38.039
38.04
38.041
38.042
38.043
38.044
38.045
38.046
38.047
38.048
38.049
38.05
38.051
38.052
38.053
38.054
38.055
38.056
38.057
38.058
38.059
38.06
38.061
38.062
38.063
38.064
38.065
38.066
38.067
38.068
38.069
38.07
38.071
38.072
38.073
38.074
38.075
38.076
38.077
38.078
38.079
38.08
38.081
38.082
38.083
38.084
38.085
38.086
38.087
38.088
38.089
38.09
38.091
38.092
38.093
38.094
38.095
38.096
38.097
38.098
38.099
38.1
38.101
38.102
38.103
38.104
38.105
38.106
38.107
38.108
38.109
38.11
38.111
38.112
38.113
38.114
38.115
38.116
38.117
38.118
38.119
38.12
38.121
38.122
38.123
38.124
38.125
38.126
38.127
38.128
38.129
38.13
38.131
38.132
38.133
38.134
38.135
38.136
38.137
38.138
38.139
38.14
38.141
38.142
38.143
38.144
38.145
38.146
38.147
38.148
38.149
38.15
38.151
38.152
38.153
38.154
38.155
38.156
38.157
38.158
38.159
38.16
38.161
38.162
38.163
38.164
38.165
38.166
38.167
38.168
38.169
38.17
38.171
38.172
38.173
38.174
38.175
38.176
38.177
38.178
38.179
38.18
38.181
38.182
38.183
38.184
38.185
38.186
38.187
38.188
38.189
38.19
38.191
38.192
38.193
38.194
38.195
38.196
38.197
38.198
38.199
38.2
38.201
38.202
38.203
38.204
38.205
38.206
38.207
38.208
38.209
38.21
38.211
38.212
38.213
38.214
38.215
38.216
38.217
38.218
38.219
38.22
38.221
38.222
38.223
38.224
38.225
38.226
38.227
38.228
38.229
38.23
38.231
38.232
38.233
38.234
38.235
38.236
38.237
38.238
38.239
38.24
38.241
38.242
38.243
38.244
38.245
38.246
38.247
38.248
38.249
38.25
38.251
38.252
38.253
38.254
38.255
38.256
38.257
38.258
38.259
38.26
38.261
38.262
38.263
38.264
38.265
38.266
38.267
38.268
38.269
38.27
38.271
38.272
38.273
38.274
38.275
38.276
38.277
38.278
38.279
38.28
38.281
38.282
38.283
38.284
38.285
38.286
38.287
38.288
38.289
38.29
38.291
38.292
38.293
38.294
38.295
38.296
38.297
38.298
38.299
38.3
38.301
38.302
38.303
38.304
38.305
38.306
38.307
38.308
38.309
38.31
38.311
38.312
38.313
38.314
38.315
38.316
38.317
38.318
38.319
38.32
38.321
38.322
38.323
38.324
38.325
38.326
38.327
38.328
38.329
38.33
38.331
38.332
38.333
38.334
38.335
38.336
38.337
38.338
38.339
38.34
38.341
38.342
38.343
38.344
38.345
38.346
38.347
38.348
38.349
38.35
38.351
38.352
38.353
38.354
38.355
38.356
38.357
38.358
38.359
38.36
38.361
38.362
38.363
38.364
38.365
38.366
38.367
38.368
38.369
38.37
38.371
38.372
38.373
38.374
38.375
38.376
38.377
38.378
38.379
38.38
38.381
38.382
38.383
38.384
38.385
38.386
38.387
38.388
38.389
38.39
38.391
38.392
38.393
38.394
38.395
38.396
38.397
38.398
38.399
38.4
38.401
38.402
38.403
38.404
38.405
38.406
38.407
38.408
38.409
38.41
38.411
38.412
38.413
38.414
38.415
38.416
38.417
38.418
38.419
38.42
38.421
38.422
38.423
38.424
38.425
38.426
38.427
38.428
38.429
38.43
38.431
38.432
38.433
38.434
38.435
38.436
38.437
38.438
38.439
38.44
38.441
38.442
38.443
38.444
38.445
38.446
38.447
38.448
38.449
38.45
38.451
38.452
38.453
38.454
38.455
38.456
38.457
38.458
38.459
38.46
38.461
38.462
38.463
38.464
38.465
38.466
38.467
38.468
38.469
38.47
38.471
38.472
38.473
38.474
38.475
38.476
38.477
38.478
38.479
38.48
38.481
38.482
38.483
38.484
38.485
38.486
38.487
38.488
38.489
38.49
38.491
38.492
38.493
38.494
38.495
38.496
38.497
38.498
38.499
38.5
38.501
38.502
38.503
38.504
38.505
38.506
38.507
38.508
38.509
38.51
38.511
38.512
38.513
38.514
38.515
38.516
38.517
38.518
38.519
38.52
38.521
38.522
38.523
38.524
38.525
38.526
38.527
38.528
38.529
38.53
38.531
38.532
38.533
38.534
38.535
38.536
38.537
38.538
38.539
38.54
38.541
38.542
38.543
38.544
38.545
38.546
38.547
38.548
38.549
38.55
38.551
38.552
38.553
38.554
38.555
38.556
38.557
38.558
38.559
38.56
38.561
38.562
38.563
38.564
38.565
38.566
38.567
38.568
38.569
38.57
38.571
38.572
38.573
38.574
38.575
38.576
38.577
38.578
38.579
38.58
38.581
38.582
38.583
38.584
38.585
38.586
38.587
38.588
38.589
38.59
38.591
38.592
38.593
38.594
38.595
38.596
38.597
38.598
38.599
38.6
38.601
38.602
38.603
38.604
38.605
38.606
38.607
38.608
38.609
38.61
38.611
38.612
38.613
38.614
38.615
38.616
38.617
38.618
38.619
38.62
38.621
38.622
38.623
38.624
38.625
38.626
38.627
38.628
38.629
38.63
38.631
38.632
38.633
38.634
38.635
38.636
38.637
38.638
38.639
38.64
38.641
38.642
38.643
38.644
38.645
38.646
38.647
38.648
38.649
38.65
38.651
38.652
38.653
38.654
38.655
38.656
38.657
38.658
38.659
38.66
38.661
38.662
38.663
38.664
38.665
38.666
38.667
38.668
38.669
38.67
38.671
38.672
38.673
38.674
38.675
38.676
38.677
38.678
38.679
38.68
38.681
38.682
38.683
38.684
38.685
38.686
38.687
38.688
38.689
38.69
38.691
38.692
38.693
38.694
38.695
38.696
38.697
38.698
38.699
38.7
38.701
38.702
38.703
38.704
38.705
38.706
38.707
38.708
38.709
38.71
38.711
38.712
38.713
38.714
38.715
38.716
38.717
38.718
38.719
38.72
38.721
38.722
38.723
38.724
38.725
38.726
38.727
38.728
38.729
38.73
38.731
38.732
38.733
38.734
38.735
38.736
38.737
38.738
38.739
38.74
38.741
38.742
38.743
38.744
38.745
38.746
38.747
38.748
38.749
38.75
38.751
38.752
38.753
38.754
38.755
38.756
38.757
38.758
38.759
38.76
38.761
38.762
38.763
38.764
38.765
38.766
38.767
38.768
38.769
38.77
38.771
38.772
38.773
38.774
38.775
38.776
38.777
38.778
38.779
38.78
38.781
38.782
38.783
38.784
38.785
38.786
38.787
38.788
38.789
38.79
38.791
38.792
38.793
38.794
38.795
38.796
38.797
38.798
38.799
38.8
38.801
38.802
38.803
38.804
38.805
38.806
38.807
38.808
38.809
38.81
38.811
38.812
38.813
38.814
38.815
38.816
38.817
38.818
38.819
38.82
38.821
38.822
38.823
38.824
38.825
38.826
38.827
38.828
38.829
38.83
38.831
38.832
38.833
38.834
38.835
38.836
38.837
38.838
38.839
38.84
38.841
38.842
38.843
38.844
38.845
38.846
38.847
38.848
38.849
38.85
38.851
38.852
38.853
38.854
38.855
38.856
38.857
38.858
38.859
38.86
38.861
38.862
38.863
38.864
38.865
38.866
38.867
38.868
38.869
38.87
38.871
38.872
38.873
38.874
38.875
38.876
38.877
38.878
38.879
38.88
38.881
38.882
38.883
38.884
38.885
38.886
38.887
38.888
38.889
38.89
38.891
38.892
38.893
38.894
38.895
38.896
38.897
38.898
38.899
38.9
38.901
38.902
38.903
38.904
38.905
38.906
38.907
38.908
38.909
38.91
38.911
38.912
38.913
38.914
38.915
38.916
38.917
38.918
38.919
38.92
38.921
38.922
38.923
38.924
38.925
38.926
38.927
38.928
38.929
38.93
38.931
38.932
38.933
38.934
38.935
38.936
38.937
38.938
38.939
38.94
38.941
38.942
38.943
38.944
38.945
38.946
38.947
38.948
38.949
38.95
38.951
38.952
38.953
38.954
38.955
38.956
38.957
38.958
38.959
38.96
38.961
38.962
38.963
38.964
38.965
38.966
38.967
38.968
38.969
38.97
38.971
38.972
38.973
38.974
38.975
38.976
38.977
38.978
38.979
38.98
38.981
38.982
38.983
38.984
38.985
38.986
38.987
38.988
38.989
38.99
38.991
38.992
38.993
38.994
38.995
38.996
38.997
38.998
38.999
39
39.001
39.002
39.003
39.004
39.005
39.006
39.007
39.008
39.009
39.01
39.011
39.012
39.013
39.014
39.015
39.016
39.017
39.018
39.019
39.02
39.021
39.022
39.023
39.024
39.025
39.026
39.027
39.028
39.029
39.03
39.031
39.032
39.033
39.034
39.035
39.036
39.037
39.038
39.039
39.04
39.041
39.042
39.043
39.044
39.045
39.046
39.047
39.048
39.049
39.05
39.051
39.052
39.053
39.054
39.055
39.056
39.057
39.058
39.059
39.06
39.061
39.062
39.063
39.064
39.065
39.066
39.067
39.068
39.069
39.07
39.071
39.072
39.073
39.074
39.075
39.076
39.077
39.078
39.079
39.08
39.081
39.082
39.083
39.084
39.085
39.086
39.087
39.088
39.089
39.09
39.091
39.092
39.093
39.094
39.095
39.096
39.097
39.098
39.099
39.1
39.101
39.102
39.103
39.104
39.105
39.106
39.107
39.108
39.109
39.11
39.111
39.112
39.113
39.114
39.115
39.116
39.117
39.118
39.119
39.12
39.121
39.122
39.123
39.124
39.125
39.126
39.127
39.128
39.129
39.13
39.131
39.132
39.133
39.134
39.135
39.136
39.137
39.138
39.139
39.14
39.141
39.142
39.143
39.144
39.145
39.146
39.147
39.148
39.149
39.15
39.151
39.152
39.153
39.154
39.155
39.156
39.157
39.158
39.159
39.16
39.161
39.162
39.163
39.164
39.165
39.166
39.167
39.168
39.169
39.17
39.171
39.172
39.173
39.174
39.175
39.176
39.177
39.178
39.179
39.18
39.181
39.182
39.183
39.184
39.185
39.186
39.187
39.188
39.189
39.19
39.191
39.192
39.193
39.194
39.195
39.196
39.197
39.198
39.199
39.2
39.201
39.202
39.203
39.204
39.205
39.206
39.207
39.208
39.209
39.21
39.211
39.212
39.213
39.214
39.215
39.216
39.217
39.218
39.219
39.22
39.221
39.222
39.223
39.224
39.225
39.226
39.227
39.228
39.229
39.23
39.231
39.232
39.233
39.234
39.235
39.236
39.237
39.238
39.239
39.24
39.241
39.242
39.243
39.244
39.245
39.246
39.247
39.248
39.249
39.25
39.251
39.252
39.253
39.254
39.255
39.256
39.257
39.258
39.259
39.26
39.261
39.262
39.263
39.264
39.265
39.266
39.267
39.268
39.269
39.27
39.271
39.272
39.273
39.274
39.275
39.276
39.277
39.278
39.279
39.28
39.281
39.282
39.283
39.284
39.285
39.286
39.287
39.288
39.289
39.29
39.291
39.292
39.293
39.294
39.295
39.296
39.297
39.298
39.299
39.3
39.301
39.302
39.303
39.304
39.305
39.306
39.307
39.308
39.309
39.31
39.311
39.312
39.313
39.314
39.315
39.316
39.317
39.318
39.319
39.32
39.321
39.322
39.323
39.324
39.325
39.326
39.327
39.328
39.329
39.33
39.331
39.332
39.333
39.334
39.335
39.336
39.337
39.338
39.339
39.34
39.341
39.342
39.343
39.344
39.345
39.346
39.347
39.348
39.349
39.35
39.351
39.352
39.353
39.354
39.355
39.356
39.357
39.358
39.359
39.36
39.361
39.362
39.363
39.364
39.365
39.366
39.367
39.368
39.369
39.37
39.371
39.372
39.373
39.374
39.375
39.376
39.377
39.378
39.379
39.38
39.381
39.382
39.383
39.384
39.385
39.386
39.387
39.388
39.389
39.39
39.391
39.392
39.393
39.394
39.395
39.396
39.397
39.398
39.399
39.4
39.401
39.402
39.403
39.404
39.405
39.406
39.407
39.408
39.409
39.41
39.411
39.412
39.413
39.414
39.415
39.416
39.417
39.418
39.419
39.42
39.421
39.422
39.423
39.424
39.425
39.426
39.427
39.428
39.429
39.43
39.431
39.432
39.433
39.434
39.435
39.436
39.437
39.438
39.439
39.44
39.441
39.442
39.443
39.444
39.445
39.446
39.447
39.448
39.449
39.45
39.451
39.452
39.453
39.454
39.455
39.456
39.457
39.458
39.459
39.46
39.461
39.462
39.463
39.464
39.465
39.466
39.467
39.468
39.469
39.47
39.471
39.472
39.473
39.474
39.475
39.476
39.477
39.478
39.479
39.48
39.481
39.482
39.483
39.484
39.485
39.486
39.487
39.488
39.489
39.49
39.491
39.492
39.493
39.494
39.495
39.496
39.497
39.498
39.499
39.5
39.501
39.502
39.503
39.504
39.505
39.506
39.507
39.508
39.509
39.51
39.511
39.512
39.513
39.514
39.515
39.516
39.517
39.518
39.519
39.52
39.521
39.522
39.523
39.524
39.525
39.526
39.527
39.528
39.529
39.53
39.531
39.532
39.533
39.534
39.535
39.536
39.537
39.538
39.539
39.54
39.541
39.542
39.543
39.544
39.545
39.546
39.547
39.548
39.549
39.55
39.551
39.552
39.553
39.554
39.555
39.556
39.557
39.558
39.559
39.56
39.561
39.562
39.563
39.564
39.565
39.566
39.567
39.568
39.569
39.57
39.571
39.572
39.573
39.574
39.575
39.576
39.577
39.578
39.579
39.58
39.581
39.582
39.583
39.584
39.585
39.586
39.587
39.588
39.589
39.59
39.591
39.592
39.593
39.594
39.595
39.596
39.597
39.598
39.599
39.6
39.601
39.602
39.603
39.604
39.605
39.606
39.607
39.608
39.609
39.61
39.611
39.612
39.613
39.614
39.615
39.616
39.617
39.618
39.619
39.62
39.621
39.622
39.623
39.624
39.625
39.626
39.627
39.628
39.629
39.63
39.631
39.632
39.633
39.634
39.635
39.636
39.637
39.638
39.639
39.64
39.641
39.642
39.643
39.644
39.645
39.646
39.647
39.648
39.649
39.65
39.651
39.652
39.653
39.654
39.655
39.656
39.657
39.658
39.659
39.66
39.661
39.662
39.663
39.664
39.665
39.666
39.667
39.668
39.669
39.67
39.671
39.672
39.673
39.674
39.675
39.676
39.677
39.678
39.679
39.68
39.681
39.682
39.683
39.684
39.685
39.686
39.687
39.688
39.689
39.69
39.691
39.692
39.693
39.694
39.695
39.696
39.697
39.698
39.699
39.7
39.701
39.702
39.703
39.704
39.705
39.706
39.707
39.708
39.709
39.71
39.711
39.712
39.713
39.714
39.715
39.716
39.717
39.718
39.719
39.72
39.721
39.722
39.723
39.724
39.725
39.726
39.727
39.728
39.729
39.73
39.731
39.732
39.733
39.734
39.735
39.736
39.737
39.738
39.739
39.74
39.741
39.742
39.743
39.744
39.745
39.746
39.747
39.748
39.749
39.75
39.751
39.752
39.753
39.754
39.755
39.756
39.757
39.758
39.759
39.76
39.761
39.762
39.763
39.764
39.765
39.766
39.767
39.768
39.769
39.77
39.771
39.772
39.773
39.774
39.775
39.776
39.777
39.778
39.779
39.78
39.781
39.782
39.783
39.784
39.785
39.786
39.787
39.788
39.789
39.79
39.791
39.792
39.793
39.794
39.795
39.796
39.797
39.798
39.799
39.8
39.801
39.802
39.803
39.804
39.805
39.806
39.807
39.808
39.809
39.81
39.811
39.812
39.813
39.814
39.815
39.816
39.817
39.818
39.819
39.82
39.821
39.822
39.823
39.824
39.825
39.826
39.827
39.828
39.829
39.83
39.831
39.832
39.833
39.834
39.835
39.836
39.837
39.838
39.839
39.84
39.841
39.842
39.843
39.844
39.845
39.846
39.847
39.848
39.849
39.85
39.851
39.852
39.853
39.854
39.855
39.856
39.857
39.858
39.859
39.86
39.861
39.862
39.863
39.864
39.865
39.866
39.867
39.868
39.869
39.87
39.871
39.872
39.873
39.874
39.875
39.876
39.877
39.878
39.879
39.88
39.881
39.882
39.883
39.884
39.885
39.886
39.887
39.888
39.889
39.89
39.891
39.892
39.893
39.894
39.895
39.896
39.897
39.898
39.899
39.9
39.901
39.902
39.903
39.904
39.905
39.906
39.907
39.908
39.909
39.91
39.911
39.912
39.913
39.914
39.915
39.916
39.917
39.918
39.919
39.92
39.921
39.922
39.923
39.924
39.925
39.926
39.927
39.928
39.929
39.93
39.931
39.932
39.933
39.934
39.935
39.936
39.937
39.938
39.939
39.94
39.941
39.942
39.943
39.944
39.945
39.946
39.947
39.948
39.949
39.95
39.951
39.952
39.953
39.954
39.955
39.956
39.957
39.958
39.959
39.96
39.961
39.962
39.963
39.964
39.965
39.966
39.967
39.968
39.969
39.97
39.971
39.972
39.973
39.974
39.975
39.976
39.977
39.978
39.979
39.98
39.981
39.982
39.983
39.984
39.985
39.986
39.987
39.988
39.989
39.99
39.991
39.992
39.993
39.994
39.995
39.996
39.997
39.998
39.999
40
40.001
40.002
40.003
40.004
40.005
40.006
40.007
40.008
40.009
40.01
40.011
40.012
40.013
40.014
40.015
40.016
40.017
40.018
40.019
40.02
40.021
40.022
40.023
40.024
40.025
40.026
40.027
40.028
40.029
40.03
40.031
40.032
40.033
40.034
40.035
40.036
40.037
40.038
40.039
40.04
40.041
40.042
40.043
40.044
40.045
40.046
40.047
40.048
40.049
40.05
40.051
40.052
40.053
40.054
40.055
40.056
40.057
40.058
40.059
40.06
40.061
40.062
40.063
40.064
40.065
40.066
40.067
40.068
40.069
40.07
40.071
40.072
40.073
40.074
40.075
40.076
40.077
40.078
40.079
40.08
40.081
40.082
40.083
40.084
40.085
40.086
40.087
40.088
40.089
40.09
40.091
40.092
40.093
40.094
40.095
40.096
40.097
40.098
40.099
40.1
40.101
40.102
40.103
40.104
40.105
40.106
40.107
40.108
40.109
40.11
40.111
40.112
40.113
40.114
40.115
40.116
40.117
40.118
40.119
40.12
40.121
40.122
40.123
40.124
40.125
40.126
40.127
40.128
40.129
40.13
40.131
40.132
40.133
40.134
40.135
40.136
40.137
40.138
40.139
40.14
40.141
40.142
40.143
40.144
40.145
40.146
40.147
40.148
40.149
40.15
40.151
40.152
40.153
40.154
40.155
40.156
40.157
40.158
40.159
40.16
40.161
40.162
40.163
40.164
40.165
40.166
40.167
40.168
40.169
40.17
40.171
40.172
40.173
40.174
40.175
40.176
40.177
40.178
40.179
40.18
40.181
40.182
40.183
40.184
40.185
40.186
40.187
40.188
40.189
40.19
40.191
40.192
40.193
40.194
40.195
40.196
40.197
40.198
40.199
40.2
40.201
40.202
40.203
40.204
40.205
40.206
40.207
40.208
40.209
40.21
40.211
40.212
40.213
40.214
40.215
40.216
40.217
40.218
40.219
40.22
40.221
40.222
40.223
40.224
40.225
40.226
40.227
40.228
40.229
40.23
40.231
40.232
40.233
40.234
40.235
40.236
40.237
40.238
40.239
40.24
40.241
40.242
40.243
40.244
40.245
40.246
40.247
40.248
40.249
40.25
40.251
40.252
40.253
40.254
40.255
40.256
40.257
40.258
40.259
40.26
40.261
40.262
40.263
40.264
40.265
40.266
40.267
40.268
40.269
40.27
40.271
40.272
40.273
40.274
40.275
40.276
40.277
40.278
40.279
40.28
40.281
40.282
40.283
40.284
40.285
40.286
40.287
40.288
40.289
40.29
40.291
40.292
40.293
40.294
40.295
40.296
40.297
40.298
40.299
40.3
40.301
40.302
40.303
40.304
40.305
40.306
40.307
40.308
40.309
40.31
40.311
40.312
40.313
40.314
40.315
40.316
40.317
40.318
40.319
40.32
40.321
40.322
40.323
40.324
40.325
40.326
40.327
40.328
40.329
40.33
40.331
40.332
40.333
40.334
40.335
40.336
40.337
40.338
40.339
40.34
40.341
40.342
40.343
40.344
40.345
40.346
40.347
40.348
40.349
40.35
40.351
40.352
40.353
40.354
40.355
40.356
40.357
40.358
40.359
40.36
40.361
40.362
40.363
40.364
40.365
40.366
40.367
40.368
40.369
40.37
40.371
40.372
40.373
40.374
40.375
40.376
40.377
40.378
40.379
40.38
40.381
40.382
40.383
40.384
40.385
40.386
40.387
40.388
40.389
40.39
40.391
40.392
40.393
40.394
40.395
40.396
40.397
40.398
40.399
40.4
40.401
40.402
40.403
40.404
40.405
40.406
40.407
40.408
40.409
40.41
40.411
40.412
40.413
40.414
40.415
40.416
40.417
40.418
40.419
40.42
40.421
40.422
40.423
40.424
40.425
40.426
40.427
40.428
40.429
40.43
40.431
40.432
40.433
40.434
40.435
40.436
40.437
40.438
40.439
40.44
40.441
40.442
40.443
40.444
40.445
40.446
40.447
40.448
40.449
40.45
40.451
40.452
40.453
40.454
40.455
40.456
40.457
40.458
40.459
40.46
40.461
40.462
40.463
40.464
40.465
40.466
40.467
40.468
40.469
40.47
40.471
40.472
40.473
40.474
40.475
40.476
40.477
40.478
40.479
40.48
40.481
40.482
40.483
40.484
40.485
40.486
40.487
40.488
40.489
40.49
40.491
40.492
40.493
40.494
40.495
40.496
40.497
40.498
40.499
40.5
40.501
40.502
40.503
40.504
40.505
40.506
40.507
40.508
40.509
40.51
40.511
40.512
40.513
40.514
40.515
40.516
40.517
40.518
40.519
40.52
40.521
40.522
40.523
40.524
40.525
40.526
40.527
40.528
40.529
40.53
40.531
40.532
40.533
40.534
40.535
40.536
40.537
40.538
40.539
40.54
40.541
40.542
40.543
40.544
40.545
40.546
40.547
40.548
40.549
40.55
40.551
40.552
40.553
40.554
40.555
40.556
40.557
40.558
40.559
40.56
40.561
40.562
40.563
40.564
40.565
40.566
40.567
40.568
40.569
40.57
40.571
40.572
40.573
40.574
40.575
40.576
40.577
40.578
40.579
40.58
40.581
40.582
40.583
40.584
40.585
40.586
40.587
40.588
40.589
40.59
40.591
40.592
40.593
40.594
40.595
40.596
40.597
40.598
40.599
40.6
40.601
40.602
40.603
40.604
40.605
40.606
40.607
40.608
40.609
40.61
40.611
40.612
40.613
40.614
40.615
40.616
40.617
40.618
40.619
40.62
40.621
40.622
40.623
40.624
40.625
40.626
40.627
40.628
40.629
40.63
40.631
40.632
40.633
40.634
40.635
40.636
40.637
40.638
40.639
40.64
40.641
40.642
40.643
40.644
40.645
40.646
40.647
40.648
40.649
40.65
40.651
40.652
40.653
40.654
40.655
40.656
40.657
40.658
40.659
40.66
40.661
40.662
40.663
40.664
40.665
40.666
40.667
40.668
40.669
40.67
40.671
40.672
40.673
40.674
40.675
40.676
40.677
40.678
40.679
40.68
40.681
40.682
40.683
40.684
40.685
40.686
40.687
40.688
40.689
40.69
40.691
40.692
40.693
40.694
40.695
40.696
40.697
40.698
40.699
40.7
40.701
40.702
40.703
40.704
40.705
40.706
40.707
40.708
40.709
40.71
40.711
40.712
40.713
40.714
40.715
40.716
40.717
40.718
40.719
40.72
40.721
40.722
40.723
40.724
40.725
40.726
40.727
40.728
40.729
40.73
40.731
40.732
40.733
40.734
40.735
40.736
40.737
40.738
40.739
40.74
40.741
40.742
40.743
40.744
40.745
40.746
40.747
40.748
40.749
40.75
40.751
40.752
40.753
40.754
40.755
40.756
40.757
40.758
40.759
40.76
40.761
40.762
40.763
40.764
40.765
40.766
40.767
40.768
40.769
40.77
40.771
40.772
40.773
40.774
40.775
40.776
40.777
40.778
40.779
40.78
40.781
40.782
40.783
40.784
40.785
40.786
40.787
40.788
40.789
40.79
40.791
40.792
40.793
40.794
40.795
40.796
40.797
40.798
40.799
40.8
40.801
40.802
40.803
40.804
40.805
40.806
40.807
40.808
40.809
40.81
40.811
40.812
40.813
40.814
40.815
40.816
40.817
40.818
40.819
40.82
40.821
40.822
40.823
40.824
40.825
40.826
40.827
40.828
40.829
40.83
40.831
40.832
40.833
40.834
40.835
40.836
40.837
40.838
40.839
40.84
40.841
40.842
40.843
40.844
40.845
40.846
40.847
40.848
40.849
40.85
40.851
40.852
40.853
40.854
40.855
40.856
40.857
40.858
40.859
40.86
40.861
40.862
40.863
40.864
40.865
40.866
40.867
40.868
40.869
40.87
40.871
40.872
40.873
40.874
40.875
40.876
40.877
40.878
40.879
40.88
40.881
40.882
40.883
40.884
40.885
40.886
40.887
40.888
40.889
40.89
40.891
40.892
40.893
40.894
40.895
40.896
40.897
40.898
40.899
40.9
40.901
40.902
40.903
40.904
40.905
40.906
40.907
40.908
40.909
40.91
40.911
40.912
40.913
40.914
40.915
40.916
40.917
40.918
40.919
40.92
40.921
40.922
40.923
40.924
40.925
40.926
40.927
40.928
40.929
40.93
40.931
40.932
40.933
40.934
40.935
40.936
40.937
40.938
40.939
40.94
40.941
40.942
40.943
40.944
40.945
40.946
40.947
40.948
40.949
40.95
40.951
40.952
40.953
40.954
40.955
40.956
40.957
40.958
40.959
40.96
40.961
40.962
40.963
40.964
40.965
40.966
40.967
40.968
40.969
40.97
40.971
40.972
40.973
40.974
40.975
40.976
40.977
40.978
40.979
40.98
40.981
40.982
40.983
40.984
40.985
40.986
40.987
40.988
40.989
40.99
40.991
40.992
40.993
40.994
40.995
40.996
40.997
40.998
40.999
41
41.001
41.002
41.003
41.004
41.005
41.006
41.007
41.008
41.009
41.01
41.011
41.012
41.013
41.014
41.015
41.016
41.017
41.018
41.019
41.02
41.021
41.022
41.023
41.024
41.025
41.026
41.027
41.028
41.029
41.03
41.031
41.032
41.033
41.034
41.035
41.036
41.037
41.038
41.039
41.04
41.041
41.042
41.043
41.044
41.045
41.046
41.047
41.048
41.049
41.05
41.051
41.052
41.053
41.054
41.055
41.056
41.057
41.058
41.059
41.06
41.061
41.062
41.063
41.064
41.065
41.066
41.067
41.068
41.069
41.07
41.071
41.072
41.073
41.074
41.075
41.076
41.077
41.078
41.079
41.08
41.081
41.082
41.083
41.084
41.085
41.086
41.087
41.088
41.089
41.09
41.091
41.092
41.093
41.094
41.095
41.096
41.097
41.098
41.099
41.1
41.101
41.102
41.103
41.104
41.105
41.106
41.107
41.108
41.109
41.11
41.111
41.112
41.113
41.114
41.115
41.116
41.117
41.118
41.119
41.12
41.121
41.122
41.123
41.124
41.125
41.126
41.127
41.128
41.129
41.13
41.131
41.132
41.133
41.134
41.135
41.136
41.137
41.138
41.139
41.14
41.141
41.142
41.143
41.144
41.145
41.146
41.147
41.148
41.149
41.15
41.151
41.152
41.153
41.154
41.155
41.156
41.157
41.158
41.159
41.16
41.161
41.162
41.163
41.164
41.165
41.166
41.167
41.168
41.169
41.17
41.171
41.172
41.173
41.174
41.175
41.176
41.177
41.178
41.179
41.18
41.181
41.182
41.183
41.184
41.185
41.186
41.187
41.188
41.189
41.19
41.191
41.192
41.193
41.194
41.195
41.196
41.197
41.198
41.199
41.2
41.201
41.202
41.203
41.204
41.205
41.206
41.207
41.208
41.209
41.21
41.211
41.212
41.213
41.214
41.215
41.216
41.217
41.218
41.219
41.22
41.221
41.222
41.223
41.224
41.225
41.226
41.227
41.228
41.229
41.23
41.231
41.232
41.233
41.234
41.235
41.236
41.237
41.238
41.239
41.24
41.241
41.242
41.243
41.244
41.245
41.246
41.247
41.248
41.249
41.25
41.251
41.252
41.253
41.254
41.255
41.256
41.257
41.258
41.259
41.26
41.261
41.262
41.263
41.264
41.265
41.266
41.267
41.268
41.269
41.27
41.271
41.272
41.273
41.274
41.275
41.276
41.277
41.278
41.279
41.28
41.281
41.282
41.283
41.284
41.285
41.286
41.287
41.288
41.289
41.29
41.291
41.292
41.293
41.294
41.295
41.296
41.297
41.298
41.299
41.3
41.301
41.302
41.303
41.304
41.305
41.306
41.307
41.308
41.309
41.31
41.311
41.312
41.313
41.314
41.315
41.316
41.317
41.318
41.319
41.32
41.321
41.322
41.323
41.324
41.325
41.326
41.327
41.328
41.329
41.33
41.331
41.332
41.333
41.334
41.335
41.336
41.337
41.338
41.339
41.34
41.341
41.342
41.343
41.344
41.345
41.346
41.347
41.348
41.349
41.35
41.351
41.352
41.353
41.354
41.355
41.356
41.357
41.358
41.359
41.36
41.361
41.362
41.363
41.364
41.365
41.366
41.367
41.368
41.369
41.37
41.371
41.372
41.373
41.374
41.375
41.376
41.377
41.378
41.379
41.38
41.381
41.382
41.383
41.384
41.385
41.386
41.387
41.388
41.389
41.39
41.391
41.392
41.393
41.394
41.395
41.396
41.397
41.398
41.399
41.4
41.401
41.402
41.403
41.404
41.405
41.406
41.407
41.408
41.409
41.41
41.411
41.412
41.413
41.414
41.415
41.416
41.417
41.418
41.419
41.42
41.421
41.422
41.423
41.424
41.425
41.426
41.427
41.428
41.429
41.43
41.431
41.432
41.433
41.434
41.435
41.436
41.437
41.438
41.439
41.44
41.441
41.442
41.443
41.444
41.445
41.446
41.447
41.448
41.449
41.45
41.451
41.452
41.453
41.454
41.455
41.456
41.457
41.458
41.459
41.46
41.461
41.462
41.463
41.464
41.465
41.466
41.467
41.468
41.469
41.47
41.471
41.472
41.473
41.474
41.475
41.476
41.477
41.478
41.479
41.48
41.481
41.482
41.483
41.484
41.485
41.486
41.487
41.488
41.489
41.49
41.491
41.492
41.493
41.494
41.495
41.496
41.497
41.498
41.499
41.5
41.501
41.502
41.503
41.504
41.505
41.506
41.507
41.508
41.509
41.51
41.511
41.512
41.513
41.514
41.515
41.516
41.517
41.518
41.519
41.52
41.521
41.522
41.523
41.524
41.525
41.526
41.527
41.528
41.529
41.53
41.531
41.532
41.533
41.534
41.535
41.536
41.537
41.538
41.539
41.54
41.541
41.542
41.543
41.544
41.545
41.546
41.547
41.548
41.549
41.55
41.551
41.552
41.553
41.554
41.555
41.556
41.557
41.558
41.559
41.56
41.561
41.562
41.563
41.564
41.565
41.566
41.567
41.568
41.569
41.57
41.571
41.572
41.573
41.574
41.575
41.576
41.577
41.578
41.579
41.58
41.581
41.582
41.583
41.584
41.585
41.586
41.587
41.588
41.589
41.59
41.591
41.592
41.593
41.594
41.595
41.596
41.597
41.598
41.599
41.6
41.601
41.602
41.603
41.604
41.605
41.606
41.607
41.608
41.609
41.61
41.611
41.612
41.613
41.614
41.615
41.616
41.617
41.618
41.619
41.62
41.621
41.622
41.623
41.624
41.625
41.626
41.627
41.628
41.629
41.63
41.631
41.632
41.633
41.634
41.635
41.636
41.637
41.638
41.639
41.64
41.641
41.642
41.643
41.644
41.645
41.646
41.647
41.648
41.649
41.65
41.651
41.652
41.653
41.654
41.655
41.656
41.657
41.658
41.659
41.66
41.661
41.662
41.663
41.664
41.665
41.666
41.667
41.668
41.669
41.67
41.671
41.672
41.673
41.674
41.675
41.676
41.677
41.678
41.679
41.68
41.681
41.682
41.683
41.684
41.685
41.686
41.687
41.688
41.689
41.69
41.691
41.692
41.693
41.694
41.695
41.696
41.697
41.698
41.699
41.7
41.701
41.702
41.703
41.704
41.705
41.706
41.707
41.708
41.709
41.71
41.711
41.712
41.713
41.714
41.715
41.716
41.717
41.718
41.719
41.72
41.721
41.722
41.723
41.724
41.725
41.726
41.727
41.728
41.729
41.73
41.731
41.732
41.733
41.734
41.735
41.736
41.737
41.738
41.739
41.74
41.741
41.742
41.743
41.744
41.745
41.746
41.747
41.748
41.749
41.75
41.751
41.752
41.753
41.754
41.755
41.756
41.757
41.758
41.759
41.76
41.761
41.762
41.763
41.764
41.765
41.766
41.767
41.768
41.769
41.77
41.771
41.772
41.773
41.774
41.775
41.776
41.777
41.778
41.779
41.78
41.781
41.782
41.783
41.784
41.785
41.786
41.787
41.788
41.789
41.79
41.791
41.792
41.793
41.794
41.795
41.796
41.797
41.798
41.799
41.8
41.801
41.802
41.803
41.804
41.805
41.806
41.807
41.808
41.809
41.81
41.811
41.812
41.813
41.814
41.815
41.816
41.817
41.818
41.819
41.82
41.821
41.822
41.823
41.824
41.825
41.826
41.827
41.828
41.829
41.83
41.831
41.832
41.833
41.834
41.835
41.836
41.837
41.838
41.839
41.84
41.841
41.842
41.843
41.844
41.845
41.846
41.847
41.848
41.849
41.85
41.851
41.852
41.853
41.854
41.855
41.856
41.857
41.858
41.859
41.86
41.861
41.862
41.863
41.864
41.865
41.866
41.867
41.868
41.869
41.87
41.871
41.872
41.873
41.874
41.875
41.876
41.877
41.878
41.879
41.88
41.881
41.882
41.883
41.884
41.885
41.886
41.887
41.888
41.889
41.89
41.891
41.892
41.893
41.894
41.895
41.896
41.897
41.898
41.899
41.9
41.901
41.902
41.903
41.904
41.905
41.906
41.907
41.908
41.909
41.91
41.911
41.912
41.913
41.914
41.915
41.916
41.917
41.918
41.919
41.92
41.921
41.922
41.923
41.924
41.925
41.926
41.927
41.928
41.929
41.93
41.931
41.932
41.933
41.934
41.935
41.936
41.937
41.938
41.939
41.94
41.941
41.942
41.943
41.944
41.945
41.946
41.947
41.948
41.949
41.95
41.951
41.952
41.953
41.954
41.955
41.956
41.957
41.958
41.959
41.96
41.961
41.962
41.963
41.964
41.965
41.966
41.967
41.968
41.969
41.97
41.971
41.972
41.973
41.974
41.975
41.976
41.977
41.978
41.979
41.98
41.981
41.982
41.983
41.984
41.985
41.986
41.987
41.988
41.989
41.99
41.991
41.992
41.993
41.994
41.995
41.996
41.997
41.998
41.999
42
42.001
42.002
42.003
42.004
42.005
42.006
42.007
42.008
42.009
42.01
42.011
42.012
42.013
42.014
42.015
42.016
42.017
42.018
42.019
42.02
42.021
42.022
42.023
42.024
42.025
42.026
42.027
42.028
42.029
42.03
42.031
42.032
42.033
42.034
42.035
42.036
42.037
42.038
42.039
42.04
42.041
42.042
42.043
42.044
42.045
42.046
42.047
42.048
42.049
42.05
42.051
42.052
42.053
42.054
42.055
42.056
42.057
42.058
42.059
42.06
42.061
42.062
42.063
42.064
42.065
42.066
42.067
42.068
42.069
42.07
42.071
42.072
42.073
42.074
42.075
42.076
42.077
42.078
42.079
42.08
42.081
42.082
42.083
42.084
42.085
42.086
42.087
42.088
42.089
42.09
42.091
42.092
42.093
42.094
42.095
42.096
42.097
42.098
42.099
42.1
42.101
42.102
42.103
42.104
42.105
42.106
42.107
42.108
42.109
42.11
42.111
42.112
42.113
42.114
42.115
42.116
42.117
42.118
42.119
42.12
42.121
42.122
42.123
42.124
42.125
42.126
42.127
42.128
42.129
42.13
42.131
42.132
42.133
42.134
42.135
42.136
42.137
42.138
42.139
42.14
42.141
42.142
42.143
42.144
42.145
42.146
42.147
42.148
42.149
42.15
42.151
42.152
42.153
42.154
42.155
42.156
42.157
42.158
42.159
42.16
42.161
42.162
42.163
42.164
42.165
42.166
42.167
42.168
42.169
42.17
42.171
42.172
42.173
42.174
42.175
42.176
42.177
42.178
42.179
42.18
42.181
42.182
42.183
42.184
42.185
42.186
42.187
42.188
42.189
42.19
42.191
42.192
42.193
42.194
42.195
42.196
42.197
42.198
42.199
42.2
42.201
42.202
42.203
42.204
42.205
42.206
42.207
42.208
42.209
42.21
42.211
42.212
42.213
42.214
42.215
42.216
42.217
42.218
42.219
42.22
42.221
42.222
42.223
42.224
42.225
42.226
42.227
42.228
42.229
42.23
42.231
42.232
42.233
42.234
42.235
42.236
42.237
42.238
42.239
42.24
42.241
42.242
42.243
42.244
42.245
42.246
42.247
42.248
42.249
42.25
42.251
42.252
42.253
42.254
42.255
42.256
42.257
42.258
42.259
42.26
42.261
42.262
42.263
42.264
42.265
42.266
42.267
42.268
42.269
42.27
42.271
42.272
42.273
42.274
42.275
42.276
42.277
42.278
42.279
42.28
42.281
42.282
42.283
42.284
42.285
42.286
42.287
42.288
42.289
42.29
42.291
42.292
42.293
42.294
42.295
42.296
42.297
42.298
42.299
42.3
42.301
42.302
42.303
42.304
42.305
42.306
42.307
42.308
42.309
42.31
42.311
42.312
42.313
42.314
42.315
42.316
42.317
42.318
42.319
42.32
42.321
42.322
42.323
42.324
42.325
42.326
42.327
42.328
42.329
42.33
42.331
42.332
42.333
42.334
42.335
42.336
42.337
42.338
42.339
42.34
42.341
42.342
42.343
42.344
42.345
42.346
42.347
42.348
42.349
42.35
42.351
42.352
42.353
42.354
42.355
42.356
42.357
42.358
42.359
42.36
42.361
42.362
42.363
42.364
42.365
42.366
42.367
42.368
42.369
42.37
42.371
42.372
42.373
42.374
42.375
42.376
42.377
42.378
42.379
42.38
42.381
42.382
42.383
42.384
42.385
42.386
42.387
42.388
42.389
42.39
42.391
42.392
42.393
42.394
42.395
42.396
42.397
42.398
42.399
42.4
42.401
42.402
42.403
42.404
42.405
42.406
42.407
42.408
42.409
42.41
42.411
42.412
42.413
42.414
42.415
42.416
42.417
42.418
42.419
42.42
42.421
42.422
42.423
42.424
42.425
42.426
42.427
42.428
42.429
42.43
42.431
42.432
42.433
42.434
42.435
42.436
42.437
42.438
42.439
42.44
42.441
42.442
42.443
42.444
42.445
42.446
42.447
42.448
42.449
42.45
42.451
42.452
42.453
42.454
42.455
42.456
42.457
42.458
42.459
42.46
42.461
42.462
42.463
42.464
42.465
42.466
42.467
42.468
42.469
42.47
42.471
42.472
42.473
42.474
42.475
42.476
42.477
42.478
42.479
42.48
42.481
42.482
42.483
42.484
42.485
42.486
42.487
42.488
42.489
42.49
42.491
42.492
42.493
42.494
42.495
42.496
42.497
42.498
42.499
42.5
42.501
42.502
42.503
42.504
42.505
42.506
42.507
42.508
42.509
42.51
42.511
42.512
42.513
42.514
42.515
42.516
42.517
42.518
42.519
42.52
42.521
42.522
42.523
42.524
42.525
42.526
42.527
42.528
42.529
42.53
42.531
42.532
42.533
42.534
42.535
42.536
42.537
42.538
42.539
42.54
42.541
42.542
42.543
42.544
42.545
42.546
42.547
42.548
42.549
42.55
42.551
42.552
42.553
42.554
42.555
42.556
42.557
42.558
42.559
42.56
42.561
42.562
42.563
42.564
42.565
42.566
42.567
42.568
42.569
42.57
42.571
42.572
42.573
42.574
42.575
42.576
42.577
42.578
42.579
42.58
42.581
42.582
42.583
42.584
42.585
42.586
42.587
42.588
42.589
42.59
42.591
42.592
42.593
42.594
42.595
42.596
42.597
42.598
42.599
42.6
42.601
42.602
42.603
42.604
42.605
42.606
42.607
42.608
42.609
42.61
42.611
42.612
42.613
42.614
42.615
42.616
42.617
42.618
42.619
42.62
42.621
42.622
42.623
42.624
42.625
42.626
42.627
42.628
42.629
42.63
42.631
42.632
42.633
42.634
42.635
42.636
42.637
42.638
42.639
42.64
42.641
42.642
42.643
42.644
42.645
42.646
42.647
42.648
42.649
42.65
42.651
42.652
42.653
42.654
42.655
42.656
42.657
42.658
42.659
42.66
42.661
42.662
42.663
42.664
42.665
42.666
42.667
42.668
42.669
42.67
42.671
42.672
42.673
42.674
42.675
42.676
42.677
42.678
42.679
42.68
42.681
42.682
42.683
42.684
42.685
42.686
42.687
42.688
42.689
42.69
42.691
42.692
42.693
42.694
42.695
42.696
42.697
42.698
42.699
42.7
42.701
42.702
42.703
42.704
42.705
42.706
42.707
42.708
42.709
42.71
42.711
42.712
42.713
42.714
42.715
42.716
42.717
42.718
42.719
42.72
42.721
42.722
42.723
42.724
42.725
42.726
42.727
42.728
42.729
42.73
42.731
42.732
42.733
42.734
42.735
42.736
42.737
42.738
42.739
42.74
42.741
42.742
42.743
42.744
42.745
42.746
42.747
42.748
42.749
42.75
42.751
42.752
42.753
42.754
42.755
42.756
42.757
42.758
42.759
42.76
42.761
42.762
42.763
42.764
42.765
42.766
42.767
42.768
42.769
42.77
42.771
42.772
42.773
42.774
42.775
42.776
42.777
42.778
42.779
42.78
42.781
42.782
42.783
42.784
42.785
42.786
42.787
42.788
42.789
42.79
42.791
42.792
42.793
42.794
42.795
42.796
42.797
42.798
42.799
42.8
42.801
42.802
42.803
42.804
42.805
42.806
42.807
42.808
42.809
42.81
42.811
42.812
42.813
42.814
42.815
42.816
42.817
42.818
42.819
42.82
42.821
42.822
42.823
42.824
42.825
42.826
42.827
42.828
42.829
42.83
42.831
42.832
42.833
42.834
42.835
42.836
42.837
42.838
42.839
42.84
42.841
42.842
42.843
42.844
42.845
42.846
42.847
42.848
42.849
42.85
42.851
42.852
42.853
42.854
42.855
42.856
42.857
42.858
42.859
42.86
42.861
42.862
42.863
42.864
42.865
42.866
42.867
42.868
42.869
42.87
42.871
42.872
42.873
42.874
42.875
42.876
42.877
42.878
42.879
42.88
42.881
42.882
42.883
42.884
42.885
42.886
42.887
42.888
42.889
42.89
42.891
42.892
42.893
42.894
42.895
42.896
42.897
42.898
42.899
42.9
42.901
42.902
42.903
42.904
42.905
42.906
42.907
42.908
42.909
42.91
42.911
42.912
42.913
42.914
42.915
42.916
42.917
42.918
42.919
42.92
42.921
42.922
42.923
42.924
42.925
42.926
42.927
42.928
42.929
42.93
42.931
42.932
42.933
42.934
42.935
42.936
42.937
42.938
42.939
42.94
42.941
42.942
42.943
42.944
42.945
42.946
42.947
42.948
42.949
42.95
42.951
42.952
42.953
42.954
42.955
42.956
42.957
42.958
42.959
42.96
42.961
42.962
42.963
42.964
42.965
42.966
42.967
42.968
42.969
42.97
42.971
42.972
42.973
42.974
42.975
42.976
42.977
42.978
42.979
42.98
42.981
42.982
42.983
42.984
42.985
42.986
42.987
42.988
42.989
42.99
42.991
42.992
42.993
42.994
42.995
42.996
42.997
42.998
42.999
43
43.001
43.002
43.003
43.004
43.005
43.006
43.007
43.008
43.009
43.01
43.011
43.012
43.013
43.014
43.015
43.016
43.017
43.018
43.019
43.02
43.021
43.022
43.023
43.024
43.025
43.026
43.027
43.028
43.029
43.03
43.031
43.032
43.033
43.034
43.035
43.036
43.037
43.038
43.039
43.04
43.041
43.042
43.043
43.044
43.045
43.046
43.047
43.048
43.049
43.05
43.051
43.052
43.053
43.054
43.055
43.056
43.057
43.058
43.059
43.06
43.061
43.062
43.063
43.064
43.065
43.066
43.067
43.068
43.069
43.07
43.071
43.072
43.073
43.074
43.075
43.076
43.077
43.078
43.079
43.08
43.081
43.082
43.083
43.084
43.085
43.086
43.087
43.088
43.089
43.09
43.091
43.092
43.093
43.094
43.095
43.096
43.097
43.098
43.099
43.1
43.101
43.102
43.103
43.104
43.105
43.106
43.107
43.108
43.109
43.11
43.111
43.112
43.113
43.114
43.115
43.116
43.117
43.118
43.119
43.12
43.121
43.122
43.123
43.124
43.125
43.126
43.127
43.128
43.129
43.13
43.131
43.132
43.133
43.134
43.135
43.136
43.137
43.138
43.139
43.14
43.141
43.142
43.143
43.144
43.145
43.146
43.147
43.148
43.149
43.15
43.151
43.152
43.153
43.154
43.155
43.156
43.157
43.158
43.159
43.16
43.161
43.162
43.163
43.164
43.165
43.166
43.167
43.168
43.169
43.17
43.171
43.172
43.173
43.174
43.175
43.176
43.177
43.178
43.179
43.18
43.181
43.182
43.183
43.184
43.185
43.186
43.187
43.188
43.189
43.19
43.191
43.192
43.193
43.194
43.195
43.196
43.197
43.198
43.199
43.2
43.201
43.202
43.203
43.204
43.205
43.206
43.207
43.208
43.209
43.21
43.211
43.212
43.213
43.214
43.215
43.216
43.217
43.218
43.219
43.22
43.221
43.222
43.223
43.224
43.225
43.226
43.227
43.228
43.229
43.23
43.231
43.232
43.233
43.234
43.235
43.236
43.237
43.238
43.239
43.24
43.241
43.242
43.243
43.244
43.245
43.246
43.247
43.248
43.249
43.25
43.251
43.252
43.253
43.254
43.255
43.256
43.257
43.258
43.259
43.26
43.261
43.262
43.263
43.264
43.265
43.266
43.267
43.268
43.269
43.27
43.271
43.272
43.273
43.274
43.275
43.276
43.277
43.278
43.279
43.28
43.281
43.282
43.283
43.284
43.285
43.286
43.287
43.288
43.289
43.29
43.291
43.292
43.293
43.294
43.295
43.296
43.297
43.298
43.299
43.3
43.301
43.302
43.303
43.304
43.305
43.306
43.307
43.308
43.309
43.31
43.311
43.312
43.313
43.314
43.315
43.316
43.317
43.318
43.319
43.32
43.321
43.322
43.323
43.324
43.325
43.326
43.327
43.328
43.329
43.33
43.331
43.332
43.333
43.334
43.335
43.336
43.337
43.338
43.339
43.34
43.341
43.342
43.343
43.344
43.345
43.346
43.347
43.348
43.349
43.35
43.351
43.352
43.353
43.354
43.355
43.356
43.357
43.358
43.359
43.36
43.361
43.362
43.363
43.364
43.365
43.366
43.367
43.368
43.369
43.37
43.371
43.372
43.373
43.374
43.375
43.376
43.377
43.378
43.379
43.38
43.381
43.382
43.383
43.384
43.385
43.386
43.387
43.388
43.389
43.39
43.391
43.392
43.393
43.394
43.395
43.396
43.397
43.398
43.399
43.4
43.401
43.402
43.403
43.404
43.405
43.406
43.407
43.408
43.409
43.41
43.411
43.412
43.413
43.414
43.415
43.416
43.417
43.418
43.419
43.42
43.421
43.422
43.423
43.424
43.425
43.426
43.427
43.428
43.429
43.43
43.431
43.432
43.433
43.434
43.435
43.436
43.437
43.438
43.439
43.44
43.441
43.442
43.443
43.444
43.445
43.446
43.447
43.448
43.449
43.45
43.451
43.452
43.453
43.454
43.455
43.456
43.457
43.458
43.459
43.46
43.461
43.462
43.463
43.464
43.465
43.466
43.467
43.468
43.469
43.47
43.471
43.472
43.473
43.474
43.475
43.476
43.477
43.478
43.479
43.48
43.481
43.482
43.483
43.484
43.485
43.486
43.487
43.488
43.489
43.49
43.491
43.492
43.493
43.494
43.495
43.496
43.497
43.498
43.499
43.5
43.501
43.502
43.503
43.504
43.505
43.506
43.507
43.508
43.509
43.51
43.511
43.512
43.513
43.514
43.515
43.516
43.517
43.518
43.519
43.52
43.521
43.522
43.523
43.524
43.525
43.526
43.527
43.528
43.529
43.53
43.531
43.532
43.533
43.534
43.535
43.536
43.537
43.538
43.539
43.54
43.541
43.542
43.543
43.544
43.545
43.546
43.547
43.548
43.549
43.55
43.551
43.552
43.553
43.554
43.555
43.556
43.557
43.558
43.559
43.56
43.561
43.562
43.563
43.564
43.565
43.566
43.567
43.568
43.569
43.57
43.571
43.572
43.573
43.574
43.575
43.576
43.577
43.578
43.579
43.58
43.581
43.582
43.583
43.584
43.585
43.586
43.587
43.588
43.589
43.59
43.591
43.592
43.593
43.594
43.595
43.596
43.597
43.598
43.599
43.6
43.601
43.602
43.603
43.604
43.605
43.606
43.607
43.608
43.609
43.61
43.611
43.612
43.613
43.614
43.615
43.616
43.617
43.618
43.619
43.62
43.621
43.622
43.623
43.624
43.625
43.626
43.627
43.628
43.629
43.63
43.631
43.632
43.633
43.634
43.635
43.636
43.637
43.638
43.639
43.64
43.641
43.642
43.643
43.644
43.645
43.646
43.647
43.648
43.649
43.65
43.651
43.652
43.653
43.654
43.655
43.656
43.657
43.658
43.659
43.66
43.661
43.662
43.663
43.664
43.665
43.666
43.667
43.668
43.669
43.67
43.671
43.672
43.673
43.674
43.675
43.676
43.677
43.678
43.679
43.68
43.681
43.682
43.683
43.684
43.685
43.686
43.687
43.688
43.689
43.69
43.691
43.692
43.693
43.694
43.695
43.696
43.697
43.698
43.699
43.7
43.701
43.702
43.703
43.704
43.705
43.706
43.707
43.708
43.709
43.71
43.711
43.712
43.713
43.714
43.715
43.716
43.717
43.718
43.719
43.72
43.721
43.722
43.723
43.724
43.725
43.726
43.727
43.728
43.729
43.73
43.731
43.732
43.733
43.734
43.735
43.736
43.737
43.738
43.739
43.74
43.741
43.742
43.743
43.744
43.745
43.746
43.747
43.748
43.749
43.75
43.751
43.752
43.753
43.754
43.755
43.756
43.757
43.758
43.759
43.76
43.761
43.762
43.763
43.764
43.765
43.766
43.767
43.768
43.769
43.77
43.771
43.772
43.773
43.774
43.775
43.776
43.777
43.778
43.779
43.78
43.781
43.782
43.783
43.784
43.785
43.786
43.787
43.788
43.789
43.79
43.791
43.792
43.793
43.794
43.795
43.796
43.797
43.798
43.799
43.8
43.801
43.802
43.803
43.804
43.805
43.806
43.807
43.808
43.809
43.81
43.811
43.812
43.813
43.814
43.815
43.816
43.817
43.818
43.819
43.82
43.821
43.822
43.823
43.824
43.825
43.826
43.827
43.828
43.829
43.83
43.831
43.832
43.833
43.834
43.835
43.836
43.837
43.838
43.839
43.84
43.841
43.842
43.843
43.844
43.845
43.846
43.847
43.848
43.849
43.85
43.851
43.852
43.853
43.854
43.855
43.856
43.857
43.858
43.859
43.86
43.861
43.862
43.863
43.864
43.865
43.866
43.867
43.868
43.869
43.87
43.871
43.872
43.873
43.874
43.875
43.876
43.877
43.878
43.879
43.88
43.881
43.882
43.883
43.884
43.885
43.886
43.887
43.888
43.889
43.89
43.891
43.892
43.893
43.894
43.895
43.896
43.897
43.898
43.899
43.9
43.901
43.902
43.903
43.904
43.905
43.906
43.907
43.908
43.909
43.91
43.911
43.912
43.913
43.914
43.915
43.916
43.917
43.918
43.919
43.92
43.921
43.922
43.923
43.924
43.925
43.926
43.927
43.928
43.929
43.93
43.931
43.932
43.933
43.934
43.935
43.936
43.937
43.938
43.939
43.94
43.941
43.942
43.943
43.944
43.945
43.946
43.947
43.948
43.949
43.95
43.951
43.952
43.953
43.954
43.955
43.956
43.957
43.958
43.959
43.96
43.961
43.962
43.963
43.964
43.965
43.966
43.967
43.968
43.969
43.97
43.971
43.972
43.973
43.974
43.975
43.976
43.977
43.978
43.979
43.98
43.981
43.982
43.983
43.984
43.985
43.986
43.987
43.988
43.989
43.99
43.991
43.992
43.993
43.994
43.995
43.996
43.997
43.998
43.999
44
44.001
44.002
44.003
44.004
44.005
44.006
44.007
44.008
44.009
44.01
44.011
44.012
44.013
44.014
44.015
44.016
44.017
44.018
44.019
44.02
44.021
44.022
44.023
44.024
44.025
44.026
44.027
44.028
44.029
44.03
44.031
44.032
44.033
44.034
44.035
44.036
44.037
44.038
44.039
44.04
44.041
44.042
44.043
44.044
44.045
44.046
44.047
44.048
44.049
44.05
44.051
44.052
44.053
44.054
44.055
44.056
44.057
44.058
44.059
44.06
44.061
44.062
44.063
44.064
44.065
44.066
44.067
44.068
44.069
44.07
44.071
44.072
44.073
44.074
44.075
44.076
44.077
44.078
44.079
44.08
44.081
44.082
44.083
44.084
44.085
44.086
44.087
44.088
44.089
44.09
44.091
44.092
44.093
44.094
44.095
44.096
44.097
44.098
44.099
44.1
44.101
44.102
44.103
44.104
44.105
44.106
44.107
44.108
44.109
44.11
44.111
44.112
44.113
44.114
44.115
44.116
44.117
44.118
44.119
44.12
44.121
44.122
44.123
44.124
44.125
44.126
44.127
44.128
44.129
44.13
44.131
44.132
44.133
44.134
44.135
44.136
44.137
44.138
44.139
44.14
44.141
44.142
44.143
44.144
44.145
44.146
44.147
44.148
44.149
44.15
44.151
44.152
44.153
44.154
44.155
44.156
44.157
44.158
44.159
44.16
44.161
44.162
44.163
44.164
44.165
44.166
44.167
44.168
44.169
44.17
44.171
44.172
44.173
44.174
44.175
44.176
44.177
44.178
44.179
44.18
44.181
44.182
44.183
44.184
44.185
44.186
44.187
44.188
44.189
44.19
44.191
44.192
44.193
44.194
44.195
44.196
44.197
44.198
44.199
44.2
44.201
44.202
44.203
44.204
44.205
44.206
44.207
44.208
44.209
44.21
44.211
44.212
44.213
44.214
44.215
44.216
44.217
44.218
44.219
44.22
44.221
44.222
44.223
44.224
44.225
44.226
44.227
44.228
44.229
44.23
44.231
44.232
44.233
44.234
44.235
44.236
44.237
44.238
44.239
44.24
44.241
44.242
44.243
44.244
44.245
44.246
44.247
44.248
44.249
44.25
44.251
44.252
44.253
44.254
44.255
44.256
44.257
44.258
44.259
44.26
44.261
44.262
44.263
44.264
44.265
44.266
44.267
44.268
44.269
44.27
44.271
44.272
44.273
44.274
44.275
44.276
44.277
44.278
44.279
44.28
44.281
44.282
44.283
44.284
44.285
44.286
44.287
44.288
44.289
44.29
44.291
44.292
44.293
44.294
44.295
44.296
44.297
44.298
44.299
44.3
44.301
44.302
44.303
44.304
44.305
44.306
44.307
44.308
44.309
44.31
44.311
44.312
44.313
44.314
44.315
44.316
44.317
44.318
44.319
44.32
44.321
44.322
44.323
44.324
44.325
44.326
44.327
44.328
44.329
44.33
44.331
44.332
44.333
44.334
44.335
44.336
44.337
44.338
44.339
44.34
44.341
44.342
44.343
44.344
44.345
44.346
44.347
44.348
44.349
44.35
44.351
44.352
44.353
44.354
44.355
44.356
44.357
44.358
44.359
44.36
44.361
44.362
44.363
44.364
44.365
44.366
44.367
44.368
44.369
44.37
44.371
44.372
44.373
44.374
44.375
44.376
44.377
44.378
44.379
44.38
44.381
44.382
44.383
44.384
44.385
44.386
44.387
44.388
44.389
44.39
44.391
44.392
44.393
44.394
44.395
44.396
44.397
44.398
44.399
44.4
44.401
44.402
44.403
44.404
44.405
44.406
44.407
44.408
44.409
44.41
44.411
44.412
44.413
44.414
44.415
44.416
44.417
44.418
44.419
44.42
44.421
44.422
44.423
44.424
44.425
44.426
44.427
44.428
44.429
44.43
44.431
44.432
44.433
44.434
44.435
44.436
44.437
44.438
44.439
44.44
44.441
44.442
44.443
44.444
44.445
44.446
44.447
44.448
44.449
44.45
44.451
44.452
44.453
44.454
44.455
44.456
44.457
44.458
44.459
44.46
44.461
44.462
44.463
44.464
44.465
44.466
44.467
44.468
44.469
44.47
44.471
44.472
44.473
44.474
44.475
44.476
44.477
44.478
44.479
44.48
44.481
44.482
44.483
44.484
44.485
44.486
44.487
44.488
44.489
44.49
44.491
44.492
44.493
44.494
44.495
44.496
44.497
44.498
44.499
44.5
44.501
44.502
44.503
44.504
44.505
44.506
44.507
44.508
44.509
44.51
44.511
44.512
44.513
44.514
44.515
44.516
44.517
44.518
44.519
44.52
44.521
44.522
44.523
44.524
44.525
44.526
44.527
44.528
44.529
44.53
44.531
44.532
44.533
44.534
44.535
44.536
44.537
44.538
44.539
44.54
44.541
44.542
44.543
44.544
44.545
44.546
44.547
44.548
44.549
44.55
44.551
44.552
44.553
44.554
44.555
44.556
44.557
44.558
44.559
44.56
44.561
44.562
44.563
44.564
44.565
44.566
44.567
44.568
44.569
44.57
44.571
44.572
44.573
44.574
44.575
44.576
44.577
44.578
44.579
44.58
44.581
44.582
44.583
44.584
44.585
44.586
44.587
44.588
44.589
44.59
44.591
44.592
44.593
44.594
44.595
44.596
44.597
44.598
44.599
44.6
44.601
44.602
44.603
44.604
44.605
44.606
44.607
44.608
44.609
44.61
44.611
44.612
44.613
44.614
44.615
44.616
44.617
44.618
44.619
44.62
44.621
44.622
44.623
44.624
44.625
44.626
44.627
44.628
44.629
44.63
44.631
44.632
44.633
44.634
44.635
44.636
44.637
44.638
44.639
44.64
44.641
44.642
44.643
44.644
44.645
44.646
44.647
44.648
44.649
44.65
44.651
44.652
44.653
44.654
44.655
44.656
44.657
44.658
44.659
44.66
44.661
44.662
44.663
44.664
44.665
44.666
44.667
44.668
44.669
44.67
44.671
44.672
44.673
44.674
44.675
44.676
44.677
44.678
44.679
44.68
44.681
44.682
44.683
44.684
44.685
44.686
44.687
44.688
44.689
44.69
44.691
44.692
44.693
44.694
44.695
44.696
44.697
44.698
44.699
44.7
44.701
44.702
44.703
44.704
44.705
44.706
44.707
44.708
44.709
44.71
44.711
44.712
44.713
44.714
44.715
44.716
44.717
44.718
44.719
44.72
44.721
44.722
44.723
44.724
44.725
44.726
44.727
44.728
44.729
44.73
44.731
44.732
44.733
44.734
44.735
44.736
44.737
44.738
44.739
44.74
44.741
44.742
44.743
44.744
44.745
44.746
44.747
44.748
44.749
44.75
44.751
44.752
44.753
44.754
44.755
44.756
44.757
44.758
44.759
44.76
44.761
44.762
44.763
44.764
44.765
44.766
44.767
44.768
44.769
44.77
44.771
44.772
44.773
44.774
44.775
44.776
44.777
44.778
44.779
44.78
44.781
44.782
44.783
44.784
44.785
44.786
44.787
44.788
44.789
44.79
44.791
44.792
44.793
44.794
44.795
44.796
44.797
44.798
44.799
44.8
44.801
44.802
44.803
44.804
44.805
44.806
44.807
44.808
44.809
44.81
44.811
44.812
44.813
44.814
44.815
44.816
44.817
44.818
44.819
44.82
44.821
44.822
44.823
44.824
44.825
44.826
44.827
44.828
44.829
44.83
44.831
44.832
44.833
44.834
44.835
44.836
44.837
44.838
44.839
44.84
44.841
44.842
44.843
44.844
44.845
44.846
44.847
44.848
44.849
44.85
44.851
44.852
44.853
44.854
44.855
44.856
44.857
44.858
44.859
44.86
44.861
44.862
44.863
44.864
44.865
44.866
44.867
44.868
44.869
44.87
44.871
44.872
44.873
44.874
44.875
44.876
44.877
44.878
44.879
44.88
44.881
44.882
44.883
44.884
44.885
44.886
44.887
44.888
44.889
44.89
44.891
44.892
44.893
44.894
44.895
44.896
44.897
44.898
44.899
44.9
44.901
44.902
44.903
44.904
44.905
44.906
44.907
44.908
44.909
44.91
44.911
44.912
44.913
44.914
44.915
44.916
44.917
44.918
44.919
44.92
44.921
44.922
44.923
44.924
44.925
44.926
44.927
44.928
44.929
44.93
44.931
44.932
44.933
44.934
44.935
44.936
44.937
44.938
44.939
44.94
44.941
44.942
44.943
44.944
44.945
44.946
44.947
44.948
44.949
44.95
44.951
44.952
44.953
44.954
44.955
44.956
44.957
44.958
44.959
44.96
44.961
44.962
44.963
44.964
44.965
44.966
44.967
44.968
44.969
44.97
44.971
44.972
44.973
44.974
44.975
44.976
44.977
44.978
44.979
44.98
44.981
44.982
44.983
44.984
44.985
44.986
44.987
44.988
44.989
44.99
44.991
44.992
44.993
44.994
44.995
44.996
44.997
44.998
44.999
45
45.001
45.002
45.003
45.004
45.005
45.006
45.007
45.008
45.009
45.01
45.011
45.012
45.013
45.014
45.015
45.016
45.017
45.018
45.019
45.02
45.021
45.022
45.023
45.024
45.025
45.026
45.027
45.028
45.029
45.03
45.031
45.032
45.033
45.034
45.035
45.036
45.037
45.038
45.039
45.04
45.041
45.042
45.043
45.044
45.045
45.046
45.047
45.048
45.049
45.05
45.051
45.052
45.053
45.054
45.055
45.056
45.057
45.058
45.059
45.06
45.061
45.062
45.063
45.064
45.065
45.066
45.067
45.068
45.069
45.07
45.071
45.072
45.073
45.074
45.075
45.076
45.077
45.078
45.079
45.08
45.081
45.082
45.083
45.084
45.085
45.086
45.087
45.088
45.089
45.09
45.091
45.092
45.093
45.094
45.095
45.096
45.097
45.098
45.099
45.1
45.101
45.102
45.103
45.104
45.105
45.106
45.107
45.108
45.109
45.11
45.111
45.112
45.113
45.114
45.115
45.116
45.117
45.118
45.119
45.12
45.121
45.122
45.123
45.124
45.125
45.126
45.127
45.128
45.129
45.13
45.131
45.132
45.133
45.134
45.135
45.136
45.137
45.138
45.139
45.14
45.141
45.142
45.143
45.144
45.145
45.146
45.147
45.148
45.149
45.15
45.151
45.152
45.153
45.154
45.155
45.156
45.157
45.158
45.159
45.16
45.161
45.162
45.163
45.164
45.165
45.166
45.167
45.168
45.169
45.17
45.171
45.172
45.173
45.174
45.175
45.176
45.177
45.178
45.179
45.18
45.181
45.182
45.183
45.184
45.185
45.186
45.187
45.188
45.189
45.19
45.191
45.192
45.193
45.194
45.195
45.196
45.197
45.198
45.199
45.2
45.201
45.202
45.203
45.204
45.205
45.206
45.207
45.208
45.209
45.21
45.211
45.212
45.213
45.214
45.215
45.216
45.217
45.218
45.219
45.22
45.221
45.222
45.223
45.224
45.225
45.226
45.227
45.228
45.229
45.23
45.231
45.232
45.233
45.234
45.235
45.236
45.237
45.238
45.239
45.24
45.241
45.242
45.243
45.244
45.245
45.246
45.247
45.248
45.249
45.25
45.251
45.252
45.253
45.254
45.255
45.256
45.257
45.258
45.259
45.26
45.261
45.262
45.263
45.264
45.265
45.266
45.267
45.268
45.269
45.27
45.271
45.272
45.273
45.274
45.275
45.276
45.277
45.278
45.279
45.28
45.281
45.282
45.283
45.284
45.285
45.286
45.287
45.288
45.289
45.29
45.291
45.292
45.293
45.294
45.295
45.296
45.297
45.298
45.299
45.3
45.301
45.302
45.303
45.304
45.305
45.306
45.307
45.308
45.309
45.31
45.311
45.312
45.313
45.314
45.315
45.316
45.317
45.318
45.319
45.32
45.321
45.322
45.323
45.324
45.325
45.326
45.327
45.328
45.329
45.33
45.331
45.332
45.333
45.334
45.335
45.336
45.337
45.338
45.339
45.34
45.341
45.342
45.343
45.344
45.345
45.346
45.347
45.348
45.349
45.35
45.351
45.352
45.353
45.354
45.355
45.356
45.357
45.358
45.359
45.36
45.361
45.362
45.363
45.364
45.365
45.366
45.367
45.368
45.369
45.37
45.371
45.372
45.373
45.374
45.375
45.376
45.377
45.378
45.379
45.38
45.381
45.382
45.383
45.384
45.385
45.386
45.387
45.388
45.389
45.39
45.391
45.392
45.393
45.394
45.395
45.396
45.397
45.398
45.399
45.4
45.401
45.402
45.403
45.404
45.405
45.406
45.407
45.408
45.409
45.41
45.411
45.412
45.413
45.414
45.415
45.416
45.417
45.418
45.419
45.42
45.421
45.422
45.423
45.424
45.425
45.426
45.427
45.428
45.429
45.43
45.431
45.432
45.433
45.434
45.435
45.436
45.437
45.438
45.439
45.44
45.441
45.442
45.443
45.444
45.445
45.446
45.447
45.448
45.449
45.45
45.451
45.452
45.453
45.454
45.455
45.456
45.457
45.458
45.459
45.46
45.461
45.462
45.463
45.464
45.465
45.466
45.467
45.468
45.469
45.47
45.471
45.472
45.473
45.474
45.475
45.476
45.477
45.478
45.479
45.48
45.481
45.482
45.483
45.484
45.485
45.486
45.487
45.488
45.489
45.49
45.491
45.492
45.493
45.494
45.495
45.496
45.497
45.498
45.499
45.5
45.501
45.502
45.503
45.504
45.505
45.506
45.507
45.508
45.509
45.51
45.511
45.512
45.513
45.514
45.515
45.516
45.517
45.518
45.519
45.52
45.521
45.522
45.523
45.524
45.525
45.526
45.527
45.528
45.529
45.53
45.531
45.532
45.533
45.534
45.535
45.536
45.537
45.538
45.539
45.54
45.541
45.542
45.543
45.544
45.545
45.546
45.547
45.548
45.549
45.55
45.551
45.552
45.553
45.554
45.555
45.556
45.557
45.558
45.559
45.56
45.561
45.562
45.563
45.564
45.565
45.566
45.567
45.568
45.569
45.57
45.571
45.572
45.573
45.574
45.575
45.576
45.577
45.578
45.579
45.58
45.581
45.582
45.583
45.584
45.585
45.586
45.587
45.588
45.589
45.59
45.591
45.592
45.593
45.594
45.595
45.596
45.597
45.598
45.599
45.6
45.601
45.602
45.603
45.604
45.605
45.606
45.607
45.608
45.609
45.61
45.611
45.612
45.613
45.614
45.615
45.616
45.617
45.618
45.619
45.62
45.621
45.622
45.623
45.624
45.625
45.626
45.627
45.628
45.629
45.63
45.631
45.632
45.633
45.634
45.635
45.636
45.637
45.638
45.639
45.64
45.641
45.642
45.643
45.644
45.645
45.646
45.647
45.648
45.649
45.65
45.651
45.652
45.653
45.654
45.655
45.656
45.657
45.658
45.659
45.66
45.661
45.662
45.663
45.664
45.665
45.666
45.667
45.668
45.669
45.67
45.671
45.672
45.673
45.674
45.675
45.676
45.677
45.678
45.679
45.68
45.681
45.682
45.683
45.684
45.685
45.686
45.687
45.688
45.689
45.69
45.691
45.692
45.693
45.694
45.695
45.696
45.697
45.698
45.699
45.7
45.701
45.702
45.703
45.704
45.705
45.706
45.707
45.708
45.709
45.71
45.711
45.712
45.713
45.714
45.715
45.716
45.717
45.718
45.719
45.72
45.721
45.722
45.723
45.724
45.725
45.726
45.727
45.728
45.729
45.73
45.731
45.732
45.733
45.734
45.735
45.736
45.737
45.738
45.739
45.74
45.741
45.742
45.743
45.744
45.745
45.746
45.747
45.748
45.749
45.75
45.751
45.752
45.753
45.754
45.755
45.756
45.757
45.758
45.759
45.76
45.761
45.762
45.763
45.764
45.765
45.766
45.767
45.768
45.769
45.77
45.771
45.772
45.773
45.774
45.775
45.776
45.777
45.778
45.779
45.78
45.781
45.782
45.783
45.784
45.785
45.786
45.787
45.788
45.789
45.79
45.791
45.792
45.793
45.794
45.795
45.796
45.797
45.798
45.799
45.8
45.801
45.802
45.803
45.804
45.805
45.806
45.807
45.808
45.809
45.81
45.811
45.812
45.813
45.814
45.815
45.816
45.817
45.818
45.819
45.82
45.821
45.822
45.823
45.824
45.825
45.826
45.827
45.828
45.829
45.83
45.831
45.832
45.833
45.834
45.835
45.836
45.837
45.838
45.839
45.84
45.841
45.842
45.843
45.844
45.845
45.846
45.847
45.848
45.849
45.85
45.851
45.852
45.853
45.854
45.855
45.856
45.857
45.858
45.859
45.86
45.861
45.862
45.863
45.864
45.865
45.866
45.867
45.868
45.869
45.87
45.871
45.872
45.873
45.874
45.875
45.876
45.877
45.878
45.879
45.88
45.881
45.882
45.883
45.884
45.885
45.886
45.887
45.888
45.889
45.89
45.891
45.892
45.893
45.894
45.895
45.896
45.897
45.898
45.899
45.9
45.901
45.902
45.903
45.904
45.905
45.906
45.907
45.908
45.909
45.91
45.911
45.912
45.913
45.914
45.915
45.916
45.917
45.918
45.919
45.92
45.921
45.922
45.923
45.924
45.925
45.926
45.927
45.928
45.929
45.93
45.931
45.932
45.933
45.934
45.935
45.936
45.937
45.938
45.939
45.94
45.941
45.942
45.943
45.944
45.945
45.946
45.947
45.948
45.949
45.95
45.951
45.952
45.953
45.954
45.955
45.956
45.957
45.958
45.959
45.96
45.961
45.962
45.963
45.964
45.965
45.966
45.967
45.968
45.969
45.97
45.971
45.972
45.973
45.974
45.975
45.976
45.977
45.978
45.979
45.98
45.981
45.982
45.983
45.984
45.985
45.986
45.987
45.988
45.989
45.99
45.991
45.992
45.993
45.994
45.995
45.996
45.997
45.998
45.999
46
46.001
46.002
46.003
46.004
46.005
46.006
46.007
46.008
46.009
46.01
46.011
46.012
46.013
46.014
46.015
46.016
46.017
46.018
46.019
46.02
46.021
46.022
46.023
46.024
46.025
46.026
46.027
46.028
46.029
46.03
46.031
46.032
46.033
46.034
46.035
46.036
46.037
46.038
46.039
46.04
46.041
46.042
46.043
46.044
46.045
46.046
46.047
46.048
46.049
46.05
46.051
46.052
46.053
46.054
46.055
46.056
46.057
46.058
46.059
46.06
46.061
46.062
46.063
46.064
46.065
46.066
46.067
46.068
46.069
46.07
46.071
46.072
46.073
46.074
46.075
46.076
46.077
46.078
46.079
46.08
46.081
46.082
46.083
46.084
46.085
46.086
46.087
46.088
46.089
46.09
46.091
46.092
46.093
46.094
46.095
46.096
46.097
46.098
46.099
46.1
46.101
46.102
46.103
46.104
46.105
46.106
46.107
46.108
46.109
46.11
46.111
46.112
46.113
46.114
46.115
46.116
46.117
46.118
46.119
46.12
46.121
46.122
46.123
46.124
46.125
46.126
46.127
46.128
46.129
46.13
46.131
46.132
46.133
46.134
46.135
46.136
46.137
46.138
46.139
46.14
46.141
46.142
46.143
46.144
46.145
46.146
46.147
46.148
46.149
46.15
46.151
46.152
46.153
46.154
46.155
46.156
46.157
46.158
46.159
46.16
46.161
46.162
46.163
46.164
46.165
46.166
46.167
46.168
46.169
46.17
46.171
46.172
46.173
46.174
46.175
46.176
46.177
46.178
46.179
46.18
46.181
46.182
46.183
46.184
46.185
46.186
46.187
46.188
46.189
46.19
46.191
46.192
46.193
46.194
46.195
46.196
46.197
46.198
46.199
46.2
46.201
46.202
46.203
46.204
46.205
46.206
46.207
46.208
46.209
46.21
46.211
46.212
46.213
46.214
46.215
46.216
46.217
46.218
46.219
46.22
46.221
46.222
46.223
46.224
46.225
46.226
46.227
46.228
46.229
46.23
46.231
46.232
46.233
46.234
46.235
46.236
46.237
46.238
46.239
46.24
46.241
46.242
46.243
46.244
46.245
46.246
46.247
46.248
46.249
46.25
46.251
46.252
46.253
46.254
46.255
46.256
46.257
46.258
46.259
46.26
46.261
46.262
46.263
46.264
46.265
46.266
46.267
46.268
46.269
46.27
46.271
46.272
46.273
46.274
46.275
46.276
46.277
46.278
46.279
46.28
46.281
46.282
46.283
46.284
46.285
46.286
46.287
46.288
46.289
46.29
46.291
46.292
46.293
46.294
46.295
46.296
46.297
46.298
46.299
46.3
46.301
46.302
46.303
46.304
46.305
46.306
46.307
46.308
46.309
46.31
46.311
46.312
46.313
46.314
46.315
46.316
46.317
46.318
46.319
46.32
46.321
46.322
46.323
46.324
46.325
46.326
46.327
46.328
46.329
46.33
46.331
46.332
46.333
46.334
46.335
46.336
46.337
46.338
46.339
46.34
46.341
46.342
46.343
46.344
46.345
46.346
46.347
46.348
46.349
46.35
46.351
46.352
46.353
46.354
46.355
46.356
46.357
46.358
46.359
46.36
46.361
46.362
46.363
46.364
46.365
46.366
46.367
46.368
46.369
46.37
46.371
46.372
46.373
46.374
46.375
46.376
46.377
46.378
46.379
46.38
46.381
46.382
46.383
46.384
46.385
46.386
46.387
46.388
46.389
46.39
46.391
46.392
46.393
46.394
46.395
46.396
46.397
46.398
46.399
46.4
46.401
46.402
46.403
46.404
46.405
46.406
46.407
46.408
46.409
46.41
46.411
46.412
46.413
46.414
46.415
46.416
46.417
46.418
46.419
46.42
46.421
46.422
46.423
46.424
46.425
46.426
46.427
46.428
46.429
46.43
46.431
46.432
46.433
46.434
46.435
46.436
46.437
46.438
46.439
46.44
46.441
46.442
46.443
46.444
46.445
46.446
46.447
46.448
46.449
46.45
46.451
46.452
46.453
46.454
46.455
46.456
46.457
46.458
46.459
46.46
46.461
46.462
46.463
46.464
46.465
46.466
46.467
46.468
46.469
46.47
46.471
46.472
46.473
46.474
46.475
46.476
46.477
46.478
46.479
46.48
46.481
46.482
46.483
46.484
46.485
46.486
46.487
46.488
46.489
46.49
46.491
46.492
46.493
46.494
46.495
46.496
46.497
46.498
46.499
46.5
46.501
46.502
46.503
46.504
46.505
46.506
46.507
46.508
46.509
46.51
46.511
46.512
46.513
46.514
46.515
46.516
46.517
46.518
46.519
46.52
46.521
46.522
46.523
46.524
46.525
46.526
46.527
46.528
46.529
46.53
46.531
46.532
46.533
46.534
46.535
46.536
46.537
46.538
46.539
46.54
46.541
46.542
46.543
46.544
46.545
46.546
46.547
46.548
46.549
46.55
46.551
46.552
46.553
46.554
46.555
46.556
46.557
46.558
46.559
46.56
46.561
46.562
46.563
46.564
46.565
46.566
46.567
46.568
46.569
46.57
46.571
46.572
46.573
46.574
46.575
46.576
46.577
46.578
46.579
46.58
46.581
46.582
46.583
46.584
46.585
46.586
46.587
46.588
46.589
46.59
46.591
46.592
46.593
46.594
46.595
46.596
46.597
46.598
46.599
46.6
46.601
46.602
46.603
46.604
46.605
46.606
46.607
46.608
46.609
46.61
46.611
46.612
46.613
46.614
46.615
46.616
46.617
46.618
46.619
46.62
46.621
46.622
46.623
46.624
46.625
46.626
46.627
46.628
46.629
46.63
46.631
46.632
46.633
46.634
46.635
46.636
46.637
46.638
46.639
46.64
46.641
46.642
46.643
46.644
46.645
46.646
46.647
46.648
46.649
46.65
46.651
46.652
46.653
46.654
46.655
46.656
46.657
46.658
46.659
46.66
46.661
46.662
46.663
46.664
46.665
46.666
46.667
46.668
46.669
46.67
46.671
46.672
46.673
46.674
46.675
46.676
46.677
46.678
46.679
46.68
46.681
46.682
46.683
46.684
46.685
46.686
46.687
46.688
46.689
46.69
46.691
46.692
46.693
46.694
46.695
46.696
46.697
46.698
46.699
46.7
46.701
46.702
46.703
46.704
46.705
46.706
46.707
46.708
46.709
46.71
46.711
46.712
46.713
46.714
46.715
46.716
46.717
46.718
46.719
46.72
46.721
46.722
46.723
46.724
46.725
46.726
46.727
46.728
46.729
46.73
46.731
46.732
46.733
46.734
46.735
46.736
46.737
46.738
46.739
46.74
46.741
46.742
46.743
46.744
46.745
46.746
46.747
46.748
46.749
46.75
46.751
46.752
46.753
46.754
46.755
46.756
46.757
46.758
46.759
46.76
46.761
46.762
46.763
46.764
46.765
46.766
46.767
46.768
46.769
46.77
46.771
46.772
46.773
46.774
46.775
46.776
46.777
46.778
46.779
46.78
46.781
46.782
46.783
46.784
46.785
46.786
46.787
46.788
46.789
46.79
46.791
46.792
46.793
46.794
46.795
46.796
46.797
46.798
46.799
46.8
46.801
46.802
46.803
46.804
46.805
46.806
46.807
46.808
46.809
46.81
46.811
46.812
46.813
46.814
46.815
46.816
46.817
46.818
46.819
46.82
46.821
46.822
46.823
46.824
46.825
46.826
46.827
46.828
46.829
46.83
46.831
46.832
46.833
46.834
46.835
46.836
46.837
46.838
46.839
46.84
46.841
46.842
46.843
46.844
46.845
46.846
46.847
46.848
46.849
46.85
46.851
46.852
46.853
46.854
46.855
46.856
46.857
46.858
46.859
46.86
46.861
46.862
46.863
46.864
46.865
46.866
46.867
46.868
46.869
46.87
46.871
46.872
46.873
46.874
46.875
46.876
46.877
46.878
46.879
46.88
46.881
46.882
46.883
46.884
46.885
46.886
46.887
46.888
46.889
46.89
46.891
46.892
46.893
46.894
46.895
46.896
46.897
46.898
46.899
46.9
46.901
46.902
46.903
46.904
46.905
46.906
46.907
46.908
46.909
46.91
46.911
46.912
46.913
46.914
46.915
46.916
46.917
46.918
46.919
46.92
46.921
46.922
46.923
46.924
46.925
46.926
46.927
46.928
46.929
46.93
46.931
46.932
46.933
46.934
46.935
46.936
46.937
46.938
46.939
46.94
46.941
46.942
46.943
46.944
46.945
46.946
46.947
46.948
46.949
46.95
46.951
46.952
46.953
46.954
46.955
46.956
46.957
46.958
46.959
46.96
46.961
46.962
46.963
46.964
46.965
46.966
46.967
46.968
46.969
46.97
46.971
46.972
46.973
46.974
46.975
46.976
46.977
46.978
46.979
46.98
46.981
46.982
46.983
46.984
46.985
46.986
46.987
46.988
46.989
46.99
46.991
46.992
46.993
46.994
46.995
46.996
46.997
46.998
46.999
47
47.001
47.002
47.003
47.004
47.005
47.006
47.007
47.008
47.009
47.01
47.011
47.012
47.013
47.014
47.015
47.016
47.017
47.018
47.019
47.02
47.021
47.022
47.023
47.024
47.025
47.026
47.027
47.028
47.029
47.03
47.031
47.032
47.033
47.034
47.035
47.036
47.037
47.038
47.039
47.04
47.041
47.042
47.043
47.044
47.045
47.046
47.047
47.048
47.049
47.05
47.051
47.052
47.053
47.054
47.055
47.056
47.057
47.058
47.059
47.06
47.061
47.062
47.063
47.064
47.065
47.066
47.067
47.068
47.069
47.07
47.071
47.072
47.073
47.074
47.075
47.076
47.077
47.078
47.079
47.08
47.081
47.082
47.083
47.084
47.085
47.086
47.087
47.088
47.089
47.09
47.091
47.092
47.093
47.094
47.095
47.096
47.097
47.098
47.099
47.1
47.101
47.102
47.103
47.104
47.105
47.106
47.107
47.108
47.109
47.11
47.111
47.112
47.113
47.114
47.115
47.116
47.117
47.118
47.119
47.12
47.121
47.122
47.123
47.124
47.125
47.126
47.127
47.128
47.129
47.13
47.131
47.132
47.133
47.134
47.135
47.136
47.137
47.138
47.139
47.14
47.141
47.142
47.143
47.144
47.145
47.146
47.147
47.148
47.149
47.15
47.151
47.152
47.153
47.154
47.155
47.156
47.157
47.158
47.159
47.16
47.161
47.162
47.163
47.164
47.165
47.166
47.167
47.168
47.169
47.17
47.171
47.172
47.173
47.174
47.175
47.176
47.177
47.178
47.179
47.18
47.181
47.182
47.183
47.184
47.185
47.186
47.187
47.188
47.189
47.19
47.191
47.192
47.193
47.194
47.195
47.196
47.197
47.198
47.199
47.2
47.201
47.202
47.203
47.204
47.205
47.206
47.207
47.208
47.209
47.21
47.211
47.212
47.213
47.214
47.215
47.216
47.217
47.218
47.219
47.22
47.221
47.222
47.223
47.224
47.225
47.226
47.227
47.228
47.229
47.23
47.231
47.232
47.233
47.234
47.235
47.236
47.237
47.238
47.239
47.24
47.241
47.242
47.243
47.244
47.245
47.246
47.247
47.248
47.249
47.25
47.251
47.252
47.253
47.254
47.255
47.256
47.257
47.258
47.259
47.26
47.261
47.262
47.263
47.264
47.265
47.266
47.267
47.268
47.269
47.27
47.271
47.272
47.273
47.274
47.275
47.276
47.277
47.278
47.279
47.28
47.281
47.282
47.283
47.284
47.285
47.286
47.287
47.288
47.289
47.29
47.291
47.292
47.293
47.294
47.295
47.296
47.297
47.298
47.299
47.3
47.301
47.302
47.303
47.304
47.305
47.306
47.307
47.308
47.309
47.31
47.311
47.312
47.313
47.314
47.315
47.316
47.317
47.318
47.319
47.32
47.321
47.322
47.323
47.324
47.325
47.326
47.327
47.328
47.329
47.33
47.331
47.332
47.333
47.334
47.335
47.336
47.337
47.338
47.339
47.34
47.341
47.342
47.343
47.344
47.345
47.346
47.347
47.348
47.349
47.35
47.351
47.352
47.353
47.354
47.355
47.356
47.357
47.358
47.359
47.36
47.361
47.362
47.363
47.364
47.365
47.366
47.367
47.368
47.369
47.37
47.371
47.372
47.373
47.374
47.375
47.376
47.377
47.378
47.379
47.38
47.381
47.382
47.383
47.384
47.385
47.386
47.387
47.388
47.389
47.39
47.391
47.392
47.393
47.394
47.395
47.396
47.397
47.398
47.399
47.4
47.401
47.402
47.403
47.404
47.405
47.406
47.407
47.408
47.409
47.41
47.411
47.412
47.413
47.414
47.415
47.416
47.417
47.418
47.419
47.42
47.421
47.422
47.423
47.424
47.425
47.426
47.427
47.428
47.429
47.43
47.431
47.432
47.433
47.434
47.435
47.436
47.437
47.438
47.439
47.44
47.441
47.442
47.443
47.444
47.445
47.446
47.447
47.448
47.449
47.45
47.451
47.452
47.453
47.454
47.455
47.456
47.457
47.458
47.459
47.46
47.461
47.462
47.463
47.464
47.465
47.466
47.467
47.468
47.469
47.47
47.471
47.472
47.473
47.474
47.475
47.476
47.477
47.478
47.479
47.48
47.481
47.482
47.483
47.484
47.485
47.486
47.487
47.488
47.489
47.49
47.491
47.492
47.493
47.494
47.495
47.496
47.497
47.498
47.499
47.5
47.501
47.502
47.503
47.504
47.505
47.506
47.507
47.508
47.509
47.51
47.511
47.512
47.513
47.514
47.515
47.516
47.517
47.518
47.519
47.52
47.521
47.522
47.523
47.524
47.525
47.526
47.527
47.528
47.529
47.53
47.531
47.532
47.533
47.534
47.535
47.536
47.537
47.538
47.539
47.54
47.541
47.542
47.543
47.544
47.545
47.546
47.547
47.548
47.549
47.55
47.551
47.552
47.553
47.554
47.555
47.556
47.557
47.558
47.559
47.56
47.561
47.562
47.563
47.564
47.565
47.566
47.567
47.568
47.569
47.57
47.571
47.572
47.573
47.574
47.575
47.576
47.577
47.578
47.579
47.58
47.581
47.582
47.583
47.584
47.585
47.586
47.587
47.588
47.589
47.59
47.591
47.592
47.593
47.594
47.595
47.596
47.597
47.598
47.599
47.6
47.601
47.602
47.603
47.604
47.605
47.606
47.607
47.608
47.609
47.61
47.611
47.612
47.613
47.614
47.615
47.616
47.617
47.618
47.619
47.62
47.621
47.622
47.623
47.624
47.625
47.626
47.627
47.628
47.629
47.63
47.631
47.632
47.633
47.634
47.635
47.636
47.637
47.638
47.639
47.64
47.641
47.642
47.643
47.644
47.645
47.646
47.647
47.648
47.649
47.65
47.651
47.652
47.653
47.654
47.655
47.656
47.657
47.658
47.659
47.66
47.661
47.662
47.663
47.664
47.665
47.666
47.667
47.668
47.669
47.67
47.671
47.672
47.673
47.674
47.675
47.676
47.677
47.678
47.679
47.68
47.681
47.682
47.683
47.684
47.685
47.686
47.687
47.688
47.689
47.69
47.691
47.692
47.693
47.694
47.695
47.696
47.697
47.698
47.699
47.7
47.701
47.702
47.703
47.704
47.705
47.706
47.707
47.708
47.709
47.71
47.711
47.712
47.713
47.714
47.715
47.716
47.717
47.718
47.719
47.72
47.721
47.722
47.723
47.724
47.725
47.726
47.727
47.728
47.729
47.73
47.731
47.732
47.733
47.734
47.735
47.736
47.737
47.738
47.739
47.74
47.741
47.742
47.743
47.744
47.745
47.746
47.747
47.748
47.749
47.75
47.751
47.752
47.753
47.754
47.755
47.756
47.757
47.758
47.759
47.76
47.761
47.762
47.763
47.764
47.765
47.766
47.767
47.768
47.769
47.77
47.771
47.772
47.773
47.774
47.775
47.776
47.777
47.778
47.779
47.78
47.781
47.782
47.783
47.784
47.785
47.786
47.787
47.788
47.789
47.79
47.791
47.792
47.793
47.794
47.795
47.796
47.797
47.798
47.799
47.8
47.801
47.802
47.803
47.804
47.805
47.806
47.807
47.808
47.809
47.81
47.811
47.812
47.813
47.814
47.815
47.816
47.817
47.818
47.819
47.82
47.821
47.822
47.823
47.824
47.825
47.826
47.827
47.828
47.829
47.83
47.831
47.832
47.833
47.834
47.835
47.836
47.837
47.838
47.839
47.84
47.841
47.842
47.843
47.844
47.845
47.846
47.847
47.848
47.849
47.85
47.851
47.852
47.853
47.854
47.855
47.856
47.857
47.858
47.859
47.86
47.861
47.862
47.863
47.864
47.865
47.866
47.867
47.868
47.869
47.87
47.871
47.872
47.873
47.874
47.875
47.876
47.877
47.878
47.879
47.88
47.881
47.882
47.883
47.884
47.885
47.886
47.887
47.888
47.889
47.89
47.891
47.892
47.893
47.894
47.895
47.896
47.897
47.898
47.899
47.9
47.901
47.902
47.903
47.904
47.905
47.906
47.907
47.908
47.909
47.91
47.911
47.912
47.913
47.914
47.915
47.916
47.917
47.918
47.919
47.92
47.921
47.922
47.923
47.924
47.925
47.926
47.927
47.928
47.929
47.93
47.931
47.932
47.933
47.934
47.935
47.936
47.937
47.938
47.939
47.94
47.941
47.942
47.943
47.944
47.945
47.946
47.947
47.948
47.949
47.95
47.951
47.952
47.953
47.954
47.955
47.956
47.957
47.958
47.959
47.96
47.961
47.962
47.963
47.964
47.965
47.966
47.967
47.968
47.969
47.97
47.971
47.972
47.973
47.974
47.975
47.976
47.977
47.978
47.979
47.98
47.981
47.982
47.983
47.984
47.985
47.986
47.987
47.988
47.989
47.99
47.991
47.992
47.993
47.994
47.995
47.996
47.997
47.998
47.999
48
48.001
48.002
48.003
48.004
48.005
48.006
48.007
48.008
48.009
48.01
48.011
48.012
48.013
48.014
48.015
48.016
48.017
48.018
48.019
48.02
48.021
48.022
48.023
48.024
48.025
48.026
48.027
48.028
48.029
48.03
48.031
48.032
48.033
48.034
48.035
48.036
48.037
48.038
48.039
48.04
48.041
48.042
48.043
48.044
48.045
48.046
48.047
48.048
48.049
48.05
48.051
48.052
48.053
48.054
48.055
48.056
48.057
48.058
48.059
48.06
48.061
48.062
48.063
48.064
48.065
48.066
48.067
48.068
48.069
48.07
48.071
48.072
48.073
48.074
48.075
48.076
48.077
48.078
48.079
48.08
48.081
48.082
48.083
48.084
48.085
48.086
48.087
48.088
48.089
48.09
48.091
48.092
48.093
48.094
48.095
48.096
48.097
48.098
48.099
48.1
48.101
48.102
48.103
48.104
48.105
48.106
48.107
48.108
48.109
48.11
48.111
48.112
48.113
48.114
48.115
48.116
48.117
48.118
48.119
48.12
48.121
48.122
48.123
48.124
48.125
48.126
48.127
48.128
48.129
48.13
48.131
48.132
48.133
48.134
48.135
48.136
48.137
48.138
48.139
48.14
48.141
48.142
48.143
48.144
48.145
48.146
48.147
48.148
48.149
48.15
48.151
48.152
48.153
48.154
48.155
48.156
48.157
48.158
48.159
48.16
48.161
48.162
48.163
48.164
48.165
48.166
48.167
48.168
48.169
48.17
48.171
48.172
48.173
48.174
48.175
48.176
48.177
48.178
48.179
48.18
48.181
48.182
48.183
48.184
48.185
48.186
48.187
48.188
48.189
48.19
48.191
48.192
48.193
48.194
48.195
48.196
48.197
48.198
48.199
48.2
48.201
48.202
48.203
48.204
48.205
48.206
48.207
48.208
48.209
48.21
48.211
48.212
48.213
48.214
48.215
48.216
48.217
48.218
48.219
48.22
48.221
48.222
48.223
48.224
48.225
48.226
48.227
48.228
48.229
48.23
48.231
48.232
48.233
48.234
48.235
48.236
48.237
48.238
48.239
48.24
48.241
48.242
48.243
48.244
48.245
48.246
48.247
48.248
48.249
48.25
48.251
48.252
48.253
48.254
48.255
48.256
48.257
48.258
48.259
48.26
48.261
48.262
48.263
48.264
48.265
48.266
48.267
48.268
48.269
48.27
48.271
48.272
48.273
48.274
48.275
48.276
48.277
48.278
48.279
48.28
48.281
48.282
48.283
48.284
48.285
48.286
48.287
48.288
48.289
48.29
48.291
48.292
48.293
48.294
48.295
48.296
48.297
48.298
48.299
48.3
48.301
48.302
48.303
48.304
48.305
48.306
48.307
48.308
48.309
48.31
48.311
48.312
48.313
48.314
48.315
48.316
48.317
48.318
48.319
48.32
48.321
48.322
48.323
48.324
48.325
48.326
48.327
48.328
48.329
48.33
48.331
48.332
48.333
48.334
48.335
48.336
48.337
48.338
48.339
48.34
48.341
48.342
48.343
48.344
48.345
48.346
48.347
48.348
48.349
48.35
48.351
48.352
48.353
48.354
48.355
48.356
48.357
48.358
48.359
48.36
48.361
48.362
48.363
48.364
48.365
48.366
48.367
48.368
48.369
48.37
48.371
48.372
48.373
48.374
48.375
48.376
48.377
48.378
48.379
48.38
48.381
48.382
48.383
48.384
48.385
48.386
48.387
48.388
48.389
48.39
48.391
48.392
48.393
48.394
48.395
48.396
48.397
48.398
48.399
48.4
48.401
48.402
48.403
48.404
48.405
48.406
48.407
48.408
48.409
48.41
48.411
48.412
48.413
48.414
48.415
48.416
48.417
48.418
48.419
48.42
48.421
48.422
48.423
48.424
48.425
48.426
48.427
48.428
48.429
48.43
48.431
48.432
48.433
48.434
48.435
48.436
48.437
48.438
48.439
48.44
48.441
48.442
48.443
48.444
48.445
48.446
48.447
48.448
48.449
48.45
48.451
48.452
48.453
48.454
48.455
48.456
48.457
48.458
48.459
48.46
48.461
48.462
48.463
48.464
48.465
48.466
48.467
48.468
48.469
48.47
48.471
48.472
48.473
48.474
48.475
48.476
48.477
48.478
48.479
48.48
48.481
48.482
48.483
48.484
48.485
48.486
48.487
48.488
48.489
48.49
48.491
48.492
48.493
48.494
48.495
48.496
48.497
48.498
48.499
48.5
48.501
48.502
48.503
48.504
48.505
48.506
48.507
48.508
48.509
48.51
48.511
48.512
48.513
48.514
48.515
48.516
48.517
48.518
48.519
48.52
48.521
48.522
48.523
48.524
48.525
48.526
48.527
48.528
48.529
48.53
48.531
48.532
48.533
48.534
48.535
48.536
48.537
48.538
48.539
48.54
48.541
48.542
48.543
48.544
48.545
48.546
48.547
48.548
48.549
48.55
48.551
48.552
48.553
48.554
48.555
48.556
48.557
48.558
48.559
48.56
48.561
48.562
48.563
48.564
48.565
48.566
48.567
48.568
48.569
48.57
48.571
48.572
48.573
48.574
48.575
48.576
48.577
48.578
48.579
48.58
48.581
48.582
48.583
48.584
48.585
48.586
48.587
48.588
48.589
48.59
48.591
48.592
48.593
48.594
48.595
48.596
48.597
48.598
48.599
48.6
48.601
48.602
48.603
48.604
48.605
48.606
48.607
48.608
48.609
48.61
48.611
48.612
48.613
48.614
48.615
48.616
48.617
48.618
48.619
48.62
48.621
48.622
48.623
48.624
48.625
48.626
48.627
48.628
48.629
48.63
48.631
48.632
48.633
48.634
48.635
48.636
48.637
48.638
48.639
48.64
48.641
48.642
48.643
48.644
48.645
48.646
48.647
48.648
48.649
48.65
48.651
48.652
48.653
48.654
48.655
48.656
48.657
48.658
48.659
48.66
48.661
48.662
48.663
48.664
48.665
48.666
48.667
48.668
48.669
48.67
48.671
48.672
48.673
48.674
48.675
48.676
48.677
48.678
48.679
48.68
48.681
48.682
48.683
48.684
48.685
48.686
48.687
48.688
48.689
48.69
48.691
48.692
48.693
48.694
48.695
48.696
48.697
48.698
48.699
48.7
48.701
48.702
48.703
48.704
48.705
48.706
48.707
48.708
48.709
48.71
48.711
48.712
48.713
48.714
48.715
48.716
48.717
48.718
48.719
48.72
48.721
48.722
48.723
48.724
48.725
48.726
48.727
48.728
48.729
48.73
48.731
48.732
48.733
48.734
48.735
48.736
48.737
48.738
48.739
48.74
48.741
48.742
48.743
48.744
48.745
48.746
48.747
48.748
48.749
48.75
48.751
48.752
48.753
48.754
48.755
48.756
48.757
48.758
48.759
48.76
48.761
48.762
48.763
48.764
48.765
48.766
48.767
48.768
48.769
48.77
48.771
48.772
48.773
48.774
48.775
48.776
48.777
48.778
48.779
48.78
48.781
48.782
48.783
48.784
48.785
48.786
48.787
48.788
48.789
48.79
48.791
48.792
48.793
48.794
48.795
48.796
48.797
48.798
48.799
48.8
48.801
48.802
48.803
48.804
48.805
48.806
48.807
48.808
48.809
48.81
48.811
48.812
48.813
48.814
48.815
48.816
48.817
48.818
48.819
48.82
48.821
48.822
48.823
48.824
48.825
48.826
48.827
48.828
48.829
48.83
48.831
48.832
48.833
48.834
48.835
48.836
48.837
48.838
48.839
48.84
48.841
48.842
48.843
48.844
48.845
48.846
48.847
48.848
48.849
48.85
48.851
48.852
48.853
48.854
48.855
48.856
48.857
48.858
48.859
48.86
48.861
48.862
48.863
48.864
48.865
48.866
48.867
48.868
48.869
48.87
48.871
48.872
48.873
48.874
48.875
48.876
48.877
48.878
48.879
48.88
48.881
48.882
48.883
48.884
48.885
48.886
48.887
48.888
48.889
48.89
48.891
48.892
48.893
48.894
48.895
48.896
48.897
48.898
48.899
48.9
48.901
48.902
48.903
48.904
48.905
48.906
48.907
48.908
48.909
48.91
48.911
48.912
48.913
48.914
48.915
48.916
48.917
48.918
48.919
48.92
48.921
48.922
48.923
48.924
48.925
48.926
48.927
48.928
48.929
48.93
48.931
48.932
48.933
48.934
48.935
48.936
48.937
48.938
48.939
48.94
48.941
48.942
48.943
48.944
48.945
48.946
48.947
48.948
48.949
48.95
48.951
48.952
48.953
48.954
48.955
48.956
48.957
48.958
48.959
48.96
48.961
48.962
48.963
48.964
48.965
48.966
48.967
48.968
48.969
48.97
48.971
48.972
48.973
48.974
48.975
48.976
48.977
48.978
48.979
48.98
48.981
48.982
48.983
48.984
48.985
48.986
48.987
48.988
48.989
48.99
48.991
48.992
48.993
48.994
48.995
48.996
48.997
48.998
48.999
49
49.001
49.002
49.003
49.004
49.005
49.006
49.007
49.008
49.009
49.01
49.011
49.012
49.013
49.014
49.015
49.016
49.017
49.018
49.019
49.02
49.021
49.022
49.023
49.024
49.025
49.026
49.027
49.028
49.029
49.03
49.031
49.032
49.033
49.034
49.035
49.036
49.037
49.038
49.039
49.04
49.041
49.042
49.043
49.044
49.045
49.046
49.047
49.048
49.049
49.05
49.051
49.052
49.053
49.054
49.055
49.056
49.057
49.058
49.059
49.06
49.061
49.062
49.063
49.064
49.065
49.066
49.067
49.068
49.069
49.07
49.071
49.072
49.073
49.074
49.075
49.076
49.077
49.078
49.079
49.08
49.081
49.082
49.083
49.084
49.085
49.086
49.087
49.088
49.089
49.09
49.091
49.092
49.093
49.094
49.095
49.096
49.097
49.098
49.099
49.1
49.101
49.102
49.103
49.104
49.105
49.106
49.107
49.108
49.109
49.11
49.111
49.112
49.113
49.114
49.115
49.116
49.117
49.118
49.119
49.12
49.121
49.122
49.123
49.124
49.125
49.126
49.127
49.128
49.129
49.13
49.131
49.132
49.133
49.134
49.135
49.136
49.137
49.138
49.139
49.14
49.141
49.142
49.143
49.144
49.145
49.146
49.147
49.148
49.149
49.15
49.151
49.152
49.153
49.154
49.155
49.156
49.157
49.158
49.159
49.16
49.161
49.162
49.163
49.164
49.165
49.166
49.167
49.168
49.169
49.17
49.171
49.172
49.173
49.174
49.175
49.176
49.177
49.178
49.179
49.18
49.181
49.182
49.183
49.184
49.185
49.186
49.187
49.188
49.189
49.19
49.191
49.192
49.193
49.194
49.195
49.196
49.197
49.198
49.199
49.2
49.201
49.202
49.203
49.204
49.205
49.206
49.207
49.208
49.209
49.21
49.211
49.212
49.213
49.214
49.215
49.216
49.217
49.218
49.219
49.22
49.221
49.222
49.223
49.224
49.225
49.226
49.227
49.228
49.229
49.23
49.231
49.232
49.233
49.234
49.235
49.236
49.237
49.238
49.239
49.24
49.241
49.242
49.243
49.244
49.245
49.246
49.247
49.248
49.249
49.25
49.251
49.252
49.253
49.254
49.255
49.256
49.257
49.258
49.259
49.26
49.261
49.262
49.263
49.264
49.265
49.266
49.267
49.268
49.269
49.27
49.271
49.272
49.273
49.274
49.275
49.276
49.277
49.278
49.279
49.28
49.281
49.282
49.283
49.284
49.285
49.286
49.287
49.288
49.289
49.29
49.291
49.292
49.293
49.294
49.295
49.296
49.297
49.298
49.299
49.3
49.301
49.302
49.303
49.304
49.305
49.306
49.307
49.308
49.309
49.31
49.311
49.312
49.313
49.314
49.315
49.316
49.317
49.318
49.319
49.32
49.321
49.322
49.323
49.324
49.325
49.326
49.327
49.328
49.329
49.33
49.331
49.332
49.333
49.334
49.335
49.336
49.337
49.338
49.339
49.34
49.341
49.342
49.343
49.344
49.345
49.346
49.347
49.348
49.349
49.35
49.351
49.352
49.353
49.354
49.355
49.356
49.357
49.358
49.359
49.36
49.361
49.362
49.363
49.364
49.365
49.366
49.367
49.368
49.369
49.37
49.371
49.372
49.373
49.374
49.375
49.376
49.377
49.378
49.379
49.38
49.381
49.382
49.383
49.384
49.385
49.386
49.387
49.388
49.389
49.39
49.391
49.392
49.393
49.394
49.395
49.396
49.397
49.398
49.399
49.4
49.401
49.402
49.403
49.404
49.405
49.406
49.407
49.408
49.409
49.41
49.411
49.412
49.413
49.414
49.415
49.416
49.417
49.418
49.419
49.42
49.421
49.422
49.423
49.424
49.425
49.426
49.427
49.428
49.429
49.43
49.431
49.432
49.433
49.434
49.435
49.436
49.437
49.438
49.439
49.44
49.441
49.442
49.443
49.444
49.445
49.446
49.447
49.448
49.449
49.45
49.451
49.452
49.453
49.454
49.455
49.456
49.457
49.458
49.459
49.46
49.461
49.462
49.463
49.464
49.465
49.466
49.467
49.468
49.469
49.47
49.471
49.472
49.473
49.474
49.475
49.476
49.477
49.478
49.479
49.48
49.481
49.482
49.483
49.484
49.485
49.486
49.487
49.488
49.489
49.49
49.491
49.492
49.493
49.494
49.495
49.496
49.497
49.498
49.499
49.5
49.501
49.502
49.503
49.504
49.505
49.506
49.507
49.508
49.509
49.51
49.511
49.512
49.513
49.514
49.515
49.516
49.517
49.518
49.519
49.52
49.521
49.522
49.523
49.524
49.525
49.526
49.527
49.528
49.529
49.53
49.531
49.532
49.533
49.534
49.535
49.536
49.537
49.538
49.539
49.54
49.541
49.542
49.543
49.544
49.545
49.546
49.547
49.548
49.549
49.55
49.551
49.552
49.553
49.554
49.555
49.556
49.557
49.558
49.559
49.56
49.561
49.562
49.563
49.564
49.565
49.566
49.567
49.568
49.569
49.57
49.571
49.572
49.573
49.574
49.575
49.576
49.577
49.578
49.579
49.58
49.581
49.582
49.583
49.584
49.585
49.586
49.587
49.588
49.589
49.59
49.591
49.592
49.593
49.594
49.595
49.596
49.597
49.598
49.599
49.6
49.601
49.602
49.603
49.604
49.605
49.606
49.607
49.608
49.609
49.61
49.611
49.612
49.613
49.614
49.615
49.616
49.617
49.618
49.619
49.62
49.621
49.622
49.623
49.624
49.625
49.626
49.627
49.628
49.629
49.63
49.631
49.632
49.633
49.634
49.635
49.636
49.637
49.638
49.639
49.64
49.641
49.642
49.643
49.644
49.645
49.646
49.647
49.648
49.649
49.65
49.651
49.652
49.653
49.654
49.655
49.656
49.657
49.658
49.659
49.66
49.661
49.662
49.663
49.664
49.665
49.666
49.667
49.668
49.669
49.67
49.671
49.672
49.673
49.674
49.675
49.676
49.677
49.678
49.679
49.68
49.681
49.682
49.683
49.684
49.685
49.686
49.687
49.688
49.689
49.69
49.691
49.692
49.693
49.694
49.695
49.696
49.697
49.698
49.699
49.7
49.701
49.702
49.703
49.704
49.705
49.706
49.707
49.708
49.709
49.71
49.711
49.712
49.713
49.714
49.715
49.716
49.717
49.718
49.719
49.72
49.721
49.722
49.723
49.724
49.725
49.726
49.727
49.728
49.729
49.73
49.731
49.732
49.733
49.734
49.735
49.736
49.737
49.738
49.739
49.74
49.741
49.742
49.743
49.744
49.745
49.746
49.747
49.748
49.749
49.75
49.751
49.752
49.753
49.754
49.755
49.756
49.757
49.758
49.759
49.76
49.761
49.762
49.763
49.764
49.765
49.766
49.767
49.768
49.769
49.77
49.771
49.772
49.773
49.774
49.775
49.776
49.777
49.778
49.779
49.78
49.781
49.782
49.783
49.784
49.785
49.786
49.787
49.788
49.789
49.79
49.791
49.792
49.793
49.794
49.795
49.796
49.797
49.798
49.799
49.8
49.801
49.802
49.803
49.804
49.805
49.806
49.807
49.808
49.809
49.81
49.811
49.812
49.813
49.814
49.815
49.816
49.817
49.818
49.819
49.82
49.821
49.822
49.823
49.824
49.825
49.826
49.827
49.828
49.829
49.83
49.831
49.832
49.833
49.834
49.835
49.836
49.837
49.838
49.839
49.84
49.841
49.842
49.843
49.844
49.845
49.846
49.847
49.848
49.849
49.85
49.851
49.852
49.853
49.854
49.855
49.856
49.857
49.858
49.859
49.86
49.861
49.862
49.863
49.864
49.865
49.866
49.867
49.868
49.869
49.87
49.871
49.872
49.873
49.874
49.875
49.876
49.877
49.878
49.879
49.88
49.881
49.882
49.883
49.884
49.885
49.886
49.887
49.888
49.889
49.89
49.891
49.892
49.893
49.894
49.895
49.896
49.897
49.898
49.899
49.9
49.901
49.902
49.903
49.904
49.905
49.906
49.907
49.908
49.909
49.91
49.911
49.912
49.913
49.914
49.915
49.916
49.917
49.918
49.919
49.92
49.921
49.922
49.923
49.924
49.925
49.926
49.927
49.928
49.929
49.93
49.931
49.932
49.933
49.934
49.935
49.936
49.937
49.938
49.939
49.94
49.941
49.942
49.943
49.944
49.945
49.946
49.947
49.948
49.949
49.95
49.951
49.952
49.953
49.954
49.955
49.956
49.957
49.958
49.959
49.96
49.961
49.962
49.963
49.964
49.965
49.966
49.967
49.968
49.969
49.97
49.971
49.972
49.973
49.974
49.975
49.976
49.977
49.978
49.979
49.98
49.981
49.982
49.983
49.984
49.985
49.986
49.987
49.988
49.989
49.99
49.991
49.992
49.993
49.994
49.995
49.996
49.997
49.998
49.999
50
50.001
50.002
50.003
50.004
50.005
50.006
50.007
50.008
50.009
50.01
50.011
50.012
50.013
50.014
50.015
50.016
50.017
50.018
50.019
50.02
50.021
50.022
50.023
50.024
50.025
50.026
50.027
50.028
50.029
50.03
50.031
50.032
50.033
50.034
50.035
50.036
50.037
50.038
50.039
50.04
50.041
50.042
50.043
50.044
50.045
50.046
50.047
50.048
50.049
50.05
50.051
50.052
50.053
50.054
50.055
50.056
50.057
50.058
50.059
50.06
50.061
50.062
50.063
50.064
50.065
50.066
50.067
50.068
50.069
50.07
50.071
50.072
50.073
50.074
50.075
50.076
50.077
50.078
50.079
50.08
50.081
50.082
50.083
50.084
50.085
50.086
50.087
50.088
50.089
50.09
50.091
50.092
50.093
50.094
50.095
50.096
50.097
50.098
50.099
50.1
50.101
50.102
50.103
50.104
50.105
50.106
50.107
50.108
50.109
50.11
50.111
50.112
50.113
50.114
50.115
50.116
50.117
50.118
50.119
50.12
50.121
50.122
50.123
50.124
50.125
50.126
50.127
50.128
50.129
50.13
50.131
50.132
50.133
50.134
50.135
50.136
50.137
50.138
50.139
50.14
50.141
50.142
50.143
50.144
50.145
50.146
50.147
50.148
50.149
50.15
50.151
50.152
50.153
50.154
50.155
50.156
50.157
50.158
50.159
50.16
50.161
50.162
50.163
50.164
50.165
50.166
50.167
50.168
50.169
50.17
50.171
50.172
50.173
50.174
50.175
50.176
50.177
50.178
50.179
50.18
50.181
50.182
50.183
50.184
50.185
50.186
50.187
50.188
50.189
50.19
50.191
50.192
50.193
50.194
50.195
50.196
50.197
50.198
50.199
50.2
50.201
50.202
50.203
50.204
50.205
50.206
50.207
50.208
50.209
50.21
50.211
50.212
50.213
50.214
50.215
50.216
50.217
50.218
50.219
50.22
50.221
50.222
50.223
50.224
50.225
50.226
50.227
50.228
50.229
50.23
50.231
50.232
50.233
50.234
50.235
50.236
50.237
50.238
50.239
50.24
50.241
50.242
50.243
50.244
50.245
50.246
50.247
50.248
50.249
50.25
50.251
50.252
50.253
50.254
50.255
50.256
50.257
50.258
50.259
50.26
50.261
50.262
50.263
50.264
50.265
50.266
50.267
50.268
50.269
50.27
50.271
50.272
50.273
50.274
50.275
50.276
50.277
50.278
50.279
50.28
50.281
50.282
50.283
50.284
50.285
50.286
50.287
50.288
50.289
50.29
50.291
50.292
50.293
50.294
50.295
50.296
50.297
50.298
50.299
50.3
50.301
50.302
50.303
50.304
50.305
50.306
50.307
50.308
50.309
50.31
50.311
50.312
50.313
50.314
50.315
50.316
50.317
50.318
50.319
50.32
50.321
50.322
50.323
50.324
50.325
50.326
50.327
50.328
50.329
50.33
50.331
50.332
50.333
50.334
50.335
50.336
50.337
50.338
50.339
50.34
50.341
50.342
50.343
50.344
50.345
50.346
50.347
50.348
50.349
50.35
50.351
50.352
50.353
50.354
50.355
50.356
50.357
50.358
50.359
50.36
50.361
50.362
50.363
50.364
50.365
50.366
50.367
50.368
50.369
50.37
50.371
50.372
50.373
50.374
50.375
50.376
50.377
50.378
50.379
50.38
50.381
50.382
50.383
50.384
50.385
50.386
50.387
50.388
50.389
50.39
50.391
50.392
50.393
50.394
50.395
50.396
50.397
50.398
50.399
50.4
50.401
50.402
50.403
50.404
50.405
50.406
50.407
50.408
50.409
50.41
50.411
50.412
50.413
50.414
50.415
50.416
50.417
50.418
50.419
50.42
50.421
50.422
50.423
50.424
50.425
50.426
50.427
50.428
50.429
50.43
50.431
50.432
50.433
50.434
50.435
50.436
50.437
50.438
50.439
50.44
50.441
50.442
50.443
50.444
50.445
50.446
50.447
50.448
50.449
50.45
50.451
50.452
50.453
50.454
50.455
50.456
50.457
50.458
50.459
50.46
50.461
50.462
50.463
50.464
50.465
50.466
50.467
50.468
50.469
50.47
50.471
50.472
50.473
50.474
50.475
50.476
50.477
50.478
50.479
50.48
50.481
50.482
50.483
50.484
50.485
50.486
50.487
50.488
50.489
50.49
50.491
50.492
50.493
50.494
50.495
50.496
50.497
50.498
50.499
50.5
50.501
50.502
50.503
50.504
50.505
50.506
50.507
50.508
50.509
50.51
50.511
50.512
50.513
50.514
50.515
50.516
50.517
50.518
50.519
50.52
50.521
50.522
50.523
50.524
50.525
50.526
50.527
50.528
50.529
50.53
50.531
50.532
50.533
50.534
50.535
50.536
50.537
50.538
50.539
50.54
50.541
50.542
50.543
50.544
50.545
50.546
50.547
50.548
50.549
50.55
50.551
50.552
50.553
50.554
50.555
50.556
50.557
50.558
50.559
50.56
50.561
50.562
50.563
50.564
50.565
50.566
50.567
50.568
50.569
50.57
50.571
50.572
50.573
50.574
50.575
50.576
50.577
50.578
50.579
50.58
50.581
50.582
50.583
50.584
50.585
50.586
50.587
50.588
50.589
50.59
50.591
50.592
50.593
50.594
50.595
50.596
50.597
50.598
50.599
50.6
50.601
50.602
50.603
50.604
50.605
50.606
50.607
50.608
50.609
50.61
50.611
50.612
50.613
50.614
50.615
50.616
50.617
50.618
50.619
50.62
50.621
50.622
50.623
50.624
50.625
50.626
50.627
50.628
50.629
50.63
50.631
50.632
50.633
50.634
50.635
50.636
50.637
50.638
50.639
50.64
50.641
50.642
50.643
50.644
50.645
50.646
50.647
50.648
50.649
50.65
50.651
50.652
50.653
50.654
50.655
50.656
50.657
50.658
50.659
50.66
50.661
50.662
50.663
50.664
50.665
50.666
50.667
50.668
50.669
50.67
50.671
50.672
50.673
50.674
50.675
50.676
50.677
50.678
50.679
50.68
50.681
50.682
50.683
50.684
50.685
50.686
50.687
50.688
50.689
50.69
50.691
50.692
50.693
50.694
50.695
50.696
50.697
50.698
50.699
50.7
50.701
50.702
50.703
50.704
50.705
50.706
50.707
50.708
50.709
50.71
50.711
50.712
50.713
50.714
50.715
50.716
50.717
50.718
50.719
50.72
50.721
50.722
50.723
50.724
50.725
50.726
50.727
50.728
50.729
50.73
50.731
50.732
50.733
50.734
50.735
50.736
50.737
50.738
50.739
50.74
50.741
50.742
50.743
50.744
50.745
50.746
50.747
50.748
50.749
50.75
50.751
50.752
50.753
50.754
50.755
50.756
50.757
50.758
50.759
50.76
50.761
50.762
50.763
50.764
50.765
50.766
50.767
50.768
50.769
50.77
50.771
50.772
50.773
50.774
50.775
50.776
50.777
50.778
50.779
50.78
50.781
50.782
50.783
50.784
50.785
50.786
50.787
50.788
50.789
50.79
50.791
50.792
50.793
50.794
50.795
50.796
50.797
50.798
50.799
50.8
50.801
50.802
50.803
50.804
50.805
50.806
50.807
50.808
50.809
50.81
50.811
50.812
50.813
50.814
50.815
50.816
50.817
50.818
50.819
50.82
50.821
50.822
50.823
50.824
50.825
50.826
50.827
50.828
50.829
50.83
50.831
50.832
50.833
50.834
50.835
50.836
50.837
50.838
50.839
50.84
50.841
50.842
50.843
50.844
50.845
50.846
50.847
50.848
50.849
50.85
50.851
50.852
50.853
50.854
50.855
50.856
50.857
50.858
50.859
50.86
50.861
50.862
50.863
50.864
50.865
50.866
50.867
50.868
50.869
50.87
50.871
50.872
50.873
50.874
50.875
50.876
50.877
50.878
50.879
50.88
50.881
50.882
50.883
50.884
50.885
50.886
50.887
50.888
50.889
50.89
50.891
50.892
50.893
50.894
50.895
50.896
50.897
50.898
50.899
50.9
50.901
50.902
50.903
50.904
50.905
50.906
50.907
50.908
50.909
50.91
50.911
50.912
50.913
50.914
50.915
50.916
50.917
50.918
50.919
50.92
50.921
50.922
50.923
50.924
50.925
50.926
50.927
50.928
50.929
50.93
50.931
50.932
50.933
50.934
50.935
50.936
50.937
50.938
50.939
50.94
50.941
50.942
50.943
50.944
50.945
50.946
50.947
50.948
50.949
50.95
50.951
50.952
50.953
50.954
50.955
50.956
50.957
50.958
50.959
50.96
50.961
50.962
50.963
50.964
50.965
50.966
50.967
50.968
50.969
50.97
50.971
50.972
50.973
50.974
50.975
50.976
50.977
50.978
50.979
50.98
50.981
50.982
50.983
50.984
50.985
50.986
50.987
50.988
50.989
50.99
50.991
50.992
50.993
50.994
50.995
50.996
50.997
50.998
50.999
51
51.001
51.002
51.003
51.004
51.005
51.006
51.007
51.008
51.009
51.01
51.011
51.012
51.013
51.014
51.015
51.016
51.017
51.018
51.019
51.02
51.021
51.022
51.023
51.024
51.025
51.026
51.027
51.028
51.029
51.03
51.031
51.032
51.033
51.034
51.035
51.036
51.037
51.038
51.039
51.04
51.041
51.042
51.043
51.044
51.045
51.046
51.047
51.048
51.049
51.05
51.051
51.052
51.053
51.054
51.055
51.056
51.057
51.058
51.059
51.06
51.061
51.062
51.063
51.064
51.065
51.066
51.067
51.068
51.069
51.07
51.071
51.072
51.073
51.074
51.075
51.076
51.077
51.078
51.079
51.08
51.081
51.082
51.083
51.084
51.085
51.086
51.087
51.088
51.089
51.09
51.091
51.092
51.093
51.094
51.095
51.096
51.097
51.098
51.099
51.1
51.101
51.102
51.103
51.104
51.105
51.106
51.107
51.108
51.109
51.11
51.111
51.112
51.113
51.114
51.115
51.116
51.117
51.118
51.119
51.12
51.121
51.122
51.123
51.124
51.125
51.126
51.127
51.128
51.129
51.13
51.131
51.132
51.133
51.134
51.135
51.136
51.137
51.138
51.139
51.14
51.141
51.142
51.143
51.144
51.145
51.146
51.147
51.148
51.149
51.15
51.151
51.152
51.153
51.154
51.155
51.156
51.157
51.158
51.159
51.16
51.161
51.162
51.163
51.164
51.165
51.166
51.167
51.168
51.169
51.17
51.171
51.172
51.173
51.174
51.175
51.176
51.177
51.178
51.179
51.18
51.181
51.182
51.183
51.184
51.185
51.186
51.187
51.188
51.189
51.19
51.191
51.192
51.193
51.194
51.195
51.196
51.197
51.198
51.199
51.2
51.201
51.202
51.203
51.204
51.205
51.206
51.207
51.208
51.209
51.21
51.211
51.212
51.213
51.214
51.215
51.216
51.217
51.218
51.219
51.22
51.221
51.222
51.223
51.224
51.225
51.226
51.227
51.228
51.229
51.23
51.231
51.232
51.233
51.234
51.235
51.236
51.237
51.238
51.239
51.24
51.241
51.242
51.243
51.244
51.245
51.246
51.247
51.248
51.249
51.25
51.251
51.252
51.253
51.254
51.255
51.256
51.257
51.258
51.259
51.26
51.261
51.262
51.263
51.264
51.265
51.266
51.267
51.268
51.269
51.27
51.271
51.272
51.273
51.274
51.275
51.276
51.277
51.278
51.279
51.28
51.281
51.282
51.283
51.284
51.285
51.286
51.287
51.288
51.289
51.29
51.291
51.292
51.293
51.294
51.295
51.296
51.297
51.298
51.299
51.3
51.301
51.302
51.303
51.304
51.305
51.306
51.307
51.308
51.309
51.31
51.311
51.312
51.313
51.314
51.315
51.316
51.317
51.318
51.319
51.32
51.321
51.322
51.323
51.324
51.325
51.326
51.327
51.328
51.329
51.33
51.331
51.332
51.333
51.334
51.335
51.336
51.337
51.338
51.339
51.34
51.341
51.342
51.343
51.344
51.345
51.346
51.347
51.348
51.349
51.35
51.351
51.352
51.353
51.354
51.355
51.356
51.357
51.358
51.359
51.36
51.361
51.362
51.363
51.364
51.365
51.366
51.367
51.368
51.369
51.37
51.371
51.372
51.373
51.374
51.375
51.376
51.377
51.378
51.379
51.38
51.381
51.382
51.383
51.384
51.385
51.386
51.387
51.388
51.389
51.39
51.391
51.392
51.393
51.394
51.395
51.396
51.397
51.398
51.399
51.4
51.401
51.402
51.403
51.404
51.405
51.406
51.407
51.408
51.409
51.41
51.411
51.412
51.413
51.414
51.415
51.416
51.417
51.418
51.419
51.42
51.421
51.422
51.423
51.424
51.425
51.426
51.427
51.428
51.429
51.43
51.431
51.432
51.433
51.434
51.435
51.436
51.437
51.438
51.439
51.44
51.441
51.442
51.443
51.444
51.445
51.446
51.447
51.448
51.449
51.45
51.451
51.452
51.453
51.454
51.455
51.456
51.457
51.458
51.459
51.46
51.461
51.462
51.463
51.464
51.465
51.466
51.467
51.468
51.469
51.47
51.471
51.472
51.473
51.474
51.475
51.476
51.477
51.478
51.479
51.48
51.481
51.482
51.483
51.484
51.485
51.486
51.487
51.488
51.489
51.49
51.491
51.492
51.493
51.494
51.495
51.496
51.497
51.498
51.499
51.5
51.501
51.502
51.503
51.504
51.505
51.506
51.507
51.508
51.509
51.51
51.511
51.512
51.513
51.514
51.515
51.516
51.517
51.518
51.519
51.52
51.521
51.522
51.523
51.524
51.525
51.526
51.527
51.528
51.529
51.53
51.531
51.532
51.533
51.534
51.535
51.536
51.537
51.538
51.539
51.54
51.541
51.542
51.543
51.544
51.545
51.546
51.547
51.548
51.549
51.55
51.551
51.552
51.553
51.554
51.555
51.556
51.557
51.558
51.559
51.56
51.561
51.562
51.563
51.564
51.565
51.566
51.567
51.568
51.569
51.57
51.571
51.572
51.573
51.574
51.575
51.576
51.577
51.578
51.579
51.58
51.581
51.582
51.583
51.584
51.585
51.586
51.587
51.588
51.589
51.59
51.591
51.592
51.593
51.594
51.595
51.596
51.597
51.598
51.599
51.6
51.601
51.602
51.603
51.604
51.605
51.606
51.607
51.608
51.609
51.61
51.611
51.612
51.613
51.614
51.615
51.616
51.617
51.618
51.619
51.62
51.621
51.622
51.623
51.624
51.625
51.626
51.627
51.628
51.629
51.63
51.631
51.632
51.633
51.634
51.635
51.636
51.637
51.638
51.639
51.64
51.641
51.642
51.643
51.644
51.645
51.646
51.647
51.648
51.649
51.65
51.651
51.652
51.653
51.654
51.655
51.656
51.657
51.658
51.659
51.66
51.661
51.662
51.663
51.664
51.665
51.666
51.667
51.668
51.669
51.67
51.671
51.672
51.673
51.674
51.675
51.676
51.677
51.678
51.679
51.68
51.681
51.682
51.683
51.684
51.685
51.686
51.687
51.688
51.689
51.69
51.691
51.692
51.693
51.694
51.695
51.696
51.697
51.698
51.699
51.7
51.701
51.702
51.703
51.704
51.705
51.706
51.707
51.708
51.709
51.71
51.711
51.712
51.713
51.714
51.715
51.716
51.717
51.718
51.719
51.72
51.721
51.722
51.723
51.724
51.725
51.726
51.727
51.728
51.729
51.73
51.731
51.732
51.733
51.734
51.735
51.736
51.737
51.738
51.739
51.74
51.741
51.742
51.743
51.744
51.745
51.746
51.747
51.748
51.749
51.75
51.751
51.752
51.753
51.754
51.755
51.756
51.757
51.758
51.759
51.76
51.761
51.762
51.763
51.764
51.765
51.766
51.767
51.768
51.769
51.77
51.771
51.772
51.773
51.774
51.775
51.776
51.777
51.778
51.779
51.78
51.781
51.782
51.783
51.784
51.785
51.786
51.787
51.788
51.789
51.79
51.791
51.792
51.793
51.794
51.795
51.796
51.797
51.798
51.799
51.8
51.801
51.802
51.803
51.804
51.805
51.806
51.807
51.808
51.809
51.81
51.811
51.812
51.813
51.814
51.815
51.816
51.817
51.818
51.819
51.82
51.821
51.822
51.823
51.824
51.825
51.826
51.827
51.828
51.829
51.83
51.831
51.832
51.833
51.834
51.835
51.836
51.837
51.838
51.839
51.84
51.841
51.842
51.843
51.844
51.845
51.846
51.847
51.848
51.849
51.85
51.851
51.852
51.853
51.854
51.855
51.856
51.857
51.858
51.859
51.86
51.861
51.862
51.863
51.864
51.865
51.866
51.867
51.868
51.869
51.87
51.871
51.872
51.873
51.874
51.875
51.876
51.877
51.878
51.879
51.88
51.881
51.882
51.883
51.884
51.885
51.886
51.887
51.888
51.889
51.89
51.891
51.892
51.893
51.894
51.895
51.896
51.897
51.898
51.899
51.9
51.901
51.902
51.903
51.904
51.905
51.906
51.907
51.908
51.909
51.91
51.911
51.912
51.913
51.914
51.915
51.916
51.917
51.918
51.919
51.92
51.921
51.922
51.923
51.924
51.925
51.926
51.927
51.928
51.929
51.93
51.931
51.932
51.933
51.934
51.935
51.936
51.937
51.938
51.939
51.94
51.941
51.942
51.943
51.944
51.945
51.946
51.947
51.948
51.949
51.95
51.951
51.952
51.953
51.954
51.955
51.956
51.957
51.958
51.959
51.96
51.961
51.962
51.963
51.964
51.965
51.966
51.967
51.968
51.969
51.97
51.971
51.972
51.973
51.974
51.975
51.976
51.977
51.978
51.979
51.98
51.981
51.982
51.983
51.984
51.985
51.986
51.987
51.988
51.989
51.99
51.991
51.992
51.993
51.994
51.995
51.996
51.997
51.998
51.999
52
52.001
52.002
52.003
52.004
52.005
52.006
52.007
52.008
52.009
52.01
52.011
52.012
52.013
52.014
52.015
52.016
52.017
52.018
52.019
52.02
52.021
52.022
52.023
52.024
52.025
52.026
52.027
52.028
52.029
52.03
52.031
52.032
52.033
52.034
52.035
52.036
52.037
52.038
52.039
52.04
52.041
52.042
52.043
52.044
52.045
52.046
52.047
52.048
52.049
52.05
52.051
52.052
52.053
52.054
52.055
52.056
52.057
52.058
52.059
52.06
52.061
52.062
52.063
52.064
52.065
52.066
52.067
52.068
52.069
52.07
52.071
52.072
52.073
52.074
52.075
52.076
52.077
52.078
52.079
52.08
52.081
52.082
52.083
52.084
52.085
52.086
52.087
52.088
52.089
52.09
52.091
52.092
52.093
52.094
52.095
52.096
52.097
52.098
52.099
52.1
52.101
52.102
52.103
52.104
52.105
52.106
52.107
52.108
52.109
52.11
52.111
52.112
52.113
52.114
52.115
52.116
52.117
52.118
52.119
52.12
52.121
52.122
52.123
52.124
52.125
52.126
52.127
52.128
52.129
52.13
52.131
52.132
52.133
52.134
52.135
52.136
52.137
52.138
52.139
52.14
52.141
52.142
52.143
52.144
52.145
52.146
52.147
52.148
52.149
52.15
52.151
52.152
52.153
52.154
52.155
52.156
52.157
52.158
52.159
52.16
52.161
52.162
52.163
52.164
52.165
52.166
52.167
52.168
52.169
52.17
52.171
52.172
52.173
52.174
52.175
52.176
52.177
52.178
52.179
52.18
52.181
52.182
52.183
52.184
52.185
52.186
52.187
52.188
52.189
52.19
52.191
52.192
52.193
52.194
52.195
52.196
52.197
52.198
52.199
52.2
52.201
52.202
52.203
52.204
52.205
52.206
52.207
52.208
52.209
52.21
52.211
52.212
52.213
52.214
52.215
52.216
52.217
52.218
52.219
52.22
52.221
52.222
52.223
52.224
52.225
52.226
52.227
52.228
52.229
52.23
52.231
52.232
52.233
52.234
52.235
52.236
52.237
52.238
52.239
52.24
52.241
52.242
52.243
52.244
52.245
52.246
52.247
52.248
52.249
52.25
52.251
52.252
52.253
52.254
52.255
52.256
52.257
52.258
52.259
52.26
52.261
52.262
52.263
52.264
52.265
52.266
52.267
52.268
52.269
52.27
52.271
52.272
52.273
52.274
52.275
52.276
52.277
52.278
52.279
52.28
52.281
52.282
52.283
52.284
52.285
52.286
52.287
52.288
52.289
52.29
52.291
52.292
52.293
52.294
52.295
52.296
52.297
52.298
52.299
52.3
52.301
52.302
52.303
52.304
52.305
52.306
52.307
52.308
52.309
52.31
52.311
52.312
52.313
52.314
52.315
52.316
52.317
52.318
52.319
52.32
52.321
52.322
52.323
52.324
52.325
52.326
52.327
52.328
52.329
52.33
52.331
52.332
52.333
52.334
52.335
52.336
52.337
52.338
52.339
52.34
52.341
52.342
52.343
52.344
52.345
52.346
52.347
52.348
52.349
52.35
52.351
52.352
52.353
52.354
52.355
52.356
52.357
52.358
52.359
52.36
52.361
52.362
52.363
52.364
52.365
52.366
52.367
52.368
52.369
52.37
52.371
52.372
52.373
52.374
52.375
52.376
52.377
52.378
52.379
52.38
52.381
52.382
52.383
52.384
52.385
52.386
52.387
52.388
52.389
52.39
52.391
52.392
52.393
52.394
52.395
52.396
52.397
52.398
52.399
52.4
52.401
52.402
52.403
52.404
52.405
52.406
52.407
52.408
52.409
52.41
52.411
52.412
52.413
52.414
52.415
52.416
52.417
52.418
52.419
52.42
52.421
52.422
52.423
52.424
52.425
52.426
52.427
52.428
52.429
52.43
52.431
52.432
52.433
52.434
52.435
52.436
52.437
52.438
52.439
52.44
52.441
52.442
52.443
52.444
52.445
52.446
52.447
52.448
52.449
52.45
52.451
52.452
52.453
52.454
52.455
52.456
52.457
52.458
52.459
52.46
52.461
52.462
52.463
52.464
52.465
52.466
52.467
52.468
52.469
52.47
52.471
52.472
52.473
52.474
52.475
52.476
52.477
52.478
52.479
52.48
52.481
52.482
52.483
52.484
52.485
52.486
52.487
52.488
52.489
52.49
52.491
52.492
52.493
52.494
52.495
52.496
52.497
52.498
52.499
52.5
52.501
52.502
52.503
52.504
52.505
52.506
52.507
52.508
52.509
52.51
52.511
52.512
52.513
52.514
52.515
52.516
52.517
52.518
52.519
52.52
52.521
52.522
52.523
52.524
52.525
52.526
52.527
52.528
52.529
52.53
52.531
52.532
52.533
52.534
52.535
52.536
52.537
52.538
52.539
52.54
52.541
52.542
52.543
52.544
52.545
52.546
52.547
52.548
52.549
52.55
52.551
52.552
52.553
52.554
52.555
52.556
52.557
52.558
52.559
52.56
52.561
52.562
52.563
52.564
52.565
52.566
52.567
52.568
52.569
52.57
52.571
52.572
52.573
52.574
52.575
52.576
52.577
52.578
52.579
52.58
52.581
52.582
52.583
52.584
52.585
52.586
52.587
52.588
52.589
52.59
52.591
52.592
52.593
52.594
52.595
52.596
52.597
52.598
52.599
52.6
52.601
52.602
52.603
52.604
52.605
52.606
52.607
52.608
52.609
52.61
52.611
52.612
52.613
52.614
52.615
52.616
52.617
52.618
52.619
52.62
52.621
52.622
52.623
52.624
52.625
52.626
52.627
52.628
52.629
52.63
52.631
52.632
52.633
52.634
52.635
52.636
52.637
52.638
52.639
52.64
52.641
52.642
52.643
52.644
52.645
52.646
52.647
52.648
52.649
52.65
52.651
52.652
52.653
52.654
52.655
52.656
52.657
52.658
52.659
52.66
52.661
52.662
52.663
52.664
52.665
52.666
52.667
52.668
52.669
52.67
52.671
52.672
52.673
52.674
52.675
52.676
52.677
52.678
52.679
52.68
52.681
52.682
52.683
52.684
52.685
52.686
52.687
52.688
52.689
52.69
52.691
52.692
52.693
52.694
52.695
52.696
52.697
52.698
52.699
52.7
52.701
52.702
52.703
52.704
52.705
52.706
52.707
52.708
52.709
52.71
52.711
52.712
52.713
52.714
52.715
52.716
52.717
52.718
52.719
52.72
52.721
52.722
52.723
52.724
52.725
52.726
52.727
52.728
52.729
52.73
52.731
52.732
52.733
52.734
52.735
52.736
52.737
52.738
52.739
52.74
52.741
52.742
52.743
52.744
52.745
52.746
52.747
52.748
52.749
52.75
52.751
52.752
52.753
52.754
52.755
52.756
52.757
52.758
52.759
52.76
52.761
52.762
52.763
52.764
52.765
52.766
52.767
52.768
52.769
52.77
52.771
52.772
52.773
52.774
52.775
52.776
52.777
52.778
52.779
52.78
52.781
52.782
52.783
52.784
52.785
52.786
52.787
52.788
52.789
52.79
52.791
52.792
52.793
52.794
52.795
52.796
52.797
52.798
52.799
52.8
52.801
52.802
52.803
52.804
52.805
52.806
52.807
52.808
52.809
52.81
52.811
52.812
52.813
52.814
52.815
52.816
52.817
52.818
52.819
52.82
52.821
52.822
52.823
52.824
52.825
52.826
52.827
52.828
52.829
52.83
52.831
52.832
52.833
52.834
52.835
52.836
52.837
52.838
52.839
52.84
52.841
52.842
52.843
52.844
52.845
52.846
52.847
52.848
52.849
52.85
52.851
52.852
52.853
52.854
52.855
52.856
52.857
52.858
52.859
52.86
52.861
52.862
52.863
52.864
52.865
52.866
52.867
52.868
52.869
52.87
52.871
52.872
52.873
52.874
52.875
52.876
52.877
52.878
52.879
52.88
52.881
52.882
52.883
52.884
52.885
52.886
52.887
52.888
52.889
52.89
52.891
52.892
52.893
52.894
52.895
52.896
52.897
52.898
52.899
52.9
52.901
52.902
52.903
52.904
52.905
52.906
52.907
52.908
52.909
52.91
52.911
52.912
52.913
52.914
52.915
52.916
52.917
52.918
52.919
52.92
52.921
52.922
52.923
52.924
52.925
52.926
52.927
52.928
52.929
52.93
52.931
52.932
52.933
52.934
52.935
52.936
52.937
52.938
52.939
52.94
52.941
52.942
52.943
52.944
52.945
52.946
52.947
52.948
52.949
52.95
52.951
52.952
52.953
52.954
52.955
52.956
52.957
52.958
52.959
52.96
52.961
52.962
52.963
52.964
52.965
52.966
52.967
52.968
52.969
52.97
52.971
52.972
52.973
52.974
52.975
52.976
52.977
52.978
52.979
52.98
52.981
52.982
52.983
52.984
52.985
52.986
52.987
52.988
52.989
52.99
52.991
52.992
52.993
52.994
52.995
52.996
52.997
52.998
52.999
53
53.001
53.002
53.003
53.004
53.005
53.006
53.007
53.008
53.009
53.01
53.011
53.012
53.013
53.014
53.015
53.016
53.017
53.018
53.019
53.02
53.021
53.022
53.023
53.024
53.025
53.026
53.027
53.028
53.029
53.03
53.031
53.032
53.033
53.034
53.035
53.036
53.037
53.038
53.039
53.04
53.041
53.042
53.043
53.044
53.045
53.046
53.047
53.048
53.049
53.05
53.051
53.052
53.053
53.054
53.055
53.056
53.057
53.058
53.059
53.06
53.061
53.062
53.063
53.064
53.065
53.066
53.067
53.068
53.069
53.07
53.071
53.072
53.073
53.074
53.075
53.076
53.077
53.078
53.079
53.08
53.081
53.082
53.083
53.084
53.085
53.086
53.087
53.088
53.089
53.09
53.091
53.092
53.093
53.094
53.095
53.096
53.097
53.098
53.099
53.1
53.101
53.102
53.103
53.104
53.105
53.106
53.107
53.108
53.109
53.11
53.111
53.112
53.113
53.114
53.115
53.116
53.117
53.118
53.119
53.12
53.121
53.122
53.123
53.124
53.125
53.126
53.127
53.128
53.129
53.13
53.131
53.132
53.133
53.134
53.135
53.136
53.137
53.138
53.139
53.14
53.141
53.142
53.143
53.144
53.145
53.146
53.147
53.148
53.149
53.15
53.151
53.152
53.153
53.154
53.155
53.156
53.157
53.158
53.159
53.16
53.161
53.162
53.163
53.164
53.165
53.166
53.167
53.168
53.169
53.17
53.171
53.172
53.173
53.174
53.175
53.176
53.177
53.178
53.179
53.18
53.181
53.182
53.183
53.184
53.185
53.186
53.187
53.188
53.189
53.19
53.191
53.192
53.193
53.194
53.195
53.196
53.197
53.198
53.199
53.2
53.201
53.202
53.203
53.204
53.205
53.206
53.207
53.208
53.209
53.21
53.211
53.212
53.213
53.214
53.215
53.216
53.217
53.218
53.219
53.22
53.221
53.222
53.223
53.224
53.225
53.226
53.227
53.228
53.229
53.23
53.231
53.232
53.233
53.234
53.235
53.236
53.237
53.238
53.239
53.24
53.241
53.242
53.243
53.244
53.245
53.246
53.247
53.248
53.249
53.25
53.251
53.252
53.253
53.254
53.255
53.256
53.257
53.258
53.259
53.26
53.261
53.262
53.263
53.264
53.265
53.266
53.267
53.268
53.269
53.27
53.271
53.272
53.273
53.274
53.275
53.276
53.277
53.278
53.279
53.28
53.281
53.282
53.283
53.284
53.285
53.286
53.287
53.288
53.289
53.29
53.291
53.292
53.293
53.294
53.295
53.296
53.297
53.298
53.299
53.3
53.301
53.302
53.303
53.304
53.305
53.306
53.307
53.308
53.309
53.31
53.311
53.312
53.313
53.314
53.315
53.316
53.317
53.318
53.319
53.32
53.321
53.322
53.323
53.324
53.325
53.326
53.327
53.328
53.329
53.33
53.331
53.332
53.333
53.334
53.335
53.336
53.337
53.338
53.339
53.34
53.341
53.342
53.343
53.344
53.345
53.346
53.347
53.348
53.349
53.35
53.351
53.352
53.353
53.354
53.355
53.356
53.357
53.358
53.359
53.36
53.361
53.362
53.363
53.364
53.365
53.366
53.367
53.368
53.369
53.37
53.371
53.372
53.373
53.374
53.375
53.376
53.377
53.378
53.379
53.38
53.381
53.382
53.383
53.384
53.385
53.386
53.387
53.388
53.389
53.39
53.391
53.392
53.393
53.394
53.395
53.396
53.397
53.398
53.399
53.4
53.401
53.402
53.403
53.404
53.405
53.406
53.407
53.408
53.409
53.41
53.411
53.412
53.413
53.414
53.415
53.416
53.417
53.418
53.419
53.42
53.421
53.422
53.423
53.424
53.425
53.426
53.427
53.428
53.429
53.43
53.431
53.432
53.433
53.434
53.435
53.436
53.437
53.438
53.439
53.44
53.441
53.442
53.443
53.444
53.445
53.446
53.447
53.448
53.449
53.45
53.451
53.452
53.453
53.454
53.455
53.456
53.457
53.458
53.459
53.46
53.461
53.462
53.463
53.464
53.465
53.466
53.467
53.468
53.469
53.47
53.471
53.472
53.473
53.474
53.475
53.476
53.477
53.478
53.479
53.48
53.481
53.482
53.483
53.484
53.485
53.486
53.487
53.488
53.489
53.49
53.491
53.492
53.493
53.494
53.495
53.496
53.497
53.498
53.499
53.5
53.501
53.502
53.503
53.504
53.505
53.506
53.507
53.508
53.509
53.51
53.511
53.512
53.513
53.514
53.515
53.516
53.517
53.518
53.519
53.52
53.521
53.522
53.523
53.524
53.525
53.526
53.527
53.528
53.529
53.53
53.531
53.532
53.533
53.534
53.535
53.536
53.537
53.538
53.539
53.54
53.541
53.542
53.543
53.544
53.545
53.546
53.547
53.548
53.549
53.55
53.551
53.552
53.553
53.554
53.555
53.556
53.557
53.558
53.559
53.56
53.561
53.562
53.563
53.564
53.565
53.566
53.567
53.568
53.569
53.57
53.571
53.572
53.573
53.574
53.575
53.576
53.577
53.578
53.579
53.58
53.581
53.582
53.583
53.584
53.585
53.586
53.587
53.588
53.589
53.59
53.591
53.592
53.593
53.594
53.595
53.596
53.597
53.598
53.599
53.6
53.601
53.602
53.603
53.604
53.605
53.606
53.607
53.608
53.609
53.61
53.611
53.612
53.613
53.614
53.615
53.616
53.617
53.618
53.619
53.62
53.621
53.622
53.623
53.624
53.625
53.626
53.627
53.628
53.629
53.63
53.631
53.632
53.633
53.634
53.635
53.636
53.637
53.638
53.639
53.64
53.641
53.642
53.643
53.644
53.645
53.646
53.647
53.648
53.649
53.65
53.651
53.652
53.653
53.654
53.655
53.656
53.657
53.658
53.659
53.66
53.661
53.662
53.663
53.664
53.665
53.666
53.667
53.668
53.669
53.67
53.671
53.672
53.673
53.674
53.675
53.676
53.677
53.678
53.679
53.68
53.681
53.682
53.683
53.684
53.685
53.686
53.687
53.688
53.689
53.69
53.691
53.692
53.693
53.694
53.695
53.696
53.697
53.698
53.699
53.7
53.701
53.702
53.703
53.704
53.705
53.706
53.707
53.708
53.709
53.71
53.711
53.712
53.713
53.714
53.715
53.716
53.717
53.718
53.719
53.72
53.721
53.722
53.723
53.724
53.725
53.726
53.727
53.728
53.729
53.73
53.731
53.732
53.733
53.734
53.735
53.736
53.737
53.738
53.739
53.74
53.741
53.742
53.743
53.744
53.745
53.746
53.747
53.748
53.749
53.75
53.751
53.752
53.753
53.754
53.755
53.756
53.757
53.758
53.759
53.76
53.761
53.762
53.763
53.764
53.765
53.766
53.767
53.768
53.769
53.77
53.771
53.772
53.773
53.774
53.775
53.776
53.777
53.778
53.779
53.78
53.781
53.782
53.783
53.784
53.785
53.786
53.787
53.788
53.789
53.79
53.791
53.792
53.793
53.794
53.795
53.796
53.797
53.798
53.799
53.8
53.801
53.802
53.803
53.804
53.805
53.806
53.807
53.808
53.809
53.81
53.811
53.812
53.813
53.814
53.815
53.816
53.817
53.818
53.819
53.82
53.821
53.822
53.823
53.824
53.825
53.826
53.827
53.828
53.829
53.83
53.831
53.832
53.833
53.834
53.835
53.836
53.837
53.838
53.839
53.84
53.841
53.842
53.843
53.844
53.845
53.846
53.847
53.848
53.849
53.85
53.851
53.852
53.853
53.854
53.855
53.856
53.857
53.858
53.859
53.86
53.861
53.862
53.863
53.864
53.865
53.866
53.867
53.868
53.869
53.87
53.871
53.872
53.873
53.874
53.875
53.876
53.877
53.878
53.879
53.88
53.881
53.882
53.883
53.884
53.885
53.886
53.887
53.888
53.889
53.89
53.891
53.892
53.893
53.894
53.895
53.896
53.897
53.898
53.899
53.9
53.901
53.902
53.903
53.904
53.905
53.906
53.907
53.908
53.909
53.91
53.911
53.912
53.913
53.914
53.915
53.916
53.917
53.918
53.919
53.92
53.921
53.922
53.923
53.924
53.925
53.926
53.927
53.928
53.929
53.93
53.931
53.932
53.933
53.934
53.935
53.936
53.937
53.938
53.939
53.94
53.941
53.942
53.943
53.944
53.945
53.946
53.947
53.948
53.949
53.95
53.951
53.952
53.953
53.954
53.955
53.956
53.957
53.958
53.959
53.96
53.961
53.962
53.963
53.964
53.965
53.966
53.967
53.968
53.969
53.97
53.971
53.972
53.973
53.974
53.975
53.976
53.977
53.978
53.979
53.98
53.981
53.982
53.983
53.984
53.985
53.986
53.987
53.988
53.989
53.99
53.991
53.992
53.993
53.994
53.995
53.996
53.997
53.998
53.999
54
54.001
54.002
54.003
54.004
54.005
54.006
54.007
54.008
54.009
54.01
54.011
54.012
54.013
54.014
54.015
54.016
54.017
54.018
54.019
54.02
54.021
54.022
54.023
54.024
54.025
54.026
54.027
54.028
54.029
54.03
54.031
54.032
54.033
54.034
54.035
54.036
54.037
54.038
54.039
54.04
54.041
54.042
54.043
54.044
54.045
54.046
54.047
54.048
54.049
54.05
54.051
54.052
54.053
54.054
54.055
54.056
54.057
54.058
54.059
54.06
54.061
54.062
54.063
54.064
54.065
54.066
54.067
54.068
54.069
54.07
54.071
54.072
54.073
54.074
54.075
54.076
54.077
54.078
54.079
54.08
54.081
54.082
54.083
54.084
54.085
54.086
54.087
54.088
54.089
54.09
54.091
54.092
54.093
54.094
54.095
54.096
54.097
54.098
54.099
54.1
54.101
54.102
54.103
54.104
54.105
54.106
54.107
54.108
54.109
54.11
54.111
54.112
54.113
54.114
54.115
54.116
54.117
54.118
54.119
54.12
54.121
54.122
54.123
54.124
54.125
54.126
54.127
54.128
54.129
54.13
54.131
54.132
54.133
54.134
54.135
54.136
54.137
54.138
54.139
54.14
54.141
54.142
54.143
54.144
54.145
54.146
54.147
54.148
54.149
54.15
54.151
54.152
54.153
54.154
54.155
54.156
54.157
54.158
54.159
54.16
54.161
54.162
54.163
54.164
54.165
54.166
54.167
54.168
54.169
54.17
54.171
54.172
54.173
54.174
54.175
54.176
54.177
54.178
54.179
54.18
54.181
54.182
54.183
54.184
54.185
54.186
54.187
54.188
54.189
54.19
54.191
54.192
54.193
54.194
54.195
54.196
54.197
54.198
54.199
54.2
54.201
54.202
54.203
54.204
54.205
54.206
54.207
54.208
54.209
54.21
54.211
54.212
54.213
54.214
54.215
54.216
54.217
54.218
54.219
54.22
54.221
54.222
54.223
54.224
54.225
54.226
54.227
54.228
54.229
54.23
54.231
54.232
54.233
54.234
54.235
54.236
54.237
54.238
54.239
54.24
54.241
54.242
54.243
54.244
54.245
54.246
54.247
54.248
54.249
54.25
54.251
54.252
54.253
54.254
54.255
54.256
54.257
54.258
54.259
54.26
54.261
54.262
54.263
54.264
54.265
54.266
54.267
54.268
54.269
54.27
54.271
54.272
54.273
54.274
54.275
54.276
54.277
54.278
54.279
54.28
54.281
54.282
54.283
54.284
54.285
54.286
54.287
54.288
54.289
54.29
54.291
54.292
54.293
54.294
54.295
54.296
54.297
54.298
54.299
54.3
54.301
54.302
54.303
54.304
54.305
54.306
54.307
54.308
54.309
54.31
54.311
54.312
54.313
54.314
54.315
54.316
54.317
54.318
54.319
54.32
54.321
54.322
54.323
54.324
54.325
54.326
54.327
54.328
54.329
54.33
54.331
54.332
54.333
54.334
54.335
54.336
54.337
54.338
54.339
54.34
54.341
54.342
54.343
54.344
54.345
54.346
54.347
54.348
54.349
54.35
54.351
54.352
54.353
54.354
54.355
54.356
54.357
54.358
54.359
54.36
54.361
54.362
54.363
54.364
54.365
54.366
54.367
54.368
54.369
54.37
54.371
54.372
54.373
54.374
54.375
54.376
54.377
54.378
54.379
54.38
54.381
54.382
54.383
54.384
54.385
54.386
54.387
54.388
54.389
54.39
54.391
54.392
54.393
54.394
54.395
54.396
54.397
54.398
54.399
54.4
54.401
54.402
54.403
54.404
54.405
54.406
54.407
54.408
54.409
54.41
54.411
54.412
54.413
54.414
54.415
54.416
54.417
54.418
54.419
54.42
54.421
54.422
54.423
54.424
54.425
54.426
54.427
54.428
54.429
54.43
54.431
54.432
54.433
54.434
54.435
54.436
54.437
54.438
54.439
54.44
54.441
54.442
54.443
54.444
54.445
54.446
54.447
54.448
54.449
54.45
54.451
54.452
54.453
54.454
54.455
54.456
54.457
54.458
54.459
54.46
54.461
54.462
54.463
54.464
54.465
54.466
54.467
54.468
54.469
54.47
54.471
54.472
54.473
54.474
54.475
54.476
54.477
54.478
54.479
54.48
54.481
54.482
54.483
54.484
54.485
54.486
54.487
54.488
54.489
54.49
54.491
54.492
54.493
54.494
54.495
54.496
54.497
54.498
54.499
54.5
54.501
54.502
54.503
54.504
54.505
54.506
54.507
54.508
54.509
54.51
54.511
54.512
54.513
54.514
54.515
54.516
54.517
54.518
54.519
54.52
54.521
54.522
54.523
54.524
54.525
54.526
54.527
54.528
54.529
54.53
54.531
54.532
54.533
54.534
54.535
54.536
54.537
54.538
54.539
54.54
54.541
54.542
54.543
54.544
54.545
54.546
54.547
54.548
54.549
54.55
54.551
54.552
54.553
54.554
54.555
54.556
54.557
54.558
54.559
54.56
54.561
54.562
54.563
54.564
54.565
54.566
54.567
54.568
54.569
54.57
54.571
54.572
54.573
54.574
54.575
54.576
54.577
54.578
54.579
54.58
54.581
54.582
54.583
54.584
54.585
54.586
54.587
54.588
54.589
54.59
54.591
54.592
54.593
54.594
54.595
54.596
54.597
54.598
54.599
54.6
54.601
54.602
54.603
54.604
54.605
54.606
54.607
54.608
54.609
54.61
54.611
54.612
54.613
54.614
54.615
54.616
54.617
54.618
54.619
54.62
54.621
54.622
54.623
54.624
54.625
54.626
54.627
54.628
54.629
54.63
54.631
54.632
54.633
54.634
54.635
54.636
54.637
54.638
54.639
54.64
54.641
54.642
54.643
54.644
54.645
54.646
54.647
54.648
54.649
54.65
54.651
54.652
54.653
54.654
54.655
54.656
54.657
54.658
54.659
54.66
54.661
54.662
54.663
54.664
54.665
54.666
54.667
54.668
54.669
54.67
54.671
54.672
54.673
54.674
54.675
54.676
54.677
54.678
54.679
54.68
54.681
54.682
54.683
54.684
54.685
54.686
54.687
54.688
54.689
54.69
54.691
54.692
54.693
54.694
54.695
54.696
54.697
54.698
54.699
54.7
54.701
54.702
54.703
54.704
54.705
54.706
54.707
54.708
54.709
54.71
54.711
54.712
54.713
54.714
54.715
54.716
54.717
54.718
54.719
54.72
54.721
54.722
54.723
54.724
54.725
54.726
54.727
54.728
54.729
54.73
54.731
54.732
54.733
54.734
54.735
54.736
54.737
54.738
54.739
54.74
54.741
54.742
54.743
54.744
54.745
54.746
54.747
54.748
54.749
54.75
54.751
54.752
54.753
54.754
54.755
54.756
54.757
54.758
54.759
54.76
54.761
54.762
54.763
54.764
54.765
54.766
54.767
54.768
54.769
54.77
54.771
54.772
54.773
54.774
54.775
54.776
54.777
54.778
54.779
54.78
54.781
54.782
54.783
54.784
54.785
54.786
54.787
54.788
54.789
54.79
54.791
54.792
54.793
54.794
54.795
54.796
54.797
54.798
54.799
54.8
54.801
54.802
54.803
54.804
54.805
54.806
54.807
54.808
54.809
54.81
54.811
54.812
54.813
54.814
54.815
54.816
54.817
54.818
54.819
54.82
54.821
54.822
54.823
54.824
54.825
54.826
54.827
54.828
54.829
54.83
54.831
54.832
54.833
54.834
54.835
54.836
54.837
54.838
54.839
54.84
54.841
54.842
54.843
54.844
54.845
54.846
54.847
54.848
54.849
54.85
54.851
54.852
54.853
54.854
54.855
54.856
54.857
54.858
54.859
54.86
54.861
54.862
54.863
54.864
54.865
54.866
54.867
54.868
54.869
54.87
54.871
54.872
54.873
54.874
54.875
54.876
54.877
54.878
54.879
54.88
54.881
54.882
54.883
54.884
54.885
54.886
54.887
54.888
54.889
54.89
54.891
54.892
54.893
54.894
54.895
54.896
54.897
54.898
54.899
54.9
54.901
54.902
54.903
54.904
54.905
54.906
54.907
54.908
54.909
54.91
54.911
54.912
54.913
54.914
54.915
54.916
54.917
54.918
54.919
54.92
54.921
54.922
54.923
54.924
54.925
54.926
54.927
54.928
54.929
54.93
54.931
54.932
54.933
54.934
54.935
54.936
54.937
54.938
54.939
54.94
54.941
54.942
54.943
54.944
54.945
54.946
54.947
54.948
54.949
54.95
54.951
54.952
54.953
54.954
54.955
54.956
54.957
54.958
54.959
54.96
54.961
54.962
54.963
54.964
54.965
54.966
54.967
54.968
54.969
54.97
54.971
54.972
54.973
54.974
54.975
54.976
54.977
54.978
54.979
54.98
54.981
54.982
54.983
54.984
54.985
54.986
54.987
54.988
54.989
54.99
54.991
54.992
54.993
54.994
54.995
54.996
54.997
54.998
54.999
55
55.001
55.002
55.003
55.004
55.005
55.006
55.007
55.008
55.009
55.01
55.011
55.012
55.013
55.014
55.015
55.016
55.017
55.018
55.019
55.02
55.021
55.022
55.023
55.024
55.025
55.026
55.027
55.028
55.029
55.03
55.031
55.032
55.033
55.034
55.035
55.036
55.037
55.038
55.039
55.04
55.041
55.042
55.043
55.044
55.045
55.046
55.047
55.048
55.049
55.05
55.051
55.052
55.053
55.054
55.055
55.056
55.057
55.058
55.059
55.06
55.061
55.062
55.063
55.064
55.065
55.066
55.067
55.068
55.069
55.07
55.071
55.072
55.073
55.074
55.075
55.076
55.077
55.078
55.079
55.08
55.081
55.082
55.083
55.084
55.085
55.086
55.087
55.088
55.089
55.09
55.091
55.092
55.093
55.094
55.095
55.096
55.097
55.098
55.099
55.1
55.101
55.102
55.103
55.104
55.105
55.106
55.107
55.108
55.109
55.11
55.111
55.112
55.113
55.114
55.115
55.116
55.117
55.118
55.119
55.12
55.121
55.122
55.123
55.124
55.125
55.126
55.127
55.128
55.129
55.13
55.131
55.132
55.133
55.134
55.135
55.136
55.137
55.138
55.139
55.14
55.141
55.142
55.143
55.144
55.145
55.146
55.147
55.148
55.149
55.15
55.151
55.152
55.153
55.154
55.155
55.156
55.157
55.158
55.159
55.16
55.161
55.162
55.163
55.164
55.165
55.166
55.167
55.168
55.169
55.17
55.171
55.172
55.173
55.174
55.175
55.176
55.177
55.178
55.179
55.18
55.181
55.182
55.183
55.184
55.185
55.186
55.187
55.188
55.189
55.19
55.191
55.192
55.193
55.194
55.195
55.196
55.197
55.198
55.199
55.2
55.201
55.202
55.203
55.204
55.205
55.206
55.207
55.208
55.209
55.21
55.211
55.212
55.213
55.214
55.215
55.216
55.217
55.218
55.219
55.22
55.221
55.222
55.223
55.224
55.225
55.226
55.227
55.228
55.229
55.23
55.231
55.232
55.233
55.234
55.235
55.236
55.237
55.238
55.239
55.24
55.241
55.242
55.243
55.244
55.245
55.246
55.247
55.248
55.249
55.25
55.251
55.252
55.253
55.254
55.255
55.256
55.257
55.258
55.259
55.26
55.261
55.262
55.263
55.264
55.265
55.266
55.267
55.268
55.269
55.27
55.271
55.272
55.273
55.274
55.275
55.276
55.277
55.278
55.279
55.28
55.281
55.282
55.283
55.284
55.285
55.286
55.287
55.288
55.289
55.29
55.291
55.292
55.293
55.294
55.295
55.296
55.297
55.298
55.299
55.3
55.301
55.302
55.303
55.304
55.305
55.306
55.307
55.308
55.309
55.31
55.311
55.312
55.313
55.314
55.315
55.316
55.317
55.318
55.319
55.32
55.321
55.322
55.323
55.324
55.325
55.326
55.327
55.328
55.329
55.33
55.331
55.332
55.333
55.334
55.335
55.336
55.337
55.338
55.339
55.34
55.341
55.342
55.343
55.344
55.345
55.346
55.347
55.348
55.349
55.35
55.351
55.352
55.353
55.354
55.355
55.356
55.357
55.358
55.359
55.36
55.361
55.362
55.363
55.364
55.365
55.366
55.367
55.368
55.369
55.37
55.371
55.372
55.373
55.374
55.375
55.376
55.377
55.378
55.379
55.38
55.381
55.382
55.383
55.384
55.385
55.386
55.387
55.388
55.389
55.39
55.391
55.392
55.393
55.394
55.395
55.396
55.397
55.398
55.399
55.4
55.401
55.402
55.403
55.404
55.405
55.406
55.407
55.408
55.409
55.41
55.411
55.412
55.413
55.414
55.415
55.416
55.417
55.418
55.419
55.42
55.421
55.422
55.423
55.424
55.425
55.426
55.427
55.428
55.429
55.43
55.431
55.432
55.433
55.434
55.435
55.436
55.437
55.438
55.439
55.44
55.441
55.442
55.443
55.444
55.445
55.446
55.447
55.448
55.449
55.45
55.451
55.452
55.453
55.454
55.455
55.456
55.457
55.458
55.459
55.46
55.461
55.462
55.463
55.464
55.465
55.466
55.467
55.468
55.469
55.47
55.471
55.472
55.473
55.474
55.475
55.476
55.477
55.478
55.479
55.48
55.481
55.482
55.483
55.484
55.485
55.486
55.487
55.488
55.489
55.49
55.491
55.492
55.493
55.494
55.495
55.496
55.497
55.498
55.499
55.5
55.501
55.502
55.503
55.504
55.505
55.506
55.507
55.508
55.509
55.51
55.511
55.512
55.513
55.514
55.515
55.516
55.517
55.518
55.519
55.52
55.521
55.522
55.523
55.524
55.525
55.526
55.527
55.528
55.529
55.53
55.531
55.532
55.533
55.534
55.535
55.536
55.537
55.538
55.539
55.54
55.541
55.542
55.543
55.544
55.545
55.546
55.547
55.548
55.549
55.55
55.551
55.552
55.553
55.554
55.555
55.556
55.557
55.558
55.559
55.56
55.561
55.562
55.563
55.564
55.565
55.566
55.567
55.568
55.569
55.57
55.571
55.572
55.573
55.574
55.575
55.576
55.577
55.578
55.579
55.58
55.581
55.582
55.583
55.584
55.585
55.586
55.587
55.588
55.589
55.59
55.591
55.592
55.593
55.594
55.595
55.596
55.597
55.598
55.599
55.6
55.601
55.602
55.603
55.604
55.605
55.606
55.607
55.608
55.609
55.61
55.611
55.612
55.613
55.614
55.615
55.616
55.617
55.618
55.619
55.62
55.621
55.622
55.623
55.624
55.625
55.626
55.627
55.628
55.629
55.63
55.631
55.632
55.633
55.634
55.635
55.636
55.637
55.638
55.639
55.64
55.641
55.642
55.643
55.644
55.645
55.646
55.647
55.648
55.649
55.65
55.651
55.652
55.653
55.654
55.655
55.656
55.657
55.658
55.659
55.66
55.661
55.662
55.663
55.664
55.665
55.666
55.667
55.668
55.669
55.67
55.671
55.672
55.673
55.674
55.675
55.676
55.677
55.678
55.679
55.68
55.681
55.682
55.683
55.684
55.685
55.686
55.687
55.688
55.689
55.69
55.691
55.692
55.693
55.694
55.695
55.696
55.697
55.698
55.699
55.7
55.701
55.702
55.703
55.704
55.705
55.706
55.707
55.708
55.709
55.71
55.711
55.712
55.713
55.714
55.715
55.716
55.717
55.718
55.719
55.72
55.721
55.722
55.723
55.724
55.725
55.726
55.727
55.728
55.729
55.73
55.731
55.732
55.733
55.734
55.735
55.736
55.737
55.738
55.739
55.74
55.741
55.742
55.743
55.744
55.745
55.746
55.747
55.748
55.749
55.75
55.751
55.752
55.753
55.754
55.755
55.756
55.757
55.758
55.759
55.76
55.761
55.762
55.763
55.764
55.765
55.766
55.767
55.768
55.769
55.77
55.771
55.772
55.773
55.774
55.775
55.776
55.777
55.778
55.779
55.78
55.781
55.782
55.783
55.784
55.785
55.786
55.787
55.788
55.789
55.79
55.791
55.792
55.793
55.794
55.795
55.796
55.797
55.798
55.799
55.8
55.801
55.802
55.803
55.804
55.805
55.806
55.807
55.808
55.809
55.81
55.811
55.812
55.813
55.814
55.815
55.816
55.817
55.818
55.819
55.82
55.821
55.822
55.823
55.824
55.825
55.826
55.827
55.828
55.829
55.83
55.831
55.832
55.833
55.834
55.835
55.836
55.837
55.838
55.839
55.84
55.841
55.842
55.843
55.844
55.845
55.846
55.847
55.848
55.849
55.85
55.851
55.852
55.853
55.854
55.855
55.856
55.857
55.858
55.859
55.86
55.861
55.862
55.863
55.864
55.865
55.866
55.867
55.868
55.869
55.87
55.871
55.872
55.873
55.874
55.875
55.876
55.877
55.878
55.879
55.88
55.881
55.882
55.883
55.884
55.885
55.886
55.887
55.888
55.889
55.89
55.891
55.892
55.893
55.894
55.895
55.896
55.897
55.898
55.899
55.9
55.901
55.902
55.903
55.904
55.905
55.906
55.907
55.908
55.909
55.91
55.911
55.912
55.913
55.914
55.915
55.916
55.917
55.918
55.919
55.92
55.921
55.922
55.923
55.924
55.925
55.926
55.927
55.928
55.929
55.93
55.931
55.932
55.933
55.934
55.935
55.936
55.937
55.938
55.939
55.94
55.941
55.942
55.943
55.944
55.945
55.946
55.947
55.948
55.949
55.95
55.951
55.952
55.953
55.954
55.955
55.956
55.957
55.958
55.959
55.96
55.961
55.962
55.963
55.964
55.965
55.966
55.967
55.968
55.969
55.97
55.971
55.972
55.973
55.974
55.975
55.976
55.977
55.978
55.979
55.98
55.981
55.982
55.983
55.984
55.985
55.986
55.987
55.988
55.989
55.99
55.991
55.992
55.993
55.994
55.995
55.996
55.997
55.998
55.999
56
56.001
56.002
56.003
56.004
56.005
56.006
56.007
56.008
56.009
56.01
56.011
56.012
56.013
56.014
56.015
56.016
56.017
56.018
56.019
56.02
56.021
56.022
56.023
56.024
56.025
56.026
56.027
56.028
56.029
56.03
56.031
56.032
56.033
56.034
56.035
56.036
56.037
56.038
56.039
56.04
56.041
56.042
56.043
56.044
56.045
56.046
56.047
56.048
56.049
56.05
56.051
56.052
56.053
56.054
56.055
56.056
56.057
56.058
56.059
56.06
56.061
56.062
56.063
56.064
56.065
56.066
56.067
56.068
56.069
56.07
56.071
56.072
56.073
56.074
56.075
56.076
56.077
56.078
56.079
56.08
56.081
56.082
56.083
56.084
56.085
56.086
56.087
56.088
56.089
56.09
56.091
56.092
56.093
56.094
56.095
56.096
56.097
56.098
56.099
56.1
56.101
56.102
56.103
56.104
56.105
56.106
56.107
56.108
56.109
56.11
56.111
56.112
56.113
56.114
56.115
56.116
56.117
56.118
56.119
56.12
56.121
56.122
56.123
56.124
56.125
56.126
56.127
56.128
56.129
56.13
56.131
56.132
56.133
56.134
56.135
56.136
56.137
56.138
56.139
56.14
56.141
56.142
56.143
56.144
56.145
56.146
56.147
56.148
56.149
56.15
56.151
56.152
56.153
56.154
56.155
56.156
56.157
56.158
56.159
56.16
56.161
56.162
56.163
56.164
56.165
56.166
56.167
56.168
56.169
56.17
56.171
56.172
56.173
56.174
56.175
56.176
56.177
56.178
56.179
56.18
56.181
56.182
56.183
56.184
56.185
56.186
56.187
56.188
56.189
56.19
56.191
56.192
56.193
56.194
56.195
56.196
56.197
56.198
56.199
56.2
56.201
56.202
56.203
56.204
56.205
56.206
56.207
56.208
56.209
56.21
56.211
56.212
56.213
56.214
56.215
56.216
56.217
56.218
56.219
56.22
56.221
56.222
56.223
56.224
56.225
56.226
56.227
56.228
56.229
56.23
56.231
56.232
56.233
56.234
56.235
56.236
56.237
56.238
56.239
56.24
56.241
56.242
56.243
56.244
56.245
56.246
56.247
56.248
56.249
56.25
56.251
56.252
56.253
56.254
56.255
56.256
56.257
56.258
56.259
56.26
56.261
56.262
56.263
56.264
56.265
56.266
56.267
56.268
56.269
56.27
56.271
56.272
56.273
56.274
56.275
56.276
56.277
56.278
56.279
56.28
56.281
56.282
56.283
56.284
56.285
56.286
56.287
56.288
56.289
56.29
56.291
56.292
56.293
56.294
56.295
56.296
56.297
56.298
56.299
56.3
56.301
56.302
56.303
56.304
56.305
56.306
56.307
56.308
56.309
56.31
56.311
56.312
56.313
56.314
56.315
56.316
56.317
56.318
56.319
56.32
56.321
56.322
56.323
56.324
56.325
56.326
56.327
56.328
56.329
56.33
56.331
56.332
56.333
56.334
56.335
56.336
56.337
56.338
56.339
56.34
56.341
56.342
56.343
56.344
56.345
56.346
56.347
56.348
56.349
56.35
56.351
56.352
56.353
56.354
56.355
56.356
56.357
56.358
56.359
56.36
56.361
56.362
56.363
56.364
56.365
56.366
56.367
56.368
56.369
56.37
56.371
56.372
56.373
56.374
56.375
56.376
56.377
56.378
56.379
56.38
56.381
56.382
56.383
56.384
56.385
56.386
56.387
56.388
56.389
56.39
56.391
56.392
56.393
56.394
56.395
56.396
56.397
56.398
56.399
56.4
56.401
56.402
56.403
56.404
56.405
56.406
56.407
56.408
56.409
56.41
56.411
56.412
56.413
56.414
56.415
56.416
56.417
56.418
56.419
56.42
56.421
56.422
56.423
56.424
56.425
56.426
56.427
56.428
56.429
56.43
56.431
56.432
56.433
56.434
56.435
56.436
56.437
56.438
56.439
56.44
56.441
56.442
56.443
56.444
56.445
56.446
56.447
56.448
56.449
56.45
56.451
56.452
56.453
56.454
56.455
56.456
56.457
56.458
56.459
56.46
56.461
56.462
56.463
56.464
56.465
56.466
56.467
56.468
56.469
56.47
56.471
56.472
56.473
56.474
56.475
56.476
56.477
56.478
56.479
56.48
56.481
56.482
56.483
56.484
56.485
56.486
56.487
56.488
56.489
56.49
56.491
56.492
56.493
56.494
56.495
56.496
56.497
56.498
56.499
56.5
56.501
56.502
56.503
56.504
56.505
56.506
56.507
56.508
56.509
56.51
56.511
56.512
56.513
56.514
56.515
56.516
56.517
56.518
56.519
56.52
56.521
56.522
56.523
56.524
56.525
56.526
56.527
56.528
56.529
56.53
56.531
56.532
56.533
56.534
56.535
56.536
56.537
56.538
56.539
56.54
56.541
56.542
56.543
56.544
56.545
56.546
56.547
56.548
56.549
56.55
56.551
56.552
56.553
56.554
56.555
56.556
56.557
56.558
56.559
56.56
56.561
56.562
56.563
56.564
56.565
56.566
56.567
56.568
56.569
56.57
56.571
56.572
56.573
56.574
56.575
56.576
56.577
56.578
56.579
56.58
56.581
56.582
56.583
56.584
56.585
56.586
56.587
56.588
56.589
56.59
56.591
56.592
56.593
56.594
56.595
56.596
56.597
56.598
56.599
56.6
56.601
56.602
56.603
56.604
56.605
56.606
56.607
56.608
56.609
56.61
56.611
56.612
56.613
56.614
56.615
56.616
56.617
56.618
56.619
56.62
56.621
56.622
56.623
56.624
56.625
56.626
56.627
56.628
56.629
56.63
56.631
56.632
56.633
56.634
56.635
56.636
56.637
56.638
56.639
56.64
56.641
56.642
56.643
56.644
56.645
56.646
56.647
56.648
56.649
56.65
56.651
56.652
56.653
56.654
56.655
56.656
56.657
56.658
56.659
56.66
56.661
56.662
56.663
56.664
56.665
56.666
56.667
56.668
56.669
56.67
56.671
56.672
56.673
56.674
56.675
56.676
56.677
56.678
56.679
56.68
56.681
56.682
56.683
56.684
56.685
56.686
56.687
56.688
56.689
56.69
56.691
56.692
56.693
56.694
56.695
56.696
56.697
56.698
56.699
56.7
56.701
56.702
56.703
56.704
56.705
56.706
56.707
56.708
56.709
56.71
56.711
56.712
56.713
56.714
56.715
56.716
56.717
56.718
56.719
56.72
56.721
56.722
56.723
56.724
56.725
56.726
56.727
56.728
56.729
56.73
56.731
56.732
56.733
56.734
56.735
56.736
56.737
56.738
56.739
56.74
56.741
56.742
56.743
56.744
56.745
56.746
56.747
56.748
56.749
56.75
56.751
56.752
56.753
56.754
56.755
56.756
56.757
56.758
56.759
56.76
56.761
56.762
56.763
56.764
56.765
56.766
56.767
56.768
56.769
56.77
56.771
56.772
56.773
56.774
56.775
56.776
56.777
56.778
56.779
56.78
56.781
56.782
56.783
56.784
56.785
56.786
56.787
56.788
56.789
56.79
56.791
56.792
56.793
56.794
56.795
56.796
56.797
56.798
56.799
56.8
56.801
56.802
56.803
56.804
56.805
56.806
56.807
56.808
56.809
56.81
56.811
56.812
56.813
56.814
56.815
56.816
56.817
56.818
56.819
56.82
56.821
56.822
56.823
56.824
56.825
56.826
56.827
56.828
56.829
56.83
56.831
56.832
56.833
56.834
56.835
56.836
56.837
56.838
56.839
56.84
56.841
56.842
56.843
56.844
56.845
56.846
56.847
56.848
56.849
56.85
56.851
56.852
56.853
56.854
56.855
56.856
56.857
56.858
56.859
56.86
56.861
56.862
56.863
56.864
56.865
56.866
56.867
56.868
56.869
56.87
56.871
56.872
56.873
56.874
56.875
56.876
56.877
56.878
56.879
56.88
56.881
56.882
56.883
56.884
56.885
56.886
56.887
56.888
56.889
56.89
56.891
56.892
56.893
56.894
56.895
56.896
56.897
56.898
56.899
56.9
56.901
56.902
56.903
56.904
56.905
56.906
56.907
56.908
56.909
56.91
56.911
56.912
56.913
56.914
56.915
56.916
56.917
56.918
56.919
56.92
56.921
56.922
56.923
56.924
56.925
56.926
56.927
56.928
56.929
56.93
56.931
56.932
56.933
56.934
56.935
56.936
56.937
56.938
56.939
56.94
56.941
56.942
56.943
56.944
56.945
56.946
56.947
56.948
56.949
56.95
56.951
56.952
56.953
56.954
56.955
56.956
56.957
56.958
56.959
56.96
56.961
56.962
56.963
56.964
56.965
56.966
56.967
56.968
56.969
56.97
56.971
56.972
56.973
56.974
56.975
56.976
56.977
56.978
56.979
56.98
56.981
56.982
56.983
56.984
56.985
56.986
56.987
56.988
56.989
56.99
56.991
56.992
56.993
56.994
56.995
56.996
56.997
56.998
56.999
57
57.001
57.002
57.003
57.004
57.005
57.006
57.007
57.008
57.009
57.01
57.011
57.012
57.013
57.014
57.015
57.016
57.017
57.018
57.019
57.02
57.021
57.022
57.023
57.024
57.025
57.026
57.027
57.028
57.029
57.03
57.031
57.032
57.033
57.034
57.035
57.036
57.037
57.038
57.039
57.04
57.041
57.042
57.043
57.044
57.045
57.046
57.047
57.048
57.049
57.05
57.051
57.052
57.053
57.054
57.055
57.056
57.057
57.058
57.059
57.06
57.061
57.062
57.063
57.064
57.065
57.066
57.067
57.068
57.069
57.07
57.071
57.072
57.073
57.074
57.075
57.076
57.077
57.078
57.079
57.08
57.081
57.082
57.083
57.084
57.085
57.086
57.087
57.088
57.089
57.09
57.091
57.092
57.093
57.094
57.095
57.096
57.097
57.098
57.099
57.1
57.101
57.102
57.103
57.104
57.105
57.106
57.107
57.108
57.109
57.11
57.111
57.112
57.113
57.114
57.115
57.116
57.117
57.118
57.119
57.12
57.121
57.122
57.123
57.124
57.125
57.126
57.127
57.128
57.129
57.13
57.131
57.132
57.133
57.134
57.135
57.136
57.137
57.138
57.139
57.14
57.141
57.142
57.143
57.144
57.145
57.146
57.147
57.148
57.149
57.15
57.151
57.152
57.153
57.154
57.155
57.156
57.157
57.158
57.159
57.16
57.161
57.162
57.163
57.164
57.165
57.166
57.167
57.168
57.169
57.17
57.171
57.172
57.173
57.174
57.175
57.176
57.177
57.178
57.179
57.18
57.181
57.182
57.183
57.184
57.185
57.186
57.187
57.188
57.189
57.19
57.191
57.192
57.193
57.194
57.195
57.196
57.197
57.198
57.199
57.2
57.201
57.202
57.203
57.204
57.205
57.206
57.207
57.208
57.209
57.21
57.211
57.212
57.213
57.214
57.215
57.216
57.217
57.218
57.219
57.22
57.221
57.222
57.223
57.224
57.225
57.226
57.227
57.228
57.229
57.23
57.231
57.232
57.233
57.234
57.235
57.236
57.237
57.238
57.239
57.24
57.241
57.242
57.243
57.244
57.245
57.246
57.247
57.248
57.249
57.25
57.251
57.252
57.253
57.254
57.255
57.256
57.257
57.258
57.259
57.26
57.261
57.262
57.263
57.264
57.265
57.266
57.267
57.268
57.269
57.27
57.271
57.272
57.273
57.274
57.275
57.276
57.277
57.278
57.279
57.28
57.281
57.282
57.283
57.284
57.285
57.286
57.287
57.288
57.289
57.29
57.291
57.292
57.293
57.294
57.295
57.296
57.297
57.298
57.299
57.3
57.301
57.302
57.303
57.304
57.305
57.306
57.307
57.308
57.309
57.31
57.311
57.312
57.313
57.314
57.315
57.316
57.317
57.318
57.319
57.32
57.321
57.322
57.323
57.324
57.325
57.326
57.327
57.328
57.329
57.33
57.331
57.332
57.333
57.334
57.335
57.336
57.337
57.338
57.339
57.34
57.341
57.342
57.343
57.344
57.345
57.346
57.347
57.348
57.349
57.35
57.351
57.352
57.353
57.354
57.355
57.356
57.357
57.358
57.359
57.36
57.361
57.362
57.363
57.364
57.365
57.366
57.367
57.368
57.369
57.37
57.371
57.372
57.373
57.374
57.375
57.376
57.377
57.378
57.379
57.38
57.381
57.382
57.383
57.384
57.385
57.386
57.387
57.388
57.389
57.39
57.391
57.392
57.393
57.394
57.395
57.396
57.397
57.398
57.399
57.4
57.401
57.402
57.403
57.404
57.405
57.406
57.407
57.408
57.409
57.41
57.411
57.412
57.413
57.414
57.415
57.416
57.417
57.418
57.419
57.42
57.421
57.422
57.423
57.424
57.425
57.426
57.427
57.428
57.429
57.43
57.431
57.432
57.433
57.434
57.435
57.436
57.437
57.438
57.439
57.44
57.441
57.442
57.443
57.444
57.445
57.446
57.447
57.448
57.449
57.45
57.451
57.452
57.453
57.454
57.455
57.456
57.457
57.458
57.459
57.46
57.461
57.462
57.463
57.464
57.465
57.466
57.467
57.468
57.469
57.47
57.471
57.472
57.473
57.474
57.475
57.476
57.477
57.478
57.479
57.48
57.481
57.482
57.483
57.484
57.485
57.486
57.487
57.488
57.489
57.49
57.491
57.492
57.493
57.494
57.495
57.496
57.497
57.498
57.499
57.5
57.501
57.502
57.503
57.504
57.505
57.506
57.507
57.508
57.509
57.51
57.511
57.512
57.513
57.514
57.515
57.516
57.517
57.518
57.519
57.52
57.521
57.522
57.523
57.524
57.525
57.526
57.527
57.528
57.529
57.53
57.531
57.532
57.533
57.534
57.535
57.536
57.537
57.538
57.539
57.54
57.541
57.542
57.543
57.544
57.545
57.546
57.547
57.548
57.549
57.55
57.551
57.552
57.553
57.554
57.555
57.556
57.557
57.558
57.559
57.56
57.561
57.562
57.563
57.564
57.565
57.566
57.567
57.568
57.569
57.57
57.571
57.572
57.573
57.574
57.575
57.576
57.577
57.578
57.579
57.58
57.581
57.582
57.583
57.584
57.585
57.586
57.587
57.588
57.589
57.59
57.591
57.592
57.593
57.594
57.595
57.596
57.597
57.598
57.599
57.6
57.601
57.602
57.603
57.604
57.605
57.606
57.607
57.608
57.609
57.61
57.611
57.612
57.613
57.614
57.615
57.616
57.617
57.618
57.619
57.62
57.621
57.622
57.623
57.624
57.625
57.626
57.627
57.628
57.629
57.63
57.631
57.632
57.633
57.634
57.635
57.636
57.637
57.638
57.639
57.64
57.641
57.642
57.643
57.644
57.645
57.646
57.647
57.648
57.649
57.65
57.651
57.652
57.653
57.654
57.655
57.656
57.657
57.658
57.659
57.66
57.661
57.662
57.663
57.664
57.665
57.666
57.667
57.668
57.669
57.67
57.671
57.672
57.673
57.674
57.675
57.676
57.677
57.678
57.679
57.68
57.681
57.682
57.683
57.684
57.685
57.686
57.687
57.688
57.689
57.69
57.691
57.692
57.693
57.694
57.695
57.696
57.697
57.698
57.699
57.7
57.701
57.702
57.703
57.704
57.705
57.706
57.707
57.708
57.709
57.71
57.711
57.712
57.713
57.714
57.715
57.716
57.717
57.718
57.719
57.72
57.721
57.722
57.723
57.724
57.725
57.726
57.727
57.728
57.729
57.73
57.731
57.732
57.733
57.734
57.735
57.736
57.737
57.738
57.739
57.74
57.741
57.742
57.743
57.744
57.745
57.746
57.747
57.748
57.749
57.75
57.751
57.752
57.753
57.754
57.755
57.756
57.757
57.758
57.759
57.76
57.761
57.762
57.763
57.764
57.765
57.766
57.767
57.768
57.769
57.77
57.771
57.772
57.773
57.774
57.775
57.776
57.777
57.778
57.779
57.78
57.781
57.782
57.783
57.784
57.785
57.786
57.787
57.788
57.789
57.79
57.791
57.792
57.793
57.794
57.795
57.796
57.797
57.798
57.799
57.8
57.801
57.802
57.803
57.804
57.805
57.806
57.807
57.808
57.809
57.81
57.811
57.812
57.813
57.814
57.815
57.816
57.817
57.818
57.819
57.82
57.821
57.822
57.823
57.824
57.825
57.826
57.827
57.828
57.829
57.83
57.831
57.832
57.833
57.834
57.835
57.836
57.837
57.838
57.839
57.84
57.841
57.842
57.843
57.844
57.845
57.846
57.847
57.848
57.849
57.85
57.851
57.852
57.853
57.854
57.855
57.856
57.857
57.858
57.859
57.86
57.861
57.862
57.863
57.864
57.865
57.866
57.867
57.868
57.869
57.87
57.871
57.872
57.873
57.874
57.875
57.876
57.877
57.878
57.879
57.88
57.881
57.882
57.883
57.884
57.885
57.886
57.887
57.888
57.889
57.89
57.891
57.892
57.893
57.894
57.895
57.896
57.897
57.898
57.899
57.9
57.901
57.902
57.903
57.904
57.905
57.906
57.907
57.908
57.909
57.91
57.911
57.912
57.913
57.914
57.915
57.916
57.917
57.918
57.919
57.92
57.921
57.922
57.923
57.924
57.925
57.926
57.927
57.928
57.929
57.93
57.931
57.932
57.933
57.934
57.935
57.936
57.937
57.938
57.939
57.94
57.941
57.942
57.943
57.944
57.945
57.946
57.947
57.948
57.949
57.95
57.951
57.952
57.953
57.954
57.955
57.956
57.957
57.958
57.959
57.96
57.961
57.962
57.963
57.964
57.965
57.966
57.967
57.968
57.969
57.97
57.971
57.972
57.973
57.974
57.975
57.976
57.977
57.978
57.979
57.98
57.981
57.982
57.983
57.984
57.985
57.986
57.987
57.988
57.989
57.99
57.991
57.992
57.993
57.994
57.995
57.996
57.997
57.998
57.999
58
58.001
58.002
58.003
58.004
58.005
58.006
58.007
58.008
58.009
58.01
58.011
58.012
58.013
58.014
58.015
58.016
58.017
58.018
58.019
58.02
58.021
58.022
58.023
58.024
58.025
58.026
58.027
58.028
58.029
58.03
58.031
58.032
58.033
58.034
58.035
58.036
58.037
58.038
58.039
58.04
58.041
58.042
58.043
58.044
58.045
58.046
58.047
58.048
58.049
58.05
58.051
58.052
58.053
58.054
58.055
58.056
58.057
58.058
58.059
58.06
58.061
58.062
58.063
58.064
58.065
58.066
58.067
58.068
58.069
58.07
58.071
58.072
58.073
58.074
58.075
58.076
58.077
58.078
58.079
58.08
58.081
58.082
58.083
58.084
58.085
58.086
58.087
58.088
58.089
58.09
58.091
58.092
58.093
58.094
58.095
58.096
58.097
58.098
58.099
58.1
58.101
58.102
58.103
58.104
58.105
58.106
58.107
58.108
58.109
58.11
58.111
58.112
58.113
58.114
58.115
58.116
58.117
58.118
58.119
58.12
58.121
58.122
58.123
58.124
58.125
58.126
58.127
58.128
58.129
58.13
58.131
58.132
58.133
58.134
58.135
58.136
58.137
58.138
58.139
58.14
58.141
58.142
58.143
58.144
58.145
58.146
58.147
58.148
58.149
58.15
58.151
58.152
58.153
58.154
58.155
58.156
58.157
58.158
58.159
58.16
58.161
58.162
58.163
58.164
58.165
58.166
58.167
58.168
58.169
58.17
58.171
58.172
58.173
58.174
58.175
58.176
58.177
58.178
58.179
58.18
58.181
58.182
58.183
58.184
58.185
58.186
58.187
58.188
58.189
58.19
58.191
58.192
58.193
58.194
58.195
58.196
58.197
58.198
58.199
58.2
58.201
58.202
58.203
58.204
58.205
58.206
58.207
58.208
58.209
58.21
58.211
58.212
58.213
58.214
58.215
58.216
58.217
58.218
58.219
58.22
58.221
58.222
58.223
58.224
58.225
58.226
58.227
58.228
58.229
58.23
58.231
58.232
58.233
58.234
58.235
58.236
58.237
58.238
58.239
58.24
58.241
58.242
58.243
58.244
58.245
58.246
58.247
58.248
58.249
58.25
58.251
58.252
58.253
58.254
58.255
58.256
58.257
58.258
58.259
58.26
58.261
58.262
58.263
58.264
58.265
58.266
58.267
58.268
58.269
58.27
58.271
58.272
58.273
58.274
58.275
58.276
58.277
58.278
58.279
58.28
58.281
58.282
58.283
58.284
58.285
58.286
58.287
58.288
58.289
58.29
58.291
58.292
58.293
58.294
58.295
58.296
58.297
58.298
58.299
58.3
58.301
58.302
58.303
58.304
58.305
58.306
58.307
58.308
58.309
58.31
58.311
58.312
58.313
58.314
58.315
58.316
58.317
58.318
58.319
58.32
58.321
58.322
58.323
58.324
58.325
58.326
58.327
58.328
58.329
58.33
58.331
58.332
58.333
58.334
58.335
58.336
58.337
58.338
58.339
58.34
58.341
58.342
58.343
58.344
58.345
58.346
58.347
58.348
58.349
58.35
58.351
58.352
58.353
58.354
58.355
58.356
58.357
58.358
58.359
58.36
58.361
58.362
58.363
58.364
58.365
58.366
58.367
58.368
58.369
58.37
58.371
58.372
58.373
58.374
58.375
58.376
58.377
58.378
58.379
58.38
58.381
58.382
58.383
58.384
58.385
58.386
58.387
58.388
58.389
58.39
58.391
58.392
58.393
58.394
58.395
58.396
58.397
58.398
58.399
58.4
58.401
58.402
58.403
58.404
58.405
58.406
58.407
58.408
58.409
58.41
58.411
58.412
58.413
58.414
58.415
58.416
58.417
58.418
58.419
58.42
58.421
58.422
58.423
58.424
58.425
58.426
58.427
58.428
58.429
58.43
58.431
58.432
58.433
58.434
58.435
58.436
58.437
58.438
58.439
58.44
58.441
58.442
58.443
58.444
58.445
58.446
58.447
58.448
58.449
58.45
58.451
58.452
58.453
58.454
58.455
58.456
58.457
58.458
58.459
58.46
58.461
58.462
58.463
58.464
58.465
58.466
58.467
58.468
58.469
58.47
58.471
58.472
58.473
58.474
58.475
58.476
58.477
58.478
58.479
58.48
58.481
58.482
58.483
58.484
58.485
58.486
58.487
58.488
58.489
58.49
58.491
58.492
58.493
58.494
58.495
58.496
58.497
58.498
58.499
58.5
58.501
58.502
58.503
58.504
58.505
58.506
58.507
58.508
58.509
58.51
58.511
58.512
58.513
58.514
58.515
58.516
58.517
58.518
58.519
58.52
58.521
58.522
58.523
58.524
58.525
58.526
58.527
58.528
58.529
58.53
58.531
58.532
58.533
58.534
58.535
58.536
58.537
58.538
58.539
58.54
58.541
58.542
58.543
58.544
58.545
58.546
58.547
58.548
58.549
58.55
58.551
58.552
58.553
58.554
58.555
58.556
58.557
58.558
58.559
58.56
58.561
58.562
58.563
58.564
58.565
58.566
58.567
58.568
58.569
58.57
58.571
58.572
58.573
58.574
58.575
58.576
58.577
58.578
58.579
58.58
58.581
58.582
58.583
58.584
58.585
58.586
58.587
58.588
58.589
58.59
58.591
58.592
58.593
58.594
58.595
58.596
58.597
58.598
58.599
58.6
58.601
58.602
58.603
58.604
58.605
58.606
58.607
58.608
58.609
58.61
58.611
58.612
58.613
58.614
58.615
58.616
58.617
58.618
58.619
58.62
58.621
58.622
58.623
58.624
58.625
58.626
58.627
58.628
58.629
58.63
58.631
58.632
58.633
58.634
58.635
58.636
58.637
58.638
58.639
58.64
58.641
58.642
58.643
58.644
58.645
58.646
58.647
58.648
58.649
58.65
58.651
58.652
58.653
58.654
58.655
58.656
58.657
58.658
58.659
58.66
58.661
58.662
58.663
58.664
58.665
58.666
58.667
58.668
58.669
58.67
58.671
58.672
58.673
58.674
58.675
58.676
58.677
58.678
58.679
58.68
58.681
58.682
58.683
58.684
58.685
58.686
58.687
58.688
58.689
58.69
58.691
58.692
58.693
58.694
58.695
58.696
58.697
58.698
58.699
58.7
58.701
58.702
58.703
58.704
58.705
58.706
58.707
58.708
58.709
58.71
58.711
58.712
58.713
58.714
58.715
58.716
58.717
58.718
58.719
58.72
58.721
58.722
58.723
58.724
58.725
58.726
58.727
58.728
58.729
58.73
58.731
58.732
58.733
58.734
58.735
58.736
58.737
58.738
58.739
58.74
58.741
58.742
58.743
58.744
58.745
58.746
58.747
58.748
58.749
58.75
58.751
58.752
58.753
58.754
58.755
58.756
58.757
58.758
58.759
58.76
58.761
58.762
58.763
58.764
58.765
58.766
58.767
58.768
58.769
58.77
58.771
58.772
58.773
58.774
58.775
58.776
58.777
58.778
58.779
58.78
58.781
58.782
58.783
58.784
58.785
58.786
58.787
58.788
58.789
58.79
58.791
58.792
58.793
58.794
58.795
58.796
58.797
58.798
58.799
58.8
58.801
58.802
58.803
58.804
58.805
58.806
58.807
58.808
58.809
58.81
58.811
58.812
58.813
58.814
58.815
58.816
58.817
58.818
58.819
58.82
58.821
58.822
58.823
58.824
58.825
58.826
58.827
58.828
58.829
58.83
58.831
58.832
58.833
58.834
58.835
58.836
58.837
58.838
58.839
58.84
58.841
58.842
58.843
58.844
58.845
58.846
58.847
58.848
58.849
58.85
58.851
58.852
58.853
58.854
58.855
58.856
58.857
58.858
58.859
58.86
58.861
58.862
58.863
58.864
58.865
58.866
58.867
58.868
58.869
58.87
58.871
58.872
58.873
58.874
58.875
58.876
58.877
58.878
58.879
58.88
58.881
58.882
58.883
58.884
58.885
58.886
58.887
58.888
58.889
58.89
58.891
58.892
58.893
58.894
58.895
58.896
58.897
58.898
58.899
58.9
58.901
58.902
58.903
58.904
58.905
58.906
58.907
58.908
58.909
58.91
58.911
58.912
58.913
58.914
58.915
58.916
58.917
58.918
58.919
58.92
58.921
58.922
58.923
58.924
58.925
58.926
58.927
58.928
58.929
58.93
58.931
58.932
58.933
58.934
58.935
58.936
58.937
58.938
58.939
58.94
58.941
58.942
58.943
58.944
58.945
58.946
58.947
58.948
58.949
58.95
58.951
58.952
58.953
58.954
58.955
58.956
58.957
58.958
58.959
58.96
58.961
58.962
58.963
58.964
58.965
58.966
58.967
58.968
58.969
58.97
58.971
58.972
58.973
58.974
58.975
58.976
58.977
58.978
58.979
58.98
58.981
58.982
58.983
58.984
58.985
58.986
58.987
58.988
58.989
58.99
58.991
58.992
58.993
58.994
58.995
58.996
58.997
58.998
58.999
59
59.001
59.002
59.003
59.004
59.005
59.006
59.007
59.008
59.009
59.01
59.011
59.012
59.013
59.014
59.015
59.016
59.017
59.018
59.019
59.02
59.021
59.022
59.023
59.024
59.025
59.026
59.027
59.028
59.029
59.03
59.031
59.032
59.033
59.034
59.035
59.036
59.037
59.038
59.039
59.04
59.041
59.042
59.043
59.044
59.045
59.046
59.047
59.048
59.049
59.05
59.051
59.052
59.053
59.054
59.055
59.056
59.057
59.058
59.059
59.06
59.061
59.062
59.063
59.064
59.065
59.066
59.067
59.068
59.069
59.07
59.071
59.072
59.073
59.074
59.075
59.076
59.077
59.078
59.079
59.08
59.081
59.082
59.083
59.084
59.085
59.086
59.087
59.088
59.089
59.09
59.091
59.092
59.093
59.094
59.095
59.096
59.097
59.098
59.099
59.1
59.101
59.102
59.103
59.104
59.105
59.106
59.107
59.108
59.109
59.11
59.111
59.112
59.113
59.114
59.115
59.116
59.117
59.118
59.119
59.12
59.121
59.122
59.123
59.124
59.125
59.126
59.127
59.128
59.129
59.13
59.131
59.132
59.133
59.134
59.135
59.136
59.137
59.138
59.139
59.14
59.141
59.142
59.143
59.144
59.145
59.146
59.147
59.148
59.149
59.15
59.151
59.152
59.153
59.154
59.155
59.156
59.157
59.158
59.159
59.16
59.161
59.162
59.163
59.164
59.165
59.166
59.167
59.168
59.169
59.17
59.171
59.172
59.173
59.174
59.175
59.176
59.177
59.178
59.179
59.18
59.181
59.182
59.183
59.184
59.185
59.186
59.187
59.188
59.189
59.19
59.191
59.192
59.193
59.194
59.195
59.196
59.197
59.198
59.199
59.2
59.201
59.202
59.203
59.204
59.205
59.206
59.207
59.208
59.209
59.21
59.211
59.212
59.213
59.214
59.215
59.216
59.217
59.218
59.219
59.22
59.221
59.222
59.223
59.224
59.225
59.226
59.227
59.228
59.229
59.23
59.231
59.232
59.233
59.234
59.235
59.236
59.237
59.238
59.239
59.24
59.241
59.242
59.243
59.244
59.245
59.246
59.247
59.248
59.249
59.25
59.251
59.252
59.253
59.254
59.255
59.256
59.257
59.258
59.259
59.26
59.261
59.262
59.263
59.264
59.265
59.266
59.267
59.268
59.269
59.27
59.271
59.272
59.273
59.274
59.275
59.276
59.277
59.278
59.279
59.28
59.281
59.282
59.283
59.284
59.285
59.286
59.287
59.288
59.289
59.29
59.291
59.292
59.293
59.294
59.295
59.296
59.297
59.298
59.299
59.3
59.301
59.302
59.303
59.304
59.305
59.306
59.307
59.308
59.309
59.31
59.311
59.312
59.313
59.314
59.315
59.316
59.317
59.318
59.319
59.32
59.321
59.322
59.323
59.324
59.325
59.326
59.327
59.328
59.329
59.33
59.331
59.332
59.333
59.334
59.335
59.336
59.337
59.338
59.339
59.34
59.341
59.342
59.343
59.344
59.345
59.346
59.347
59.348
59.349
59.35
59.351
59.352
59.353
59.354
59.355
59.356
59.357
59.358
59.359
59.36
59.361
59.362
59.363
59.364
59.365
59.366
59.367
59.368
59.369
59.37
59.371
59.372
59.373
59.374
59.375
59.376
59.377
59.378
59.379
59.38
59.381
59.382
59.383
59.384
59.385
59.386
59.387
59.388
59.389
59.39
59.391
59.392
59.393
59.394
59.395
59.396
59.397
59.398
59.399
59.4
59.401
59.402
59.403
59.404
59.405
59.406
59.407
59.408
59.409
59.41
59.411
59.412
59.413
59.414
59.415
59.416
59.417
59.418
59.419
59.42
59.421
59.422
59.423
59.424
59.425
59.426
59.427
59.428
59.429
59.43
59.431
59.432
59.433
59.434
59.435
59.436
59.437
59.438
59.439
59.44
59.441
59.442
59.443
59.444
59.445
59.446
59.447
59.448
59.449
59.45
59.451
59.452
59.453
59.454
59.455
59.456
59.457
59.458
59.459
59.46
59.461
59.462
59.463
59.464
59.465
59.466
59.467
59.468
59.469
59.47
59.471
59.472
59.473
59.474
59.475
59.476
59.477
59.478
59.479
59.48
59.481
59.482
59.483
59.484
59.485
59.486
59.487
59.488
59.489
59.49
59.491
59.492
59.493
59.494
59.495
59.496
59.497
59.498
59.499
59.5
59.501
59.502
59.503
59.504
59.505
59.506
59.507
59.508
59.509
59.51
59.511
59.512
59.513
59.514
59.515
59.516
59.517
59.518
59.519
59.52
59.521
59.522
59.523
59.524
59.525
59.526
59.527
59.528
59.529
59.53
59.531
59.532
59.533
59.534
59.535
59.536
59.537
59.538
59.539
59.54
59.541
59.542
59.543
59.544
59.545
59.546
59.547
59.548
59.549
59.55
59.551
59.552
59.553
59.554
59.555
59.556
59.557
59.558
59.559
59.56
59.561
59.562
59.563
59.564
59.565
59.566
59.567
59.568
59.569
59.57
59.571
59.572
59.573
59.574
59.575
59.576
59.577
59.578
59.579
59.58
59.581
59.582
59.583
59.584
59.585
59.586
59.587
59.588
59.589
59.59
59.591
59.592
59.593
59.594
59.595
59.596
59.597
59.598
59.599
59.6
59.601
59.602
59.603
59.604
59.605
59.606
59.607
59.608
59.609
59.61
59.611
59.612
59.613
59.614
59.615
59.616
59.617
59.618
59.619
59.62
59.621
59.622
59.623
59.624
59.625
59.626
59.627
59.628
59.629
59.63
59.631
59.632
59.633
59.634
59.635
59.636
59.637
59.638
59.639
59.64
59.641
59.642
59.643
59.644
59.645
59.646
59.647
59.648
59.649
59.65
59.651
59.652
59.653
59.654
59.655
59.656
59.657
59.658
59.659
59.66
59.661
59.662
59.663
59.664
59.665
59.666
59.667
59.668
59.669
59.67
59.671
59.672
59.673
59.674
59.675
59.676
59.677
59.678
59.679
59.68
59.681
59.682
59.683
59.684
59.685
59.686
59.687
59.688
59.689
59.69
59.691
59.692
59.693
59.694
59.695
59.696
59.697
59.698
59.699
59.7
59.701
59.702
59.703
59.704
59.705
59.706
59.707
59.708
59.709
59.71
59.711
59.712
59.713
59.714
59.715
59.716
59.717
59.718
59.719
59.72
59.721
59.722
59.723
59.724
59.725
59.726
59.727
59.728
59.729
59.73
59.731
59.732
59.733
59.734
59.735
59.736
59.737
59.738
59.739
59.74
59.741
59.742
59.743
59.744
59.745
59.746
59.747
59.748
59.749
59.75
59.751
59.752
59.753
59.754
59.755
59.756
59.757
59.758
59.759
59.76
59.761
59.762
59.763
59.764
59.765
59.766
59.767
59.768
59.769
59.77
59.771
59.772
59.773
59.774
59.775
59.776
59.777
59.778
59.779
59.78
59.781
59.782
59.783
59.784
59.785
59.786
59.787
59.788
59.789
59.79
59.791
59.792
59.793
59.794
59.795
59.796
59.797
59.798
59.799
59.8
59.801
59.802
59.803
59.804
59.805
59.806
59.807
59.808
59.809
59.81
59.811
59.812
59.813
59.814
59.815
59.816
59.817
59.818
59.819
59.82
59.821
59.822
59.823
59.824
59.825
59.826
59.827
59.828
59.829
59.83
59.831
59.832
59.833
59.834
59.835
59.836
59.837
59.838
59.839
59.84
59.841
59.842
59.843
59.844
59.845
59.846
59.847
59.848
59.849
59.85
59.851
59.852
59.853
59.854
59.855
59.856
59.857
59.858
59.859
59.86
59.861
59.862
59.863
59.864
59.865
59.866
59.867
59.868
59.869
59.87
59.871
59.872
59.873
59.874
59.875
59.876
59.877
59.878
59.879
59.88
59.881
59.882
59.883
59.884
59.885
59.886
59.887
59.888
59.889
59.89
59.891
59.892
59.893
59.894
59.895
59.896
59.897
59.898
59.899
59.9
59.901
59.902
59.903
59.904
59.905
59.906
59.907
59.908
59.909
59.91
59.911
59.912
59.913
59.914
59.915
59.916
59.917
59.918
59.919
59.92
59.921
59.922
59.923
59.924
59.925
59.926
59.927
59.928
59.929
59.93
59.931
59.932
59.933
59.934
59.935
59.936
59.937
59.938
59.939
59.94
59.941
59.942
59.943
59.944
59.945
59.946
59.947
59.948
59.949
59.95
59.951
59.952
59.953
59.954
59.955
59.956
59.957
59.958
59.959
59.96
59.961
59.962
59.963
59.964
59.965
59.966
59.967
59.968
59.969
59.97
59.971
59.972
59.973
59.974
59.975
59.976
59.977
59.978
59.979
59.98
59.981
59.982
59.983
59.984
59.985
59.986
59.987
59.988
59.989
59.99
59.991
59.992
59.993
59.994
59.995
59.996
59.997
59.998
59.999
60
60.001
60.002
60.003
60.004
60.005
60.006
60.007
60.008
60.009
60.01
60.011
60.012
60.013
60.014
60.015
60.016
60.017
60.018
60.019
60.02
60.021
60.022
60.023
60.024
60.025
60.026
60.027
60.028
60.029
60.03
60.031
60.032
60.033
60.034
60.035
60.036
60.037
60.038
60.039
60.04
60.041
60.042
60.043
60.044
60.045
60.046
60.047
60.048
60.049
60.05
60.051
60.052
60.053
60.054
60.055
60.056
60.057
60.058
60.059
60.06
60.061
60.062
60.063
60.064
60.065
60.066
60.067
60.068
60.069
60.07
60.071
60.072
60.073
60.074
60.075
60.076
60.077
60.078
60.079
60.08
60.081
60.082
60.083
60.084
60.085
60.086
60.087
60.088
60.089
60.09
60.091
60.092
60.093
60.094
60.095
60.096
60.097
60.098
60.099
60.1
60.101
60.102
60.103
60.104
60.105
60.106
60.107
60.108
60.109
60.11
60.111
60.112
60.113
60.114
60.115
60.116
60.117
60.118
60.119
60.12
60.121
60.122
60.123
60.124
60.125
60.126
60.127
60.128
60.129
60.13
60.131
60.132
60.133
60.134
60.135
60.136
60.137
60.138
60.139
60.14
60.141
60.142
60.143
60.144
60.145
60.146
60.147
60.148
60.149
60.15
60.151
60.152
60.153
60.154
60.155
60.156
60.157
60.158
60.159
60.16
60.161
60.162
60.163
60.164
60.165
60.166
60.167
60.168
60.169
60.17
60.171
60.172
60.173
60.174
60.175
60.176
60.177
60.178
60.179
60.18
60.181
60.182
60.183
60.184
60.185
60.186
60.187
60.188
60.189
60.19
60.191
60.192
60.193
60.194
60.195
60.196
60.197
60.198
60.199
60.2
60.201
60.202
60.203
60.204
60.205
60.206
60.207
60.208
60.209
60.21
60.211
60.212
60.213
60.214
60.215
60.216
60.217
60.218
60.219
60.22
60.221
60.222
60.223
60.224
60.225
60.226
60.227
60.228
60.229
60.23
60.231
60.232
60.233
60.234
60.235
60.236
60.237
60.238
60.239
60.24
60.241
60.242
60.243
60.244
60.245
60.246
60.247
60.248
60.249
60.25
60.251
60.252
60.253
60.254
60.255
60.256
60.257
60.258
60.259
60.26
60.261
60.262
60.263
60.264
60.265
60.266
60.267
60.268
60.269
60.27
60.271
60.272
60.273
60.274
60.275
60.276
60.277
60.278
60.279
60.28
60.281
60.282
60.283
60.284
60.285
60.286
60.287
60.288
60.289
60.29
60.291
60.292
60.293
60.294
60.295
60.296
60.297
60.298
60.299
60.3
60.301
60.302
60.303
60.304
60.305
60.306
60.307
60.308
60.309
60.31
60.311
60.312
60.313
60.314
60.315
60.316
60.317
60.318
60.319
60.32
60.321
60.322
60.323
60.324
60.325
60.326
60.327
60.328
60.329
60.33
60.331
60.332
60.333
60.334
60.335
60.336
60.337
60.338
60.339
60.34
60.341
60.342
60.343
60.344
60.345
60.346
60.347
60.348
60.349
60.35
60.351
60.352
60.353
60.354
60.355
60.356
60.357
60.358
60.359
60.36
60.361
60.362
60.363
60.364
60.365
60.366
60.367
60.368
60.369
60.37
60.371
60.372
60.373
60.374
60.375
60.376
60.377
60.378
60.379
60.38
60.381
60.382
60.383
60.384
60.385
60.386
60.387
60.388
60.389
60.39
60.391
60.392
60.393
60.394
60.395
60.396
60.397
60.398
60.399
60.4
60.401
60.402
60.403
60.404
60.405
60.406
60.407
60.408
60.409
60.41
60.411
60.412
60.413
60.414
60.415
60.416
60.417
60.418
60.419
60.42
60.421
60.422
60.423
60.424
60.425
60.426
60.427
60.428
60.429
60.43
60.431
60.432
60.433
60.434
60.435
60.436
60.437
60.438
60.439
60.44
60.441
60.442
60.443
60.444
60.445
60.446
60.447
60.448
60.449
60.45
60.451
60.452
60.453
60.454
60.455
60.456
60.457
60.458
60.459
60.46
60.461
60.462
60.463
60.464
60.465
60.466
60.467
60.468
60.469
60.47
60.471
60.472
60.473
60.474
60.475
60.476
60.477
60.478
60.479
60.48
60.481
60.482
60.483
60.484
60.485
60.486
60.487
60.488
60.489
60.49
60.491
60.492
60.493
60.494
60.495
60.496
60.497
60.498
60.499
60.5
60.501
60.502
60.503
60.504
60.505
60.506
60.507
60.508
60.509
60.51
60.511
60.512
60.513
60.514
60.515
60.516
60.517
60.518
60.519
60.52
60.521
60.522
60.523
60.524
60.525
60.526
60.527
60.528
60.529
60.53
60.531
60.532
60.533
60.534
60.535
60.536
60.537
60.538
60.539
60.54
60.541
60.542
60.543
60.544
60.545
60.546
60.547
60.548
60.549
60.55
60.551
60.552
60.553
60.554
60.555
60.556
60.557
60.558
60.559
60.56
60.561
60.562
60.563
60.564
60.565
60.566
60.567
60.568
60.569
60.57
60.571
60.572
60.573
60.574
60.575
60.576
60.577
60.578
60.579
60.58
60.581
60.582
60.583
60.584
60.585
60.586
60.587
60.588
60.589
60.59
60.591
60.592
60.593
60.594
60.595
60.596
60.597
60.598
60.599
60.6
60.601
60.602
60.603
60.604
60.605
60.606
60.607
60.608
60.609
60.61
60.611
60.612
60.613
60.614
60.615
60.616
60.617
60.618
60.619
60.62
60.621
60.622
60.623
60.624
60.625
60.626
60.627
60.628
60.629
60.63
60.631
60.632
60.633
60.634
60.635
60.636
60.637
60.638
60.639
60.64
60.641
60.642
60.643
60.644
60.645
60.646
60.647
60.648
60.649
60.65
60.651
60.652
60.653
60.654
60.655
60.656
60.657
60.658
60.659
60.66
60.661
60.662
60.663
60.664
60.665
60.666
60.667
60.668
60.669
60.67
60.671
60.672
60.673
60.674
60.675
60.676
60.677
60.678
60.679
60.68
60.681
60.682
60.683
60.684
60.685
60.686
60.687
60.688
60.689
60.69
60.691
60.692
60.693
60.694
60.695
60.696
60.697
60.698
60.699
60.7
60.701
60.702
60.703
60.704
60.705
60.706
60.707
60.708
60.709
60.71
60.711
60.712
60.713
60.714
60.715
60.716
60.717
60.718
60.719
60.72
60.721
60.722
60.723
60.724
60.725
60.726
60.727
60.728
60.729
60.73
60.731
60.732
60.733
60.734
60.735
60.736
60.737
60.738
60.739
60.74
60.741
60.742
60.743
60.744
60.745
60.746
60.747
60.748
60.749
60.75
60.751
60.752
60.753
60.754
60.755
60.756
60.757
60.758
60.759
60.76
60.761
60.762
60.763
60.764
60.765
60.766
60.767
60.768
60.769
60.77
60.771
60.772
60.773
60.774
60.775
60.776
60.777
60.778
60.779
60.78
60.781
60.782
60.783
60.784
60.785
60.786
60.787
60.788
60.789
60.79
60.791
60.792
60.793
60.794
60.795
60.796
60.797
60.798
60.799
60.8
60.801
60.802
60.803
60.804
60.805
60.806
60.807
60.808
60.809
60.81
60.811
60.812
60.813
60.814
60.815
60.816
60.817
60.818
60.819
60.82
60.821
60.822
60.823
60.824
60.825
60.826
60.827
60.828
60.829
60.83
60.831
60.832
60.833
60.834
60.835
60.836
60.837
60.838
60.839
60.84
60.841
60.842
60.843
60.844
60.845
60.846
60.847
60.848
60.849
60.85
60.851
60.852
60.853
60.854
60.855
60.856
60.857
60.858
60.859
60.86
60.861
60.862
60.863
60.864
60.865
60.866
60.867
60.868
60.869
60.87
60.871
60.872
60.873
60.874
60.875
60.876
60.877
60.878
60.879
60.88
60.881
60.882
60.883
60.884
60.885
60.886
60.887
60.888
60.889
60.89
60.891
60.892
60.893
60.894
60.895
60.896
60.897
60.898
60.899
60.9
60.901
60.902
60.903
60.904
60.905
60.906
60.907
60.908
60.909
60.91
60.911
60.912
60.913
60.914
60.915
60.916
60.917
60.918
60.919
60.92
60.921
60.922
60.923
60.924
60.925
60.926
60.927
60.928
60.929
60.93
60.931
60.932
60.933
60.934
60.935
60.936
60.937
60.938
60.939
60.94
60.941
60.942
60.943
60.944
60.945
60.946
60.947
60.948
60.949
60.95
60.951
60.952
60.953
60.954
60.955
60.956
60.957
60.958
60.959
60.96
60.961
60.962
60.963
60.964
60.965
60.966
60.967
60.968
60.969
60.97
60.971
60.972
60.973
60.974
60.975
60.976
60.977
60.978
60.979
60.98
60.981
60.982
60.983
60.984
60.985
60.986
60.987
60.988
60.989
60.99
60.991
60.992
60.993
60.994
60.995
60.996
60.997
60.998
60.999
61
61.001
61.002
61.003
61.004
61.005
61.006
61.007
61.008
61.009
61.01
61.011
61.012
61.013
61.014
61.015
61.016
61.017
61.018
61.019
61.02
61.021
61.022
61.023
61.024
61.025
61.026
61.027
61.028
61.029
61.03
61.031
61.032
61.033
61.034
61.035
61.036
61.037
61.038
61.039
61.04
61.041
61.042
61.043
61.044
61.045
61.046
61.047
61.048
61.049
61.05
61.051
61.052
61.053
61.054
61.055
61.056
61.057
61.058
61.059
61.06
61.061
61.062
61.063
61.064
61.065
61.066
61.067
61.068
61.069
61.07
61.071
61.072
61.073
61.074
61.075
61.076
61.077
61.078
61.079
61.08
61.081
61.082
61.083
61.084
61.085
61.086
61.087
61.088
61.089
61.09
61.091
61.092
61.093
61.094
61.095
61.096
61.097
61.098
61.099
61.1
61.101
61.102
61.103
61.104
61.105
61.106
61.107
61.108
61.109
61.11
61.111
61.112
61.113
61.114
61.115
61.116
61.117
61.118
61.119
61.12
61.121
61.122
61.123
61.124
61.125
61.126
61.127
61.128
61.129
61.13
61.131
61.132
61.133
61.134
61.135
61.136
61.137
61.138
61.139
61.14
61.141
61.142
61.143
61.144
61.145
61.146
61.147
61.148
61.149
61.15
61.151
61.152
61.153
61.154
61.155
61.156
61.157
61.158
61.159
61.16
61.161
61.162
61.163
61.164
61.165
61.166
61.167
61.168
61.169
61.17
61.171
61.172
61.173
61.174
61.175
61.176
61.177
61.178
61.179
61.18
61.181
61.182
61.183
61.184
61.185
61.186
61.187
61.188
61.189
61.19
61.191
61.192
61.193
61.194
61.195
61.196
61.197
61.198
61.199
61.2
61.201
61.202
61.203
61.204
61.205
61.206
61.207
61.208
61.209
61.21
61.211
61.212
61.213
61.214
61.215
61.216
61.217
61.218
61.219
61.22
61.221
61.222
61.223
61.224
61.225
61.226
61.227
61.228
61.229
61.23
61.231
61.232
61.233
61.234
61.235
61.236
61.237
61.238
61.239
61.24
61.241
61.242
61.243
61.244
61.245
61.246
61.247
61.248
61.249
61.25
61.251
61.252
61.253
61.254
61.255
61.256
61.257
61.258
61.259
61.26
61.261
61.262
61.263
61.264
61.265
61.266
61.267
61.268
61.269
61.27
61.271
61.272
61.273
61.274
61.275
61.276
61.277
61.278
61.279
61.28
61.281
61.282
61.283
61.284
61.285
61.286
61.287
61.288
61.289
61.29
61.291
61.292
61.293
61.294
61.295
61.296
61.297
61.298
61.299
61.3
61.301
61.302
61.303
61.304
61.305
61.306
61.307
61.308
61.309
61.31
61.311
61.312
61.313
61.314
61.315
61.316
61.317
61.318
61.319
61.32
61.321
61.322
61.323
61.324
61.325
61.326
61.327
61.328
61.329
61.33
61.331
61.332
61.333
61.334
61.335
61.336
61.337
61.338
61.339
61.34
61.341
61.342
61.343
61.344
61.345
61.346
61.347
61.348
61.349
61.35
61.351
61.352
61.353
61.354
61.355
61.356
61.357
61.358
61.359
61.36
61.361
61.362
61.363
61.364
61.365
61.366
61.367
61.368
61.369
61.37
61.371
61.372
61.373
61.374
61.375
61.376
61.377
61.378
61.379
61.38
61.381
61.382
61.383
61.384
61.385
61.386
61.387
61.388
61.389
61.39
61.391
61.392
61.393
61.394
61.395
61.396
61.397
61.398
61.399
61.4
61.401
61.402
61.403
61.404
61.405
61.406
61.407
61.408
61.409
61.41
61.411
61.412
61.413
61.414
61.415
61.416
61.417
61.418
61.419
61.42
61.421
61.422
61.423
61.424
61.425
61.426
61.427
61.428
61.429
61.43
61.431
61.432
61.433
61.434
61.435
61.436
61.437
61.438
61.439
61.44
61.441
61.442
61.443
61.444
61.445
61.446
61.447
61.448
61.449
61.45
61.451
61.452
61.453
61.454
61.455
61.456
61.457
61.458
61.459
61.46
61.461
61.462
61.463
61.464
61.465
61.466
61.467
61.468
61.469
61.47
61.471
61.472
61.473
61.474
61.475
61.476
61.477
61.478
61.479
61.48
61.481
61.482
61.483
61.484
61.485
61.486
61.487
61.488
61.489
61.49
61.491
61.492
61.493
61.494
61.495
61.496
61.497
61.498
61.499
61.5
61.501
61.502
61.503
61.504
61.505
61.506
61.507
61.508
61.509
61.51
61.511
61.512
61.513
61.514
61.515
61.516
61.517
61.518
61.519
61.52
61.521
61.522
61.523
61.524
61.525
61.526
61.527
61.528
61.529
61.53
61.531
61.532
61.533
61.534
61.535
61.536
61.537
61.538
61.539
61.54
61.541
61.542
61.543
61.544
61.545
61.546
61.547
61.548
61.549
61.55
61.551
61.552
61.553
61.554
61.555
61.556
61.557
61.558
61.559
61.56
61.561
61.562
61.563
61.564
61.565
61.566
61.567
61.568
61.569
61.57
61.571
61.572
61.573
61.574
61.575
61.576
61.577
61.578
61.579
61.58
61.581
61.582
61.583
61.584
61.585
61.586
61.587
61.588
61.589
61.59
61.591
61.592
61.593
61.594
61.595
61.596
61.597
61.598
61.599
61.6
61.601
61.602
61.603
61.604
61.605
61.606
61.607
61.608
61.609
61.61
61.611
61.612
61.613
61.614
61.615
61.616
61.617
61.618
61.619
61.62
61.621
61.622
61.623
61.624
61.625
61.626
61.627
61.628
61.629
61.63
61.631
61.632
61.633
61.634
61.635
61.636
61.637
61.638
61.639
61.64
61.641
61.642
61.643
61.644
61.645
61.646
61.647
61.648
61.649
61.65
61.651
61.652
61.653
61.654
61.655
61.656
61.657
61.658
61.659
61.66
61.661
61.662
61.663
61.664
61.665
61.666
61.667
61.668
61.669
61.67
61.671
61.672
61.673
61.674
61.675
61.676
61.677
61.678
61.679
61.68
61.681
61.682
61.683
61.684
61.685
61.686
61.687
61.688
61.689
61.69
61.691
61.692
61.693
61.694
61.695
61.696
61.697
61.698
61.699
61.7
61.701
61.702
61.703
61.704
61.705
61.706
61.707
61.708
61.709
61.71
61.711
61.712
61.713
61.714
61.715
61.716
61.717
61.718
61.719
61.72
61.721
61.722
61.723
61.724
61.725
61.726
61.727
61.728
61.729
61.73
61.731
61.732
61.733
61.734
61.735
61.736
61.737
61.738
61.739
61.74
61.741
61.742
61.743
61.744
61.745
61.746
61.747
61.748
61.749
61.75
61.751
61.752
61.753
61.754
61.755
61.756
61.757
61.758
61.759
61.76
61.761
61.762
61.763
61.764
61.765
61.766
61.767
61.768
61.769
61.77
61.771
61.772
61.773
61.774
61.775
61.776
61.777
61.778
61.779
61.78
61.781
61.782
61.783
61.784
61.785
61.786
61.787
61.788
61.789
61.79
61.791
61.792
61.793
61.794
61.795
61.796
61.797
61.798
61.799
61.8
61.801
61.802
61.803
61.804
61.805
61.806
61.807
61.808
61.809
61.81
61.811
61.812
61.813
61.814
61.815
61.816
61.817
61.818
61.819
61.82
61.821
61.822
61.823
61.824
61.825
61.826
61.827
61.828
61.829
61.83
61.831
61.832
61.833
61.834
61.835
61.836
61.837
61.838
61.839
61.84
61.841
61.842
61.843
61.844
61.845
61.846
61.847
61.848
61.849
61.85
61.851
61.852
61.853
61.854
61.855
61.856
61.857
61.858
61.859
61.86
61.861
61.862
61.863
61.864
61.865
61.866
61.867
61.868
61.869
61.87
61.871
61.872
61.873
61.874
61.875
61.876
61.877
61.878
61.879
61.88
61.881
61.882
61.883
61.884
61.885
61.886
61.887
61.888
61.889
61.89
61.891
61.892
61.893
61.894
61.895
61.896
61.897
61.898
61.899
61.9
61.901
61.902
61.903
61.904
61.905
61.906
61.907
61.908
61.909
61.91
61.911
61.912
61.913
61.914
61.915
61.916
61.917
61.918
61.919
61.92
61.921
61.922
61.923
61.924
61.925
61.926
61.927
61.928
61.929
61.93
61.931
61.932
61.933
61.934
61.935
61.936
61.937
61.938
61.939
61.94
61.941
61.942
61.943
61.944
61.945
61.946
61.947
61.948
61.949
61.95
61.951
61.952
61.953
61.954
61.955
61.956
61.957
61.958
61.959
61.96
61.961
61.962
61.963
61.964
61.965
61.966
61.967
61.968
61.969
61.97
61.971
61.972
61.973
61.974
61.975
61.976
61.977
61.978
61.979
61.98
61.981
61.982
61.983
61.984
61.985
61.986
61.987
61.988
61.989
61.99
61.991
61.992
61.993
61.994
61.995
61.996
61.997
61.998
61.999
62
62.001
62.002
62.003
62.004
62.005
62.006
62.007
62.008
62.009
62.01
62.011
62.012
62.013
62.014
62.015
62.016
62.017
62.018
62.019
62.02
62.021
62.022
62.023
62.024
62.025
62.026
62.027
62.028
62.029
62.03
62.031
62.032
62.033
62.034
62.035
62.036
62.037
62.038
62.039
62.04
62.041
62.042
62.043
62.044
62.045
62.046
62.047
62.048
62.049
62.05
62.051
62.052
62.053
62.054
62.055
62.056
62.057
62.058
62.059
62.06
62.061
62.062
62.063
62.064
62.065
62.066
62.067
62.068
62.069
62.07
62.071
62.072
62.073
62.074
62.075
62.076
62.077
62.078
62.079
62.08
62.081
62.082
62.083
62.084
62.085
62.086
62.087
62.088
62.089
62.09
62.091
62.092
62.093
62.094
62.095
62.096
62.097
62.098
62.099
62.1
62.101
62.102
62.103
62.104
62.105
62.106
62.107
62.108
62.109
62.11
62.111
62.112
62.113
62.114
62.115
62.116
62.117
62.118
62.119
62.12
62.121
62.122
62.123
62.124
62.125
62.126
62.127
62.128
62.129
62.13
62.131
62.132
62.133
62.134
62.135
62.136
62.137
62.138
62.139
62.14
62.141
62.142
62.143
62.144
62.145
62.146
62.147
62.148
62.149
62.15
62.151
62.152
62.153
62.154
62.155
62.156
62.157
62.158
62.159
62.16
62.161
62.162
62.163
62.164
62.165
62.166
62.167
62.168
62.169
62.17
62.171
62.172
62.173
62.174
62.175
62.176
62.177
62.178
62.179
62.18
62.181
62.182
62.183
62.184
62.185
62.186
62.187
62.188
62.189
62.19
62.191
62.192
62.193
62.194
62.195
62.196
62.197
62.198
62.199
62.2
62.201
62.202
62.203
62.204
62.205
62.206
62.207
62.208
62.209
62.21
62.211
62.212
62.213
62.214
62.215
62.216
62.217
62.218
62.219
62.22
62.221
62.222
62.223
62.224
62.225
62.226
62.227
62.228
62.229
62.23
62.231
62.232
62.233
62.234
62.235
62.236
62.237
62.238
62.239
62.24
62.241
62.242
62.243
62.244
62.245
62.246
62.247
62.248
62.249
62.25
62.251
62.252
62.253
62.254
62.255
62.256
62.257
62.258
62.259
62.26
62.261
62.262
62.263
62.264
62.265
62.266
62.267
62.268
62.269
62.27
62.271
62.272
62.273
62.274
62.275
62.276
62.277
62.278
62.279
62.28
62.281
62.282
62.283
62.284
62.285
62.286
62.287
62.288
62.289
62.29
62.291
62.292
62.293
62.294
62.295
62.296
62.297
62.298
62.299
62.3
62.301
62.302
62.303
62.304
62.305
62.306
62.307
62.308
62.309
62.31
62.311
62.312
62.313
62.314
62.315
62.316
62.317
62.318
62.319
62.32
62.321
62.322
62.323
62.324
62.325
62.326
62.327
62.328
62.329
62.33
62.331
62.332
62.333
62.334
62.335
62.336
62.337
62.338
62.339
62.34
62.341
62.342
62.343
62.344
62.345
62.346
62.347
62.348
62.349
62.35
62.351
62.352
62.353
62.354
62.355
62.356
62.357
62.358
62.359
62.36
62.361
62.362
62.363
62.364
62.365
62.366
62.367
62.368
62.369
62.37
62.371
62.372
62.373
62.374
62.375
62.376
62.377
62.378
62.379
62.38
62.381
62.382
62.383
62.384
62.385
62.386
62.387
62.388
62.389
62.39
62.391
62.392
62.393
62.394
62.395
62.396
62.397
62.398
62.399
62.4
62.401
62.402
62.403
62.404
62.405
62.406
62.407
62.408
62.409
62.41
62.411
62.412
62.413
62.414
62.415
62.416
62.417
62.418
62.419
62.42
62.421
62.422
62.423
62.424
62.425
62.426
62.427
62.428
62.429
62.43
62.431
62.432
62.433
62.434
62.435
62.436
62.437
62.438
62.439
62.44
62.441
62.442
62.443
62.444
62.445
62.446
62.447
62.448
62.449
62.45
62.451
62.452
62.453
62.454
62.455
62.456
62.457
62.458
62.459
62.46
62.461
62.462
62.463
62.464
62.465
62.466
62.467
62.468
62.469
62.47
62.471
62.472
62.473
62.474
62.475
62.476
62.477
62.478
62.479
62.48
62.481
62.482
62.483
62.484
62.485
62.486
62.487
62.488
62.489
62.49
62.491
62.492
62.493
62.494
62.495
62.496
62.497
62.498
62.499
62.5
62.501
62.502
62.503
62.504
62.505
62.506
62.507
62.508
62.509
62.51
62.511
62.512
62.513
62.514
62.515
62.516
62.517
62.518
62.519
62.52
62.521
62.522
62.523
62.524
62.525
62.526
62.527
62.528
62.529
62.53
62.531
62.532
62.533
62.534
62.535
62.536
62.537
62.538
62.539
62.54
62.541
62.542
62.543
62.544
62.545
62.546
62.547
62.548
62.549
62.55
62.551
62.552
62.553
62.554
62.555
62.556
62.557
62.558
62.559
62.56
62.561
62.562
62.563
62.564
62.565
62.566
62.567
62.568
62.569
62.57
62.571
62.572
62.573
62.574
62.575
62.576
62.577
62.578
62.579
62.58
62.581
62.582
62.583
62.584
62.585
62.586
62.587
62.588
62.589
62.59
62.591
62.592
62.593
62.594
62.595
62.596
62.597
62.598
62.599
62.6
62.601
62.602
62.603
62.604
62.605
62.606
62.607
62.608
62.609
62.61
62.611
62.612
62.613
62.614
62.615
62.616
62.617
62.618
62.619
62.62
62.621
62.622
62.623
62.624
62.625
62.626
62.627
62.628
62.629
62.63
62.631
62.632
62.633
62.634
62.635
62.636
62.637
62.638
62.639
62.64
62.641
62.642
62.643
62.644
62.645
62.646
62.647
62.648
62.649
62.65
62.651
62.652
62.653
62.654
62.655
62.656
62.657
62.658
62.659
62.66
62.661
62.662
62.663
62.664
62.665
62.666
62.667
62.668
62.669
62.67
62.671
62.672
62.673
62.674
62.675
62.676
62.677
62.678
62.679
62.68
62.681
62.682
62.683
62.684
62.685
62.686
62.687
62.688
62.689
62.69
62.691
62.692
62.693
62.694
62.695
62.696
62.697
62.698
62.699
62.7
62.701
62.702
62.703
62.704
62.705
62.706
62.707
62.708
62.709
62.71
62.711
62.712
62.713
62.714
62.715
62.716
62.717
62.718
62.719
62.72
62.721
62.722
62.723
62.724
62.725
62.726
62.727
62.728
62.729
62.73
62.731
62.732
62.733
62.734
62.735
62.736
62.737
62.738
62.739
62.74
62.741
62.742
62.743
62.744
62.745
62.746
62.747
62.748
62.749
62.75
62.751
62.752
62.753
62.754
62.755
62.756
62.757
62.758
62.759
62.76
62.761
62.762
62.763
62.764
62.765
62.766
62.767
62.768
62.769
62.77
62.771
62.772
62.773
62.774
62.775
62.776
62.777
62.778
62.779
62.78
62.781
62.782
62.783
62.784
62.785
62.786
62.787
62.788
62.789
62.79
62.791
62.792
62.793
62.794
62.795
62.796
62.797
62.798
62.799
62.8
62.801
62.802
62.803
62.804
62.805
62.806
62.807
62.808
62.809
62.81
62.811
62.812
62.813
62.814
62.815
62.816
62.817
62.818
62.819
62.82
62.821
62.822
62.823
62.824
62.825
62.826
62.827
62.828
62.829
62.83
62.831
62.832
62.833
62.834
62.835
62.836
62.837
62.838
62.839
62.84
62.841
62.842
62.843
62.844
62.845
62.846
62.847
62.848
62.849
62.85
62.851
62.852
62.853
62.854
62.855
62.856
62.857
62.858
62.859
62.86
62.861
62.862
62.863
62.864
62.865
62.866
62.867
62.868
62.869
62.87
62.871
62.872
62.873
62.874
62.875
62.876
62.877
62.878
62.879
62.88
62.881
62.882
62.883
62.884
62.885
62.886
62.887
62.888
62.889
62.89
62.891
62.892
62.893
62.894
62.895
62.896
62.897
62.898
62.899
62.9
62.901
62.902
62.903
62.904
62.905
62.906
62.907
62.908
62.909
62.91
62.911
62.912
62.913
62.914
62.915
62.916
62.917
62.918
62.919
62.92
62.921
62.922
62.923
62.924
62.925
62.926
62.927
62.928
62.929
62.93
62.931
62.932
62.933
62.934
62.935
62.936
62.937
62.938
62.939
62.94
62.941
62.942
62.943
62.944
62.945
62.946
62.947
62.948
62.949
62.95
62.951
62.952
62.953
62.954
62.955
62.956
62.957
62.958
62.959
62.96
62.961
62.962
62.963
62.964
62.965
62.966
62.967
62.968
62.969
62.97
62.971
62.972
62.973
62.974
62.975
62.976
62.977
62.978
62.979
62.98
62.981
62.982
62.983
62.984
62.985
62.986
62.987
62.988
62.989
62.99
62.991
62.992
62.993
62.994
62.995
62.996
62.997
62.998
62.999
63
63.001
63.002
63.003
63.004
63.005
63.006
63.007
63.008
63.009
63.01
63.011
63.012
63.013
63.014
63.015
63.016
63.017
63.018
63.019
63.02
63.021
63.022
63.023
63.024
63.025
63.026
63.027
63.028
63.029
63.03
63.031
63.032
63.033
63.034
63.035
63.036
63.037
63.038
63.039
63.04
63.041
63.042
63.043
63.044
63.045
63.046
63.047
63.048
63.049
63.05
63.051
63.052
63.053
63.054
63.055
63.056
63.057
63.058
63.059
63.06
63.061
63.062
63.063
63.064
63.065
63.066
63.067
63.068
63.069
63.07
63.071
63.072
63.073
63.074
63.075
63.076
63.077
63.078
63.079
63.08
63.081
63.082
63.083
63.084
63.085
63.086
63.087
63.088
63.089
63.09
63.091
63.092
63.093
63.094
63.095
63.096
63.097
63.098
63.099
63.1
63.101
63.102
63.103
63.104
63.105
63.106
63.107
63.108
63.109
63.11
63.111
63.112
63.113
63.114
63.115
63.116
63.117
63.118
63.119
63.12
63.121
63.122
63.123
63.124
63.125
63.126
63.127
63.128
63.129
63.13
63.131
63.132
63.133
63.134
63.135
63.136
63.137
63.138
63.139
63.14
63.141
63.142
63.143
63.144
63.145
63.146
63.147
63.148
63.149
63.15
63.151
63.152
63.153
63.154
63.155
63.156
63.157
63.158
63.159
63.16
63.161
63.162
63.163
63.164
63.165
63.166
63.167
63.168
63.169
63.17
63.171
63.172
63.173
63.174
63.175
63.176
63.177
63.178
63.179
63.18
63.181
63.182
63.183
63.184
63.185
63.186
63.187
63.188
63.189
63.19
63.191
63.192
63.193
63.194
63.195
63.196
63.197
63.198
63.199
63.2
63.201
63.202
63.203
63.204
63.205
63.206
63.207
63.208
63.209
63.21
63.211
63.212
63.213
63.214
63.215
63.216
63.217
63.218
63.219
63.22
63.221
63.222
63.223
63.224
63.225
63.226
63.227
63.228
63.229
63.23
63.231
63.232
63.233
63.234
63.235
63.236
63.237
63.238
63.239
63.24
63.241
63.242
63.243
63.244
63.245
63.246
63.247
63.248
63.249
63.25
63.251
63.252
63.253
63.254
63.255
63.256
63.257
63.258
63.259
63.26
63.261
63.262
63.263
63.264
63.265
63.266
63.267
63.268
63.269
63.27
63.271
63.272
63.273
63.274
63.275
63.276
63.277
63.278
63.279
63.28
63.281
63.282
63.283
63.284
63.285
63.286
63.287
63.288
63.289
63.29
63.291
63.292
63.293
63.294
63.295
63.296
63.297
63.298
63.299
63.3
63.301
63.302
63.303
63.304
63.305
63.306
63.307
63.308
63.309
63.31
63.311
63.312
63.313
63.314
63.315
63.316
63.317
63.318
63.319
63.32
63.321
63.322
63.323
63.324
63.325
63.326
63.327
63.328
63.329
63.33
63.331
63.332
63.333
63.334
63.335
63.336
63.337
63.338
63.339
63.34
63.341
63.342
63.343
63.344
63.345
63.346
63.347
63.348
63.349
63.35
63.351
63.352
63.353
63.354
63.355
63.356
63.357
63.358
63.359
63.36
63.361
63.362
63.363
63.364
63.365
63.366
63.367
63.368
63.369
63.37
63.371
63.372
63.373
63.374
63.375
63.376
63.377
63.378
63.379
63.38
63.381
63.382
63.383
63.384
63.385
63.386
63.387
63.388
63.389
63.39
63.391
63.392
63.393
63.394
63.395
63.396
63.397
63.398
63.399
63.4
63.401
63.402
63.403
63.404
63.405
63.406
63.407
63.408
63.409
63.41
63.411
63.412
63.413
63.414
63.415
63.416
63.417
63.418
63.419
63.42
63.421
63.422
63.423
63.424
63.425
63.426
63.427
63.428
63.429
63.43
63.431
63.432
63.433
63.434
63.435
63.436
63.437
63.438
63.439
63.44
63.441
63.442
63.443
63.444
63.445
63.446
63.447
63.448
63.449
63.45
63.451
63.452
63.453
63.454
63.455
63.456
63.457
63.458
63.459
63.46
63.461
63.462
63.463
63.464
63.465
63.466
63.467
63.468
63.469
63.47
63.471
63.472
63.473
63.474
63.475
63.476
63.477
63.478
63.479
63.48
63.481
63.482
63.483
63.484
63.485
63.486
63.487
63.488
63.489
63.49
63.491
63.492
63.493
63.494
63.495
63.496
63.497
63.498
63.499
63.5
63.501
63.502
63.503
63.504
63.505
63.506
63.507
63.508
63.509
63.51
63.511
63.512
63.513
63.514
63.515
63.516
63.517
63.518
63.519
63.52
63.521
63.522
63.523
63.524
63.525
63.526
63.527
63.528
63.529
63.53
63.531
63.532
63.533
63.534
63.535
63.536
63.537
63.538
63.539
63.54
63.541
63.542
63.543
63.544
63.545
63.546
63.547
63.548
63.549
63.55
63.551
63.552
63.553
63.554
63.555
63.556
63.557
63.558
63.559
63.56
63.561
63.562
63.563
63.564
63.565
63.566
63.567
63.568
63.569
63.57
63.571
63.572
63.573
63.574
63.575
63.576
63.577
63.578
63.579
63.58
63.581
63.582
63.583
63.584
63.585
63.586
63.587
63.588
63.589
63.59
63.591
63.592
63.593
63.594
63.595
63.596
63.597
63.598
63.599
63.6
63.601
63.602
63.603
63.604
63.605
63.606
63.607
63.608
63.609
63.61
63.611
63.612
63.613
63.614
63.615
63.616
63.617
63.618
63.619
63.62
63.621
63.622
63.623
63.624
63.625
63.626
63.627
63.628
63.629
63.63
63.631
63.632
63.633
63.634
63.635
63.636
63.637
63.638
63.639
63.64
63.641
63.642
63.643
63.644
63.645
63.646
63.647
63.648
63.649
63.65
63.651
63.652
63.653
63.654
63.655
63.656
63.657
63.658
63.659
63.66
63.661
63.662
63.663
63.664
63.665
63.666
63.667
63.668
63.669
63.67
63.671
63.672
63.673
63.674
63.675
63.676
63.677
63.678
63.679
63.68
63.681
63.682
63.683
63.684
63.685
63.686
63.687
63.688
63.689
63.69
63.691
63.692
63.693
63.694
63.695
63.696
63.697
63.698
63.699
63.7
63.701
63.702
63.703
63.704
63.705
63.706
63.707
63.708
63.709
63.71
63.711
63.712
63.713
63.714
63.715
63.716
63.717
63.718
63.719
63.72
63.721
63.722
63.723
63.724
63.725
63.726
63.727
63.728
63.729
63.73
63.731
63.732
63.733
63.734
63.735
63.736
63.737
63.738
63.739
63.74
63.741
63.742
63.743
63.744
63.745
63.746
63.747
63.748
63.749
63.75
63.751
63.752
63.753
63.754
63.755
63.756
63.757
63.758
63.759
63.76
63.761
63.762
63.763
63.764
63.765
63.766
63.767
63.768
63.769
63.77
63.771
63.772
63.773
63.774
63.775
63.776
63.777
63.778
63.779
63.78
63.781
63.782
63.783
63.784
63.785
63.786
63.787
63.788
63.789
63.79
63.791
63.792
63.793
63.794
63.795
63.796
63.797
63.798
63.799
63.8
63.801
63.802
63.803
63.804
63.805
63.806
63.807
63.808
63.809
63.81
63.811
63.812
63.813
63.814
63.815
63.816
63.817
63.818
63.819
63.82
63.821
63.822
63.823
63.824
63.825
63.826
63.827
63.828
63.829
63.83
63.831
63.832
63.833
63.834
63.835
63.836
63.837
63.838
63.839
63.84
63.841
63.842
63.843
63.844
63.845
63.846
63.847
63.848
63.849
63.85
63.851
63.852
63.853
63.854
63.855
63.856
63.857
63.858
63.859
63.86
63.861
63.862
63.863
63.864
63.865
63.866
63.867
63.868
63.869
63.87
63.871
63.872
63.873
63.874
63.875
63.876
63.877
63.878
63.879
63.88
63.881
63.882
63.883
63.884
63.885
63.886
63.887
63.888
63.889
63.89
63.891
63.892
63.893
63.894
63.895
63.896
63.897
63.898
63.899
63.9
63.901
63.902
63.903
63.904
63.905
63.906
63.907
63.908
63.909
63.91
63.911
63.912
63.913
63.914
63.915
63.916
63.917
63.918
63.919
63.92
63.921
63.922
63.923
63.924
63.925
63.926
63.927
63.928
63.929
63.93
63.931
63.932
63.933
63.934
63.935
63.936
63.937
63.938
63.939
63.94
63.941
63.942
63.943
63.944
63.945
63.946
63.947
63.948
63.949
63.95
63.951
63.952
63.953
63.954
63.955
63.956
63.957
63.958
63.959
63.96
63.961
63.962
63.963
63.964
63.965
63.966
63.967
63.968
63.969
63.97
63.971
63.972
63.973
63.974
63.975
63.976
63.977
63.978
63.979
63.98
63.981
63.982
63.983
63.984
63.985
63.986
63.987
63.988
63.989
63.99
63.991
63.992
63.993
63.994
63.995
63.996
63.997
63.998
63.999
64
64.001
64.002
64.003
64.004
64.005
64.006
64.007
64.008
64.009
64.01
64.011
64.012
64.013
64.014
64.015
64.016
64.017
64.018
64.019
64.02
64.021
64.022
64.023
64.024
64.025
64.026
64.027
64.028
64.029
64.03
64.031
64.032
64.033
64.034
64.035
64.036
64.037
64.038
64.039
64.04
64.041
64.042
64.043
64.044
64.045
64.046
64.047
64.048
64.049
64.05
64.051
64.052
64.053
64.054
64.055
64.056
64.057
64.058
64.059
64.06
64.061
64.062
64.063
64.064
64.065
64.066
64.067
64.068
64.069
64.07
64.071
64.072
64.073
64.074
64.075
64.076
64.077
64.078
64.079
64.08
64.081
64.082
64.083
64.084
64.085
64.086
64.087
64.088
64.089
64.09
64.091
64.092
64.093
64.094
64.095
64.096
64.097
64.098
64.099
64.1
64.101
64.102
64.103
64.104
64.105
64.106
64.107
64.108
64.109
64.11
64.111
64.112
64.113
64.114
64.115
64.116
64.117
64.118
64.119
64.12
64.121
64.122
64.123
64.124
64.125
64.126
64.127
64.128
64.129
64.13
64.131
64.132
64.133
64.134
64.135
64.136
64.137
64.138
64.139
64.14
64.141
64.142
64.143
64.144
64.145
64.146
64.147
64.148
64.149
64.15
64.151
64.152
64.153
64.154
64.155
64.156
64.157
64.158
64.159
64.16
64.161
64.162
64.163
64.164
64.165
64.166
64.167
64.168
64.169
64.17
64.171
64.172
64.173
64.174
64.175
64.176
64.177
64.178
64.179
64.18
64.181
64.182
64.183
64.184
64.185
64.186
64.187
64.188
64.189
64.19
64.191
64.192
64.193
64.194
64.195
64.196
64.197
64.198
64.199
64.2
64.201
64.202
64.203
64.204
64.205
64.206
64.207
64.208
64.209
64.21
64.211
64.212
64.213
64.214
64.215
64.216
64.217
64.218
64.219
64.22
64.221
64.222
64.223
64.224
64.225
64.226
64.227
64.228
64.229
64.23
64.231
64.232
64.233
64.234
64.235
64.236
64.237
64.238
64.239
64.24
64.241
64.242
64.243
64.244
64.245
64.246
64.247
64.248
64.249
64.25
64.251
64.252
64.253
64.254
64.255
64.256
64.257
64.258
64.259
64.26
64.261
64.262
64.263
64.264
64.265
64.266
64.267
64.268
64.269
64.27
64.271
64.272
64.273
64.274
64.275
64.276
64.277
64.278
64.279
64.28
64.281
64.282
64.283
64.284
64.285
64.286
64.287
64.288
64.289
64.29
64.291
64.292
64.293
64.294
64.295
64.296
64.297
64.298
64.299
64.3
64.301
64.302
64.303
64.304
64.305
64.306
64.307
64.308
64.309
64.31
64.311
64.312
64.313
64.314
64.315
64.316
64.317
64.318
64.319
64.32
64.321
64.322
64.323
64.324
64.325
64.326
64.327
64.328
64.329
64.33
64.331
64.332
64.333
64.334
64.335
64.336
64.337
64.338
64.339
64.34
64.341
64.342
64.343
64.344
64.345
64.346
64.347
64.348
64.349
64.35
64.351
64.352
64.353
64.354
64.355
64.356
64.357
64.358
64.359
64.36
64.361
64.362
64.363
64.364
64.365
64.366
64.367
64.368
64.369
64.37
64.371
64.372
64.373
64.374
64.375
64.376
64.377
64.378
64.379
64.38
64.381
64.382
64.383
64.384
64.385
64.386
64.387
64.388
64.389
64.39
64.391
64.392
64.393
64.394
64.395
64.396
64.397
64.398
64.399
64.4
64.401
64.402
64.403
64.404
64.405
64.406
64.407
64.408
64.409
64.41
64.411
64.412
64.413
64.414
64.415
64.416
64.417
64.418
64.419
64.42
64.421
64.422
64.423
64.424
64.425
64.426
64.427
64.428
64.429
64.43
64.431
64.432
64.433
64.434
64.435
64.436
64.437
64.438
64.439
64.44
64.441
64.442
64.443
64.444
64.445
64.446
64.447
64.448
64.449
64.45
64.451
64.452
64.453
64.454
64.455
64.456
64.457
64.458
64.459
64.46
64.461
64.462
64.463
64.464
64.465
64.466
64.467
64.468
64.469
64.47
64.471
64.472
64.473
64.474
64.475
64.476
64.477
64.478
64.479
64.48
64.481
64.482
64.483
64.484
64.485
64.486
64.487
64.488
64.489
64.49
64.491
64.492
64.493
64.494
64.495
64.496
64.497
64.498
64.499
64.5
64.501
64.502
64.503
64.504
64.505
64.506
64.507
64.508
64.509
64.51
64.511
64.512
64.513
64.514
64.515
64.516
64.517
64.518
64.519
64.52
64.521
64.522
64.523
64.524
64.525
64.526
64.527
64.528
64.529
64.53
64.531
64.532
64.533
64.534
64.535
64.536
64.537
64.538
64.539
64.54
64.541
64.542
64.543
64.544
64.545
64.546
64.547
64.548
64.549
64.55
64.551
64.552
64.553
64.554
64.555
64.556
64.557
64.558
64.559
64.56
64.561
64.562
64.563
64.564
64.565
64.566
64.567
64.568
64.569
64.57
64.571
64.572
64.573
64.574
64.575
64.576
64.577
64.578
64.579
64.58
64.581
64.582
64.583
64.584
64.585
64.586
64.587
64.588
64.589
64.59
64.591
64.592
64.593
64.594
64.595
64.596
64.597
64.598
64.599
64.6
64.601
64.602
64.603
64.604
64.605
64.606
64.607
64.608
64.609
64.61
64.611
64.612
64.613
64.614
64.615
64.616
64.617
64.618
64.619
64.62
64.621
64.622
64.623
64.624
64.625
64.626
64.627
64.628
64.629
64.63
64.631
64.632
64.633
64.634
64.635
64.636
64.637
64.638
64.639
64.64
64.641
64.642
64.643
64.644
64.645
64.646
64.647
64.648
64.649
64.65
64.651
64.652
64.653
64.654
64.655
64.656
64.657
64.658
64.659
64.66
64.661
64.662
64.663
64.664
64.665
64.666
64.667
64.668
64.669
64.67
64.671
64.672
64.673
64.674
64.675
64.676
64.677
64.678
64.679
64.68
64.681
64.682
64.683
64.684
64.685
64.686
64.687
64.688
64.689
64.69
64.691
64.692
64.693
64.694
64.695
64.696
64.697
64.698
64.699
64.7
64.701
64.702
64.703
64.704
64.705
64.706
64.707
64.708
64.709
64.71
64.711
64.712
64.713
64.714
64.715
64.716
64.717
64.718
64.719
64.72
64.721
64.722
64.723
64.724
64.725
64.726
64.727
64.728
64.729
64.73
64.731
64.732
64.733
64.734
64.735
64.736
64.737
64.738
64.739
64.74
64.741
64.742
64.743
64.744
64.745
64.746
64.747
64.748
64.749
64.75
64.751
64.752
64.753
64.754
64.755
64.756
64.757
64.758
64.759
64.76
64.761
64.762
64.763
64.764
64.765
64.766
64.767
64.768
64.769
64.77
64.771
64.772
64.773
64.774
64.775
64.776
64.777
64.778
64.779
64.78
64.781
64.782
64.783
64.784
64.785
64.786
64.787
64.788
64.789
64.79
64.791
64.792
64.793
64.794
64.795
64.796
64.797
64.798
64.799
64.8
64.801
64.802
64.803
64.804
64.805
64.806
64.807
64.808
64.809
64.81
64.811
64.812
64.813
64.814
64.815
64.816
64.817
64.818
64.819
64.82
64.821
64.822
64.823
64.824
64.825
64.826
64.827
64.828
64.829
64.83
64.831
64.832
64.833
64.834
64.835
64.836
64.837
64.838
64.839
64.84
64.841
64.842
64.843
64.844
64.845
64.846
64.847
64.848
64.849
64.85
64.851
64.852
64.853
64.854
64.855
64.856
64.857
64.858
64.859
64.86
64.861
64.862
64.863
64.864
64.865
64.866
64.867
64.868
64.869
64.87
64.871
64.872
64.873
64.874
64.875
64.876
64.877
64.878
64.879
64.88
64.881
64.882
64.883
64.884
64.885
64.886
64.887
64.888
64.889
64.89
64.891
64.892
64.893
64.894
64.895
64.896
64.897
64.898
64.899
64.9
64.901
64.902
64.903
64.904
64.905
64.906
64.907
64.908
64.909
64.91
64.911
64.912
64.913
64.914
64.915
64.916
64.917
64.918
64.919
64.92
64.921
64.922
64.923
64.924
64.925
64.926
64.927
64.928
64.929
64.93
64.931
64.932
64.933
64.934
64.935
64.936
64.937
64.938
64.939
64.94
64.941
64.942
64.943
64.944
64.945
64.946
64.947
64.948
64.949
64.95
64.951
64.952
64.953
64.954
64.955
64.956
64.957
64.958
64.959
64.96
64.961
64.962
64.963
64.964
64.965
64.966
64.967
64.968
64.969
64.97
64.971
64.972
64.973
64.974
64.975
64.976
64.977
64.978
64.979
64.98
64.981
64.982
64.983
64.984
64.985
64.986
64.987
64.988
64.989
64.99
64.991
64.992
64.993
64.994
64.995
64.996
64.997
64.998
64.999
65
65.001
65.002
65.003
65.004
65.005
65.006
65.007
65.008
65.009
65.01
65.011
65.012
65.013
65.014
65.015
65.016
65.017
65.018
65.019
65.02
65.021
65.022
65.023
65.024
65.025
65.026
65.027
65.028
65.029
65.03
65.031
65.032
65.033
65.034
65.035
65.036
65.037
65.038
65.039
65.04
65.041
65.042
65.043
65.044
65.045
65.046
65.047
65.048
65.049
65.05
65.051
65.052
65.053
65.054
65.055
65.056
65.057
65.058
65.059
65.06
65.061
65.062
65.063
65.064
65.065
65.066
65.067
65.068
65.069
65.07
65.071
65.072
65.073
65.074
65.075
65.076
65.077
65.078
65.079
65.08
65.081
65.082
65.083
65.084
65.085
65.086
65.087
65.088
65.089
65.09
65.091
65.092
65.093
65.094
65.095
65.096
65.097
65.098
65.099
65.1
65.101
65.102
65.103
65.104
65.105
65.106
65.107
65.108
65.109
65.11
65.111
65.112
65.113
65.114
65.115
65.116
65.117
65.118
65.119
65.12
65.121
65.122
65.123
65.124
65.125
65.126
65.127
65.128
65.129
65.13
65.131
65.132
65.133
65.134
65.135
65.136
65.137
65.138
65.139
65.14
65.141
65.142
65.143
65.144
65.145
65.146
65.147
65.148
65.149
65.15
65.151
65.152
65.153
65.154
65.155
65.156
65.157
65.158
65.159
65.16
65.161
65.162
65.163
65.164
65.165
65.166
65.167
65.168
65.169
65.17
65.171
65.172
65.173
65.174
65.175
65.176
65.177
65.178
65.179
65.18
65.181
65.182
65.183
65.184
65.185
65.186
65.187
65.188
65.189
65.19
65.191
65.192
65.193
65.194
65.195
65.196
65.197
65.198
65.199
65.2
65.201
65.202
65.203
65.204
65.205
65.206
65.207
65.208
65.209
65.21
65.211
65.212
65.213
65.214
65.215
65.216
65.217
65.218
65.219
65.22
65.221
65.222
65.223
65.224
65.225
65.226
65.227
65.228
65.229
65.23
65.231
65.232
65.233
65.234
65.235
65.236
65.237
65.238
65.239
65.24
65.241
65.242
65.243
65.244
65.245
65.246
65.247
65.248
65.249
65.25
65.251
65.252
65.253
65.254
65.255
65.256
65.257
65.258
65.259
65.26
65.261
65.262
65.263
65.264
65.265
65.266
65.267
65.268
65.269
65.27
65.271
65.272
65.273
65.274
65.275
65.276
65.277
65.278
65.279
65.28
65.281
65.282
65.283
65.284
65.285
65.286
65.287
65.288
65.289
65.29
65.291
65.292
65.293
65.294
65.295
65.296
65.297
65.298
65.299
65.3
65.301
65.302
65.303
65.304
65.305
65.306
65.307
65.308
65.309
65.31
65.311
65.312
65.313
65.314
65.315
65.316
65.317
65.318
65.319
65.32
65.321
65.322
65.323
65.324
65.325
65.326
65.327
65.328
65.329
65.33
65.331
65.332
65.333
65.334
65.335
65.336
65.337
65.338
65.339
65.34
65.341
65.342
65.343
65.344
65.345
65.346
65.347
65.348
65.349
65.35
65.351
65.352
65.353
65.354
65.355
65.356
65.357
65.358
65.359
65.36
65.361
65.362
65.363
65.364
65.365
65.366
65.367
65.368
65.369
65.37
65.371
65.372
65.373
65.374
65.375
65.376
65.377
65.378
65.379
65.38
65.381
65.382
65.383
65.384
65.385
65.386
65.387
65.388
65.389
65.39
65.391
65.392
65.393
65.394
65.395
65.396
65.397
65.398
65.399
65.4
65.401
65.402
65.403
65.404
65.405
65.406
65.407
65.408
65.409
65.41
65.411
65.412
65.413
65.414
65.415
65.416
65.417
65.418
65.419
65.42
65.421
65.422
65.423
65.424
65.425
65.426
65.427
65.428
65.429
65.43
65.431
65.432
65.433
65.434
65.435
65.436
65.437
65.438
65.439
65.44
65.441
65.442
65.443
65.444
65.445
65.446
65.447
65.448
65.449
65.45
65.451
65.452
65.453
65.454
65.455
65.456
65.457
65.458
65.459
65.46
65.461
65.462
65.463
65.464
65.465
65.466
65.467
65.468
65.469
65.47
65.471
65.472
65.473
65.474
65.475
65.476
65.477
65.478
65.479
65.48
65.481
65.482
65.483
65.484
65.485
65.486
65.487
65.488
65.489
65.49
65.491
65.492
65.493
65.494
65.495
65.496
65.497
65.498
65.499
65.5
65.501
65.502
65.503
65.504
65.505
65.506
65.507
65.508
65.509
65.51
65.511
65.512
65.513
65.514
65.515
65.516
65.517
65.518
65.519
65.52
65.521
65.522
65.523
65.524
65.525
65.526
65.527
65.528
65.529
65.53
65.531
65.532
65.533
65.534
65.535
65.536
65.537
65.538
65.539
65.54
65.541
65.542
65.543
65.544
65.545
65.546
65.547
65.548
65.549
65.55
65.551
65.552
65.553
65.554
65.555
65.556
65.557
65.558
65.559
65.56
65.561
65.562
65.563
65.564
65.565
65.566
65.567
65.568
65.569
65.57
65.571
65.572
65.573
65.574
65.575
65.576
65.577
65.578
65.579
65.58
65.581
65.582
65.583
65.584
65.585
65.586
65.587
65.588
65.589
65.59
65.591
65.592
65.593
65.594
65.595
65.596
65.597
65.598
65.599
65.6
65.601
65.602
65.603
65.604
65.605
65.606
65.607
65.608
65.609
65.61
65.611
65.612
65.613
65.614
65.615
65.616
65.617
65.618
65.619
65.62
65.621
65.622
65.623
65.624
65.625
65.626
65.627
65.628
65.629
65.63
65.631
65.632
65.633
65.634
65.635
65.636
65.637
65.638
65.639
65.64
65.641
65.642
65.643
65.644
65.645
65.646
65.647
65.648
65.649
65.65
65.651
65.652
65.653
65.654
65.655
65.656
65.657
65.658
65.659
65.66
65.661
65.662
65.663
65.664
65.665
65.666
65.667
65.668
65.669
65.67
65.671
65.672
65.673
65.674
65.675
65.676
65.677
65.678
65.679
65.68
65.681
65.682
65.683
65.684
65.685
65.686
65.687
65.688
65.689
65.69
65.691
65.692
65.693
65.694
65.695
65.696
65.697
65.698
65.699
65.7
65.701
65.702
65.703
65.704
65.705
65.706
65.707
65.708
65.709
65.71
65.711
65.712
65.713
65.714
65.715
65.716
65.717
65.718
65.719
65.72
65.721
65.722
65.723
65.724
65.725
65.726
65.727
65.728
65.729
65.73
65.731
65.732
65.733
65.734
65.735
65.736
65.737
65.738
65.739
65.74
65.741
65.742
65.743
65.744
65.745
65.746
65.747
65.748
65.749
65.75
65.751
65.752
65.753
65.754
65.755
65.756
65.757
65.758
65.759
65.76
65.761
65.762
65.763
65.764
65.765
65.766
65.767
65.768
65.769
65.77
65.771
65.772
65.773
65.774
65.775
65.776
65.777
65.778
65.779
65.78
65.781
65.782
65.783
65.784
65.785
65.786
65.787
65.788
65.789
65.79
65.791
65.792
65.793
65.794
65.795
65.796
65.797
65.798
65.799
65.8
65.801
65.802
65.803
65.804
65.805
65.806
65.807
65.808
65.809
65.81
65.811
65.812
65.813
65.814
65.815
65.816
65.817
65.818
65.819
65.82
65.821
65.822
65.823
65.824
65.825
65.826
65.827
65.828
65.829
65.83
65.831
65.832
65.833
65.834
65.835
65.836
65.837
65.838
65.839
65.84
65.841
65.842
65.843
65.844
65.845
65.846
65.847
65.848
65.849
65.85
65.851
65.852
65.853
65.854
65.855
65.856
65.857
65.858
65.859
65.86
65.861
65.862
65.863
65.864
65.865
65.866
65.867
65.868
65.869
65.87
65.871
65.872
65.873
65.874
65.875
65.876
65.877
65.878
65.879
65.88
65.881
65.882
65.883
65.884
65.885
65.886
65.887
65.888
65.889
65.89
65.891
65.892
65.893
65.894
65.895
65.896
65.897
65.898
65.899
65.9
65.901
65.902
65.903
65.904
65.905
65.906
65.907
65.908
65.909
65.91
65.911
65.912
65.913
65.914
65.915
65.916
65.917
65.918
65.919
65.92
65.921
65.922
65.923
65.924
65.925
65.926
65.927
65.928
65.929
65.93
65.931
65.932
65.933
65.934
65.935
65.936
65.937
65.938
65.939
65.94
65.941
65.942
65.943
65.944
65.945
65.946
65.947
65.948
65.949
65.95
65.951
65.952
65.953
65.954
65.955
65.956
65.957
65.958
65.959
65.96
65.961
65.962
65.963
65.964
65.965
65.966
65.967
65.968
65.969
65.97
65.971
65.972
65.973
65.974
65.975
65.976
65.977
65.978
65.979
65.98
65.981
65.982
65.983
65.984
65.985
65.986
65.987
65.988
65.989
65.99
65.991
65.992
65.993
65.994
65.995
65.996
65.997
65.998
65.999
66
66.001
66.002
66.003
66.004
66.005
66.006
66.007
66.008
66.009
66.01
66.011
66.012
66.013
66.014
66.015
66.016
66.017
66.018
66.019
66.02
66.021
66.022
66.023
66.024
66.025
66.026
66.027
66.028
66.029
66.03
66.031
66.032
66.033
66.034
66.035
66.036
66.037
66.038
66.039
66.04
66.041
66.042
66.043
66.044
66.045
66.046
66.047
66.048
66.049
66.05
66.051
66.052
66.053
66.054
66.055
66.056
66.057
66.058
66.059
66.06
66.061
66.062
66.063
66.064
66.065
66.066
66.067
66.068
66.069
66.07
66.071
66.072
66.073
66.074
66.075
66.076
66.077
66.078
66.079
66.08
66.081
66.082
66.083
66.084
66.085
66.086
66.087
66.088
66.089
66.09
66.091
66.092
66.093
66.094
66.095
66.096
66.097
66.098
66.099
66.1
66.101
66.102
66.103
66.104
66.105
66.106
66.107
66.108
66.109
66.11
66.111
66.112
66.113
66.114
66.115
66.116
66.117
66.118
66.119
66.12
66.121
66.122
66.123
66.124
66.125
66.126
66.127
66.128
66.129
66.13
66.131
66.132
66.133
66.134
66.135
66.136
66.137
66.138
66.139
66.14
66.141
66.142
66.143
66.144
66.145
66.146
66.147
66.148
66.149
66.15
66.151
66.152
66.153
66.154
66.155
66.156
66.157
66.158
66.159
66.16
66.161
66.162
66.163
66.164
66.165
66.166
66.167
66.168
66.169
66.17
66.171
66.172
66.173
66.174
66.175
66.176
66.177
66.178
66.179
66.18
66.181
66.182
66.183
66.184
66.185
66.186
66.187
66.188
66.189
66.19
66.191
66.192
66.193
66.194
66.195
66.196
66.197
66.198
66.199
66.2
66.201
66.202
66.203
66.204
66.205
66.206
66.207
66.208
66.209
66.21
66.211
66.212
66.213
66.214
66.215
66.216
66.217
66.218
66.219
66.22
66.221
66.222
66.223
66.224
66.225
66.226
66.227
66.228
66.229
66.23
66.231
66.232
66.233
66.234
66.235
66.236
66.237
66.238
66.239
66.24
66.241
66.242
66.243
66.244
66.245
66.246
66.247
66.248
66.249
66.25
66.251
66.252
66.253
66.254
66.255
66.256
66.257
66.258
66.259
66.26
66.261
66.262
66.263
66.264
66.265
66.266
66.267
66.268
66.269
66.27
66.271
66.272
66.273
66.274
66.275
66.276
66.277
66.278
66.279
66.28
66.281
66.282
66.283
66.284
66.285
66.286
66.287
66.288
66.289
66.29
66.291
66.292
66.293
66.294
66.295
66.296
66.297
66.298
66.299
66.3
66.301
66.302
66.303
66.304
66.305
66.306
66.307
66.308
66.309
66.31
66.311
66.312
66.313
66.314
66.315
66.316
66.317
66.318
66.319
66.32
66.321
66.322
66.323
66.324
66.325
66.326
66.327
66.328
66.329
66.33
66.331
66.332
66.333
66.334
66.335
66.336
66.337
66.338
66.339
66.34
66.341
66.342
66.343
66.344
66.345
66.346
66.347
66.348
66.349
66.35
66.351
66.352
66.353
66.354
66.355
66.356
66.357
66.358
66.359
66.36
66.361
66.362
66.363
66.364
66.365
66.366
66.367
66.368
66.369
66.37
66.371
66.372
66.373
66.374
66.375
66.376
66.377
66.378
66.379
66.38
66.381
66.382
66.383
66.384
66.385
66.386
66.387
66.388
66.389
66.39
66.391
66.392
66.393
66.394
66.395
66.396
66.397
66.398
66.399
66.4
66.401
66.402
66.403
66.404
66.405
66.406
66.407
66.408
66.409
66.41
66.411
66.412
66.413
66.414
66.415
66.416
66.417
66.418
66.419
66.42
66.421
66.422
66.423
66.424
66.425
66.426
66.427
66.428
66.429
66.43
66.431
66.432
66.433
66.434
66.435
66.436
66.437
66.438
66.439
66.44
66.441
66.442
66.443
66.444
66.445
66.446
66.447
66.448
66.449
66.45
66.451
66.452
66.453
66.454
66.455
66.456
66.457
66.458
66.459
66.46
66.461
66.462
66.463
66.464
66.465
66.466
66.467
66.468
66.469
66.47
66.471
66.472
66.473
66.474
66.475
66.476
66.477
66.478
66.479
66.48
66.481
66.482
66.483
66.484
66.485
66.486
66.487
66.488
66.489
66.49
66.491
66.492
66.493
66.494
66.495
66.496
66.497
66.498
66.499
66.5
66.501
66.502
66.503
66.504
66.505
66.506
66.507
66.508
66.509
66.51
66.511
66.512
66.513
66.514
66.515
66.516
66.517
66.518
66.519
66.52
66.521
66.522
66.523
66.524
66.525
66.526
66.527
66.528
66.529
66.53
66.531
66.532
66.533
66.534
66.535
66.536
66.537
66.538
66.539
66.54
66.541
66.542
66.543
66.544
66.545
66.546
66.547
66.548
66.549
66.55
66.551
66.552
66.553
66.554
66.555
66.556
66.557
66.558
66.559
66.56
66.561
66.562
66.563
66.564
66.565
66.566
66.567
66.568
66.569
66.57
66.571
66.572
66.573
66.574
66.575
66.576
66.577
66.578
66.579
66.58
66.581
66.582
66.583
66.584
66.585
66.586
66.587
66.588
66.589
66.59
66.591
66.592
66.593
66.594
66.595
66.596
66.597
66.598
66.599
66.6
66.601
66.602
66.603
66.604
66.605
66.606
66.607
66.608
66.609
66.61
66.611
66.612
66.613
66.614
66.615
66.616
66.617
66.618
66.619
66.62
66.621
66.622
66.623
66.624
66.625
66.626
66.627
66.628
66.629
66.63
66.631
66.632
66.633
66.634
66.635
66.636
66.637
66.638
66.639
66.64
66.641
66.642
66.643
66.644
66.645
66.646
66.647
66.648
66.649
66.65
66.651
66.652
66.653
66.654
66.655
66.656
66.657
66.658
66.659
66.66
66.661
66.662
66.663
66.664
66.665
66.666
66.667
66.668
66.669
66.67
66.671
66.672
66.673
66.674
66.675
66.676
66.677
66.678
66.679
66.68
66.681
66.682
66.683
66.684
66.685
66.686
66.687
66.688
66.689
66.69
66.691
66.692
66.693
66.694
66.695
66.696
66.697
66.698
66.699
66.7
66.701
66.702
66.703
66.704
66.705
66.706
66.707
66.708
66.709
66.71
66.711
66.712
66.713
66.714
66.715
66.716
66.717
66.718
66.719
66.72
66.721
66.722
66.723
66.724
66.725
66.726
66.727
66.728
66.729
66.73
66.731
66.732
66.733
66.734
66.735
66.736
66.737
66.738
66.739
66.74
66.741
66.742
66.743
66.744
66.745
66.746
66.747
66.748
66.749
66.75
66.751
66.752
66.753
66.754
66.755
66.756
66.757
66.758
66.759
66.76
66.761
66.762
66.763
66.764
66.765
66.766
66.767
66.768
66.769
66.77
66.771
66.772
66.773
66.774
66.775
66.776
66.777
66.778
66.779
66.78
66.781
66.782
66.783
66.784
66.785
66.786
66.787
66.788
66.789
66.79
66.791
66.792
66.793
66.794
66.795
66.796
66.797
66.798
66.799
66.8
66.801
66.802
66.803
66.804
66.805
66.806
66.807
66.808
66.809
66.81
66.811
66.812
66.813
66.814
66.815
66.816
66.817
66.818
66.819
66.82
66.821
66.822
66.823
66.824
66.825
66.826
66.827
66.828
66.829
66.83
66.831
66.832
66.833
66.834
66.835
66.836
66.837
66.838
66.839
66.84
66.841
66.842
66.843
66.844
66.845
66.846
66.847
66.848
66.849
66.85
66.851
66.852
66.853
66.854
66.855
66.856
66.857
66.858
66.859
66.86
66.861
66.862
66.863
66.864
66.865
66.866
66.867
66.868
66.869
66.87
66.871
66.872
66.873
66.874
66.875
66.876
66.877
66.878
66.879
66.88
66.881
66.882
66.883
66.884
66.885
66.886
66.887
66.888
66.889
66.89
66.891
66.892
66.893
66.894
66.895
66.896
66.897
66.898
66.899
66.9
66.901
66.902
66.903
66.904
66.905
66.906
66.907
66.908
66.909
66.91
66.911
66.912
66.913
66.914
66.915
66.916
66.917
66.918
66.919
66.92
66.921
66.922
66.923
66.924
66.925
66.926
66.927
66.928
66.929
66.93
66.931
66.932
66.933
66.934
66.935
66.936
66.937
66.938
66.939
66.94
66.941
66.942
66.943
66.944
66.945
66.946
66.947
66.948
66.949
66.95
66.951
66.952
66.953
66.954
66.955
66.956
66.957
66.958
66.959
66.96
66.961
66.962
66.963
66.964
66.965
66.966
66.967
66.968
66.969
66.97
66.971
66.972
66.973
66.974
66.975
66.976
66.977
66.978
66.979
66.98
66.981
66.982
66.983
66.984
66.985
66.986
66.987
66.988
66.989
66.99
66.991
66.992
66.993
66.994
66.995
66.996
66.997
66.998
66.999
67
67.001
67.002
67.003
67.004
67.005
67.006
67.007
67.008
67.009
67.01
67.011
67.012
67.013
67.014
67.015
67.016
67.017
67.018
67.019
67.02
67.021
67.022
67.023
67.024
67.025
67.026
67.027
67.028
67.029
67.03
67.031
67.032
67.033
67.034
67.035
67.036
67.037
67.038
67.039
67.04
67.041
67.042
67.043
67.044
67.045
67.046
67.047
67.048
67.049
67.05
67.051
67.052
67.053
67.054
67.055
67.056
67.057
67.058
67.059
67.06
67.061
67.062
67.063
67.064
67.065
67.066
67.067
67.068
67.069
67.07
67.071
67.072
67.073
67.074
67.075
67.076
67.077
67.078
67.079
67.08
67.081
67.082
67.083
67.084
67.085
67.086
67.087
67.088
67.089
67.09
67.091
67.092
67.093
67.094
67.095
67.096
67.097
67.098
67.099
67.1
67.101
67.102
67.103
67.104
67.105
67.106
67.107
67.108
67.109
67.11
67.111
67.112
67.113
67.114
67.115
67.116
67.117
67.118
67.119
67.12
67.121
67.122
67.123
67.124
67.125
67.126
67.127
67.128
67.129
67.13
67.131
67.132
67.133
67.134
67.135
67.136
67.137
67.138
67.139
67.14
67.141
67.142
67.143
67.144
67.145
67.146
67.147
67.148
67.149
67.15
67.151
67.152
67.153
67.154
67.155
67.156
67.157
67.158
67.159
67.16
67.161
67.162
67.163
67.164
67.165
67.166
67.167
67.168
67.169
67.17
67.171
67.172
67.173
67.174
67.175
67.176
67.177
67.178
67.179
67.18
67.181
67.182
67.183
67.184
67.185
67.186
67.187
67.188
67.189
67.19
67.191
67.192
67.193
67.194
67.195
67.196
67.197
67.198
67.199
67.2
67.201
67.202
67.203
67.204
67.205
67.206
67.207
67.208
67.209
67.21
67.211
67.212
67.213
67.214
67.215
67.216
67.217
67.218
67.219
67.22
67.221
67.222
67.223
67.224
67.225
67.226
67.227
67.228
67.229
67.23
67.231
67.232
67.233
67.234
67.235
67.236
67.237
67.238
67.239
67.24
67.241
67.242
67.243
67.244
67.245
67.246
67.247
67.248
67.249
67.25
67.251
67.252
67.253
67.254
67.255
67.256
67.257
67.258
67.259
67.26
67.261
67.262
67.263
67.264
67.265
67.266
67.267
67.268
67.269
67.27
67.271
67.272
67.273
67.274
67.275
67.276
67.277
67.278
67.279
67.28
67.281
67.282
67.283
67.284
67.285
67.286
67.287
67.288
67.289
67.29
67.291
67.292
67.293
67.294
67.295
67.296
67.297
67.298
67.299
67.3
67.301
67.302
67.303
67.304
67.305
67.306
67.307
67.308
67.309
67.31
67.311
67.312
67.313
67.314
67.315
67.316
67.317
67.318
67.319
67.32
67.321
67.322
67.323
67.324
67.325
67.326
67.327
67.328
67.329
67.33
67.331
67.332
67.333
67.334
67.335
67.336
67.337
67.338
67.339
67.34
67.341
67.342
67.343
67.344
67.345
67.346
67.347
67.348
67.349
67.35
67.351
67.352
67.353
67.354
67.355
67.356
67.357
67.358
67.359
67.36
67.361
67.362
67.363
67.364
67.365
67.366
67.367
67.368
67.369
67.37
67.371
67.372
67.373
67.374
67.375
67.376
67.377
67.378
67.379
67.38
67.381
67.382
67.383
67.384
67.385
67.386
67.387
67.388
67.389
67.39
67.391
67.392
67.393
67.394
67.395
67.396
67.397
67.398
67.399
67.4
67.401
67.402
67.403
67.404
67.405
67.406
67.407
67.408
67.409
67.41
67.411
67.412
67.413
67.414
67.415
67.416
67.417
67.418
67.419
67.42
67.421
67.422
67.423
67.424
67.425
67.426
67.427
67.428
67.429
67.43
67.431
67.432
67.433
67.434
67.435
67.436
67.437
67.438
67.439
67.44
67.441
67.442
67.443
67.444
67.445
67.446
67.447
67.448
67.449
67.45
67.451
67.452
67.453
67.454
67.455
67.456
67.457
67.458
67.459
67.46
67.461
67.462
67.463
67.464
67.465
67.466
67.467
67.468
67.469
67.47
67.471
67.472
67.473
67.474
67.475
67.476
67.477
67.478
67.479
67.48
67.481
67.482
67.483
67.484
67.485
67.486
67.487
67.488
67.489
67.49
67.491
67.492
67.493
67.494
67.495
67.496
67.497
67.498
67.499
67.5
67.501
67.502
67.503
67.504
67.505
67.506
67.507
67.508
67.509
67.51
67.511
67.512
67.513
67.514
67.515
67.516
67.517
67.518
67.519
67.52
67.521
67.522
67.523
67.524
67.525
67.526
67.527
67.528
67.529
67.53
67.531
67.532
67.533
67.534
67.535
67.536
67.537
67.538
67.539
67.54
67.541
67.542
67.543
67.544
67.545
67.546
67.547
67.548
67.549
67.55
67.551
67.552
67.553
67.554
67.555
67.556
67.557
67.558
67.559
67.56
67.561
67.562
67.563
67.564
67.565
67.566
67.567
67.568
67.569
67.57
67.571
67.572
67.573
67.574
67.575
67.576
67.577
67.578
67.579
67.58
67.581
67.582
67.583
67.584
67.585
67.586
67.587
67.588
67.589
67.59
67.591
67.592
67.593
67.594
67.595
67.596
67.597
67.598
67.599
67.6
67.601
67.602
67.603
67.604
67.605
67.606
67.607
67.608
67.609
67.61
67.611
67.612
67.613
67.614
67.615
67.616
67.617
67.618
67.619
67.62
67.621
67.622
67.623
67.624
67.625
67.626
67.627
67.628
67.629
67.63
67.631
67.632
67.633
67.634
67.635
67.636
67.637
67.638
67.639
67.64
67.641
67.642
67.643
67.644
67.645
67.646
67.647
67.648
67.649
67.65
67.651
67.652
67.653
67.654
67.655
67.656
67.657
67.658
67.659
67.66
67.661
67.662
67.663
67.664
67.665
67.666
67.667
67.668
67.669
67.67
67.671
67.672
67.673
67.674
67.675
67.676
67.677
67.678
67.679
67.68
67.681
67.682
67.683
67.684
67.685
67.686
67.687
67.688
67.689
67.69
67.691
67.692
67.693
67.694
67.695
67.696
67.697
67.698
67.699
67.7
67.701
67.702
67.703
67.704
67.705
67.706
67.707
67.708
67.709
67.71
67.711
67.712
67.713
67.714
67.715
67.716
67.717
67.718
67.719
67.72
67.721
67.722
67.723
67.724
67.725
67.726
67.727
67.728
67.729
67.73
67.731
67.732
67.733
67.734
67.735
67.736
67.737
67.738
67.739
67.74
67.741
67.742
67.743
67.744
67.745
67.746
67.747
67.748
67.749
67.75
67.751
67.752
67.753
67.754
67.755
67.756
67.757
67.758
67.759
67.76
67.761
67.762
67.763
67.764
67.765
67.766
67.767
67.768
67.769
67.77
67.771
67.772
67.773
67.774
67.775
67.776
67.777
67.778
67.779
67.78
67.781
67.782
67.783
67.784
67.785
67.786
67.787
67.788
67.789
67.79
67.791
67.792
67.793
67.794
67.795
67.796
67.797
67.798
67.799
67.8
67.801
67.802
67.803
67.804
67.805
67.806
67.807
67.808
67.809
67.81
67.811
67.812
67.813
67.814
67.815
67.816
67.817
67.818
67.819
67.82
67.821
67.822
67.823
67.824
67.825
67.826
67.827
67.828
67.829
67.83
67.831
67.832
67.833
67.834
67.835
67.836
67.837
67.838
67.839
67.84
67.841
67.842
67.843
67.844
67.845
67.846
67.847
67.848
67.849
67.85
67.851
67.852
67.853
67.854
67.855
67.856
67.857
67.858
67.859
67.86
67.861
67.862
67.863
67.864
67.865
67.866
67.867
67.868
67.869
67.87
67.871
67.872
67.873
67.874
67.875
67.876
67.877
67.878
67.879
67.88
67.881
67.882
67.883
67.884
67.885
67.886
67.887
67.888
67.889
67.89
67.891
67.892
67.893
67.894
67.895
67.896
67.897
67.898
67.899
67.9
67.901
67.902
67.903
67.904
67.905
67.906
67.907
67.908
67.909
67.91
67.911
67.912
67.913
67.914
67.915
67.916
67.917
67.918
67.919
67.92
67.921
67.922
67.923
67.924
67.925
67.926
67.927
67.928
67.929
67.93
67.931
67.932
67.933
67.934
67.935
67.936
67.937
67.938
67.939
67.94
67.941
67.942
67.943
67.944
67.945
67.946
67.947
67.948
67.949
67.95
67.951
67.952
67.953
67.954
67.955
67.956
67.957
67.958
67.959
67.96
67.961
67.962
67.963
67.964
67.965
67.966
67.967
67.968
67.969
67.97
67.971
67.972
67.973
67.974
67.975
67.976
67.977
67.978
67.979
67.98
67.981
67.982
67.983
67.984
67.985
67.986
67.987
67.988
67.989
67.99
67.991
67.992
67.993
67.994
67.995
67.996
67.997
67.998
67.999
68
68.001
68.002
68.003
68.004
68.005
68.006
68.007
68.008
68.009
68.01
68.011
68.012
68.013
68.014
68.015
68.016
68.017
68.018
68.019
68.02
68.021
68.022
68.023
68.024
68.025
68.026
68.027
68.028
68.029
68.03
68.031
68.032
68.033
68.034
68.035
68.036
68.037
68.038
68.039
68.04
68.041
68.042
68.043
68.044
68.045
68.046
68.047
68.048
68.049
68.05
68.051
68.052
68.053
68.054
68.055
68.056
68.057
68.058
68.059
68.06
68.061
68.062
68.063
68.064
68.065
68.066
68.067
68.068
68.069
68.07
68.071
68.072
68.073
68.074
68.075
68.076
68.077
68.078
68.079
68.08
68.081
68.082
68.083
68.084
68.085
68.086
68.087
68.088
68.089
68.09
68.091
68.092
68.093
68.094
68.095
68.096
68.097
68.098
68.099
68.1
68.101
68.102
68.103
68.104
68.105
68.106
68.107
68.108
68.109
68.11
68.111
68.112
68.113
68.114
68.115
68.116
68.117
68.118
68.119
68.12
68.121
68.122
68.123
68.124
68.125
68.126
68.127
68.128
68.129
68.13
68.131
68.132
68.133
68.134
68.135
68.136
68.137
68.138
68.139
68.14
68.141
68.142
68.143
68.144
68.145
68.146
68.147
68.148
68.149
68.15
68.151
68.152
68.153
68.154
68.155
68.156
68.157
68.158
68.159
68.16
68.161
68.162
68.163
68.164
68.165
68.166
68.167
68.168
68.169
68.17
68.171
68.172
68.173
68.174
68.175
68.176
68.177
68.178
68.179
68.18
68.181
68.182
68.183
68.184
68.185
68.186
68.187
68.188
68.189
68.19
68.191
68.192
68.193
68.194
68.195
68.196
68.197
68.198
68.199
68.2
68.201
68.202
68.203
68.204
68.205
68.206
68.207
68.208
68.209
68.21
68.211
68.212
68.213
68.214
68.215
68.216
68.217
68.218
68.219
68.22
68.221
68.222
68.223
68.224
68.225
68.226
68.227
68.228
68.229
68.23
68.231
68.232
68.233
68.234
68.235
68.236
68.237
68.238
68.239
68.24
68.241
68.242
68.243
68.244
68.245
68.246
68.247
68.248
68.249
68.25
68.251
68.252
68.253
68.254
68.255
68.256
68.257
68.258
68.259
68.26
68.261
68.262
68.263
68.264
68.265
68.266
68.267
68.268
68.269
68.27
68.271
68.272
68.273
68.274
68.275
68.276
68.277
68.278
68.279
68.28
68.281
68.282
68.283
68.284
68.285
68.286
68.287
68.288
68.289
68.29
68.291
68.292
68.293
68.294
68.295
68.296
68.297
68.298
68.299
68.3
68.301
68.302
68.303
68.304
68.305
68.306
68.307
68.308
68.309
68.31
68.311
68.312
68.313
68.314
68.315
68.316
68.317
68.318
68.319
68.32
68.321
68.322
68.323
68.324
68.325
68.326
68.327
68.328
68.329
68.33
68.331
68.332
68.333
68.334
68.335
68.336
68.337
68.338
68.339
68.34
68.341
68.342
68.343
68.344
68.345
68.346
68.347
68.348
68.349
68.35
68.351
68.352
68.353
68.354
68.355
68.356
68.357
68.358
68.359
68.36
68.361
68.362
68.363
68.364
68.365
68.366
68.367
68.368
68.369
68.37
68.371
68.372
68.373
68.374
68.375
68.376
68.377
68.378
68.379
68.38
68.381
68.382
68.383
68.384
68.385
68.386
68.387
68.388
68.389
68.39
68.391
68.392
68.393
68.394
68.395
68.396
68.397
68.398
68.399
68.4
68.401
68.402
68.403
68.404
68.405
68.406
68.407
68.408
68.409
68.41
68.411
68.412
68.413
68.414
68.415
68.416
68.417
68.418
68.419
68.42
68.421
68.422
68.423
68.424
68.425
68.426
68.427
68.428
68.429
68.43
68.431
68.432
68.433
68.434
68.435
68.436
68.437
68.438
68.439
68.44
68.441
68.442
68.443
68.444
68.445
68.446
68.447
68.448
68.449
68.45
68.451
68.452
68.453
68.454
68.455
68.456
68.457
68.458
68.459
68.46
68.461
68.462
68.463
68.464
68.465
68.466
68.467
68.468
68.469
68.47
68.471
68.472
68.473
68.474
68.475
68.476
68.477
68.478
68.479
68.48
68.481
68.482
68.483
68.484
68.485
68.486
68.487
68.488
68.489
68.49
68.491
68.492
68.493
68.494
68.495
68.496
68.497
68.498
68.499
68.5
68.501
68.502
68.503
68.504
68.505
68.506
68.507
68.508
68.509
68.51
68.511
68.512
68.513
68.514
68.515
68.516
68.517
68.518
68.519
68.52
68.521
68.522
68.523
68.524
68.525
68.526
68.527
68.528
68.529
68.53
68.531
68.532
68.533
68.534
68.535
68.536
68.537
68.538
68.539
68.54
68.541
68.542
68.543
68.544
68.545
68.546
68.547
68.548
68.549
68.55
68.551
68.552
68.553
68.554
68.555
68.556
68.557
68.558
68.559
68.56
68.561
68.562
68.563
68.564
68.565
68.566
68.567
68.568
68.569
68.57
68.571
68.572
68.573
68.574
68.575
68.576
68.577
68.578
68.579
68.58
68.581
68.582
68.583
68.584
68.585
68.586
68.587
68.588
68.589
68.59
68.591
68.592
68.593
68.594
68.595
68.596
68.597
68.598
68.599
68.6
68.601
68.602
68.603
68.604
68.605
68.606
68.607
68.608
68.609
68.61
68.611
68.612
68.613
68.614
68.615
68.616
68.617
68.618
68.619
68.62
68.621
68.622
68.623
68.624
68.625
68.626
68.627
68.628
68.629
68.63
68.631
68.632
68.633
68.634
68.635
68.636
68.637
68.638
68.639
68.64
68.641
68.642
68.643
68.644
68.645
68.646
68.647
68.648
68.649
68.65
68.651
68.652
68.653
68.654
68.655
68.656
68.657
68.658
68.659
68.66
68.661
68.662
68.663
68.664
68.665
68.666
68.667
68.668
68.669
68.67
68.671
68.672
68.673
68.674
68.675
68.676
68.677
68.678
68.679
68.68
68.681
68.682
68.683
68.684
68.685
68.686
68.687
68.688
68.689
68.69
68.691
68.692
68.693
68.694
68.695
68.696
68.697
68.698
68.699
68.7
68.701
68.702
68.703
68.704
68.705
68.706
68.707
68.708
68.709
68.71
68.711
68.712
68.713
68.714
68.715
68.716
68.717
68.718
68.719
68.72
68.721
68.722
68.723
68.724
68.725
68.726
68.727
68.728
68.729
68.73
68.731
68.732
68.733
68.734
68.735
68.736
68.737
68.738
68.739
68.74
68.741
68.742
68.743
68.744
68.745
68.746
68.747
68.748
68.749
68.75
68.751
68.752
68.753
68.754
68.755
68.756
68.757
68.758
68.759
68.76
68.761
68.762
68.763
68.764
68.765
68.766
68.767
68.768
68.769
68.77
68.771
68.772
68.773
68.774
68.775
68.776
68.777
68.778
68.779
68.78
68.781
68.782
68.783
68.784
68.785
68.786
68.787
68.788
68.789
68.79
68.791
68.792
68.793
68.794
68.795
68.796
68.797
68.798
68.799
68.8
68.801
68.802
68.803
68.804
68.805
68.806
68.807
68.808
68.809
68.81
68.811
68.812
68.813
68.814
68.815
68.816
68.817
68.818
68.819
68.82
68.821
68.822
68.823
68.824
68.825
68.826
68.827
68.828
68.829
68.83
68.831
68.832
68.833
68.834
68.835
68.836
68.837
68.838
68.839
68.84
68.841
68.842
68.843
68.844
68.845
68.846
68.847
68.848
68.849
68.85
68.851
68.852
68.853
68.854
68.855
68.856
68.857
68.858
68.859
68.86
68.861
68.862
68.863
68.864
68.865
68.866
68.867
68.868
68.869
68.87
68.871
68.872
68.873
68.874
68.875
68.876
68.877
68.878
68.879
68.88
68.881
68.882
68.883
68.884
68.885
68.886
68.887
68.888
68.889
68.89
68.891
68.892
68.893
68.894
68.895
68.896
68.897
68.898
68.899
68.9
68.901
68.902
68.903
68.904
68.905
68.906
68.907
68.908
68.909
68.91
68.911
68.912
68.913
68.914
68.915
68.916
68.917
68.918
68.919
68.92
68.921
68.922
68.923
68.924
68.925
68.926
68.927
68.928
68.929
68.93
68.931
68.932
68.933
68.934
68.935
68.936
68.937
68.938
68.939
68.94
68.941
68.942
68.943
68.944
68.945
68.946
68.947
68.948
68.949
68.95
68.951
68.952
68.953
68.954
68.955
68.956
68.957
68.958
68.959
68.96
68.961
68.962
68.963
68.964
68.965
68.966
68.967
68.968
68.969
68.97
68.971
68.972
68.973
68.974
68.975
68.976
68.977
68.978
68.979
68.98
68.981
68.982
68.983
68.984
68.985
68.986
68.987
68.988
68.989
68.99
68.991
68.992
68.993
68.994
68.995
68.996
68.997
68.998
68.999
69
69.001
69.002
69.003
69.004
69.005
69.006
69.007
69.008
69.009
69.01
69.011
69.012
69.013
69.014
69.015
69.016
69.017
69.018
69.019
69.02
69.021
69.022
69.023
69.024
69.025
69.026
69.027
69.028
69.029
69.03
69.031
69.032
69.033
69.034
69.035
69.036
69.037
69.038
69.039
69.04
69.041
69.042
69.043
69.044
69.045
69.046
69.047
69.048
69.049
69.05
69.051
69.052
69.053
69.054
69.055
69.056
69.057
69.058
69.059
69.06
69.061
69.062
69.063
69.064
69.065
69.066
69.067
69.068
69.069
69.07
69.071
69.072
69.073
69.074
69.075
69.076
69.077
69.078
69.079
69.08
69.081
69.082
69.083
69.084
69.085
69.086
69.087
69.088
69.089
69.09
69.091
69.092
69.093
69.094
69.095
69.096
69.097
69.098
69.099
69.1
69.101
69.102
69.103
69.104
69.105
69.106
69.107
69.108
69.109
69.11
69.111
69.112
69.113
69.114
69.115
69.116
69.117
69.118
69.119
69.12
69.121
69.122
69.123
69.124
69.125
69.126
69.127
69.128
69.129
69.13
69.131
69.132
69.133
69.134
69.135
69.136
69.137
69.138
69.139
69.14
69.141
69.142
69.143
69.144
69.145
69.146
69.147
69.148
69.149
69.15
69.151
69.152
69.153
69.154
69.155
69.156
69.157
69.158
69.159
69.16
69.161
69.162
69.163
69.164
69.165
69.166
69.167
69.168
69.169
69.17
69.171
69.172
69.173
69.174
69.175
69.176
69.177
69.178
69.179
69.18
69.181
69.182
69.183
69.184
69.185
69.186
69.187
69.188
69.189
69.19
69.191
69.192
69.193
69.194
69.195
69.196
69.197
69.198
69.199
69.2
69.201
69.202
69.203
69.204
69.205
69.206
69.207
69.208
69.209
69.21
69.211
69.212
69.213
69.214
69.215
69.216
69.217
69.218
69.219
69.22
69.221
69.222
69.223
69.224
69.225
69.226
69.227
69.228
69.229
69.23
69.231
69.232
69.233
69.234
69.235
69.236
69.237
69.238
69.239
69.24
69.241
69.242
69.243
69.244
69.245
69.246
69.247
69.248
69.249
69.25
69.251
69.252
69.253
69.254
69.255
69.256
69.257
69.258
69.259
69.26
69.261
69.262
69.263
69.264
69.265
69.266
69.267
69.268
69.269
69.27
69.271
69.272
69.273
69.274
69.275
69.276
69.277
69.278
69.279
69.28
69.281
69.282
69.283
69.284
69.285
69.286
69.287
69.288
69.289
69.29
69.291
69.292
69.293
69.294
69.295
69.296
69.297
69.298
69.299
69.3
69.301
69.302
69.303
69.304
69.305
69.306
69.307
69.308
69.309
69.31
69.311
69.312
69.313
69.314
69.315
69.316
69.317
69.318
69.319
69.32
69.321
69.322
69.323
69.324
69.325
69.326
69.327
69.328
69.329
69.33
69.331
69.332
69.333
69.334
69.335
69.336
69.337
69.338
69.339
69.34
69.341
69.342
69.343
69.344
69.345
69.346
69.347
69.348
69.349
69.35
69.351
69.352
69.353
69.354
69.355
69.356
69.357
69.358
69.359
69.36
69.361
69.362
69.363
69.364
69.365
69.366
69.367
69.368
69.369
69.37
69.371
69.372
69.373
69.374
69.375
69.376
69.377
69.378
69.379
69.38
69.381
69.382
69.383
69.384
69.385
69.386
69.387
69.388
69.389
69.39
69.391
69.392
69.393
69.394
69.395
69.396
69.397
69.398
69.399
69.4
69.401
69.402
69.403
69.404
69.405
69.406
69.407
69.408
69.409
69.41
69.411
69.412
69.413
69.414
69.415
69.416
69.417
69.418
69.419
69.42
69.421
69.422
69.423
69.424
69.425
69.426
69.427
69.428
69.429
69.43
69.431
69.432
69.433
69.434
69.435
69.436
69.437
69.438
69.439
69.44
69.441
69.442
69.443
69.444
69.445
69.446
69.447
69.448
69.449
69.45
69.451
69.452
69.453
69.454
69.455
69.456
69.457
69.458
69.459
69.46
69.461
69.462
69.463
69.464
69.465
69.466
69.467
69.468
69.469
69.47
69.471
69.472
69.473
69.474
69.475
69.476
69.477
69.478
69.479
69.48
69.481
69.482
69.483
69.484
69.485
69.486
69.487
69.488
69.489
69.49
69.491
69.492
69.493
69.494
69.495
69.496
69.497
69.498
69.499
69.5
69.501
69.502
69.503
69.504
69.505
69.506
69.507
69.508
69.509
69.51
69.511
69.512
69.513
69.514
69.515
69.516
69.517
69.518
69.519
69.52
69.521
69.522
69.523
69.524
69.525
69.526
69.527
69.528
69.529
69.53
69.531
69.532
69.533
69.534
69.535
69.536
69.537
69.538
69.539
69.54
69.541
69.542
69.543
69.544
69.545
69.546
69.547
69.548
69.549
69.55
69.551
69.552
69.553
69.554
69.555
69.556
69.557
69.558
69.559
69.56
69.561
69.562
69.563
69.564
69.565
69.566
69.567
69.568
69.569
69.57
69.571
69.572
69.573
69.574
69.575
69.576
69.577
69.578
69.579
69.58
69.581
69.582
69.583
69.584
69.585
69.586
69.587
69.588
69.589
69.59
69.591
69.592
69.593
69.594
69.595
69.596
69.597
69.598
69.599
69.6
69.601
69.602
69.603
69.604
69.605
69.606
69.607
69.608
69.609
69.61
69.611
69.612
69.613
69.614
69.615
69.616
69.617
69.618
69.619
69.62
69.621
69.622
69.623
69.624
69.625
69.626
69.627
69.628
69.629
69.63
69.631
69.632
69.633
69.634
69.635
69.636
69.637
69.638
69.639
69.64
69.641
69.642
69.643
69.644
69.645
69.646
69.647
69.648
69.649
69.65
69.651
69.652
69.653
69.654
69.655
69.656
69.657
69.658
69.659
69.66
69.661
69.662
69.663
69.664
69.665
69.666
69.667
69.668
69.669
69.67
69.671
69.672
69.673
69.674
69.675
69.676
69.677
69.678
69.679
69.68
69.681
69.682
69.683
69.684
69.685
69.686
69.687
69.688
69.689
69.69
69.691
69.692
69.693
69.694
69.695
69.696
69.697
69.698
69.699
69.7
69.701
69.702
69.703
69.704
69.705
69.706
69.707
69.708
69.709
69.71
69.711
69.712
69.713
69.714
69.715
69.716
69.717
69.718
69.719
69.72
69.721
69.722
69.723
69.724
69.725
69.726
69.727
69.728
69.729
69.73
69.731
69.732
69.733
69.734
69.735
69.736
69.737
69.738
69.739
69.74
69.741
69.742
69.743
69.744
69.745
69.746
69.747
69.748
69.749
69.75
69.751
69.752
69.753
69.754
69.755
69.756
69.757
69.758
69.759
69.76
69.761
69.762
69.763
69.764
69.765
69.766
69.767
69.768
69.769
69.77
69.771
69.772
69.773
69.774
69.775
69.776
69.777
69.778
69.779
69.78
69.781
69.782
69.783
69.784
69.785
69.786
69.787
69.788
69.789
69.79
69.791
69.792
69.793
69.794
69.795
69.796
69.797
69.798
69.799
69.8
69.801
69.802
69.803
69.804
69.805
69.806
69.807
69.808
69.809
69.81
69.811
69.812
69.813
69.814
69.815
69.816
69.817
69.818
69.819
69.82
69.821
69.822
69.823
69.824
69.825
69.826
69.827
69.828
69.829
69.83
69.831
69.832
69.833
69.834
69.835
69.836
69.837
69.838
69.839
69.84
69.841
69.842
69.843
69.844
69.845
69.846
69.847
69.848
69.849
69.85
69.851
69.852
69.853
69.854
69.855
69.856
69.857
69.858
69.859
69.86
69.861
69.862
69.863
69.864
69.865
69.866
69.867
69.868
69.869
69.87
69.871
69.872
69.873
69.874
69.875
69.876
69.877
69.878
69.879
69.88
69.881
69.882
69.883
69.884
69.885
69.886
69.887
69.888
69.889
69.89
69.891
69.892
69.893
69.894
69.895
69.896
69.897
69.898
69.899
69.9
69.901
69.902
69.903
69.904
69.905
69.906
69.907
69.908
69.909
69.91
69.911
69.912
69.913
69.914
69.915
69.916
69.917
69.918
69.919
69.92
69.921
69.922
69.923
69.924
69.925
69.926
69.927
69.928
69.929
69.93
69.931
69.932
69.933
69.934
69.935
69.936
69.937
69.938
69.939
69.94
69.941
69.942
69.943
69.944
69.945
69.946
69.947
69.948
69.949
69.95
69.951
69.952
69.953
69.954
69.955
69.956
69.957
69.958
69.959
69.96
69.961
69.962
69.963
69.964
69.965
69.966
69.967
69.968
69.969
69.97
69.971
69.972
69.973
69.974
69.975
69.976
69.977
69.978
69.979
69.98
69.981
69.982
69.983
69.984
69.985
69.986
69.987
69.988
69.989
69.99
69.991
69.992
69.993
69.994
69.995
69.996
69.997
69.998
69.999
70
70.001
70.002
70.003
70.004
70.005
70.006
70.007
70.008
70.009
70.01
70.011
70.012
70.013
70.014
70.015
70.016
70.017
70.018
70.019
70.02
70.021
70.022
70.023
70.024
70.025
70.026
70.027
70.028
70.029
70.03
70.031
70.032
70.033
70.034
70.035
70.036
70.037
70.038
70.039
70.04
70.041
70.042
70.043
70.044
70.045
70.046
70.047
70.048
70.049
70.05
70.051
70.052
70.053
70.054
70.055
70.056
70.057
70.058
70.059
70.06
70.061
70.062
70.063
70.064
70.065
70.066
70.067
70.068
70.069
70.07
70.071
70.072
70.073
70.074
70.075
70.076
70.077
70.078
70.079
70.08
70.081
70.082
70.083
70.084
70.085
70.086
70.087
70.088
70.089
70.09
70.091
70.092
70.093
70.094
70.095
70.096
70.097
70.098
70.099
70.1
70.101
70.102
70.103
70.104
70.105
70.106
70.107
70.108
70.109
70.11
70.111
70.112
70.113
70.114
70.115
70.116
70.117
70.118
70.119
70.12
70.121
70.122
70.123
70.124
70.125
70.126
70.127
70.128
70.129
70.13
70.131
70.132
70.133
70.134
70.135
70.136
70.137
70.138
70.139
70.14
70.141
70.142
70.143
70.144
70.145
70.146
70.147
70.148
70.149
70.15
70.151
70.152
70.153
70.154
70.155
70.156
70.157
70.158
70.159
70.16
70.161
70.162
70.163
70.164
70.165
70.166
70.167
70.168
70.169
70.17
70.171
70.172
70.173
70.174
70.175
70.176
70.177
70.178
70.179
70.18
70.181
70.182
70.183
70.184
70.185
70.186
70.187
70.188
70.189
70.19
70.191
70.192
70.193
70.194
70.195
70.196
70.197
70.198
70.199
70.2
70.201
70.202
70.203
70.204
70.205
70.206
70.207
70.208
70.209
70.21
70.211
70.212
70.213
70.214
70.215
70.216
70.217
70.218
70.219
70.22
70.221
70.222
70.223
70.224
70.225
70.226
70.227
70.228
70.229
70.23
70.231
70.232
70.233
70.234
70.235
70.236
70.237
70.238
70.239
70.24
70.241
70.242
70.243
70.244
70.245
70.246
70.247
70.248
70.249
70.25
70.251
70.252
70.253
70.254
70.255
70.256
70.257
70.258
70.259
70.26
70.261
70.262
70.263
70.264
70.265
70.266
70.267
70.268
70.269
70.27
70.271
70.272
70.273
70.274
70.275
70.276
70.277
70.278
70.279
70.28
70.281
70.282
70.283
70.284
70.285
70.286
70.287
70.288
70.289
70.29
70.291
70.292
70.293
70.294
70.295
70.296
70.297
70.298
70.299
70.3
70.301
70.302
70.303
70.304
70.305
70.306
70.307
70.308
70.309
70.31
70.311
70.312
70.313
70.314
70.315
70.316
70.317
70.318
70.319
70.32
70.321
70.322
70.323
70.324
70.325
70.326
70.327
70.328
70.329
70.33
70.331
70.332
70.333
70.334
70.335
70.336
70.337
70.338
70.339
70.34
70.341
70.342
70.343
70.344
70.345
70.346
70.347
70.348
70.349
70.35
70.351
70.352
70.353
70.354
70.355
70.356
70.357
70.358
70.359
70.36
70.361
70.362
70.363
70.364
70.365
70.366
70.367
70.368
70.369
70.37
70.371
70.372
70.373
70.374
70.375
70.376
70.377
70.378
70.379
70.38
70.381
70.382
70.383
70.384
70.385
70.386
70.387
70.388
70.389
70.39
70.391
70.392
70.393
70.394
70.395
70.396
70.397
70.398
70.399
70.4
70.401
70.402
70.403
70.404
70.405
70.406
70.407
70.408
70.409
70.41
70.411
70.412
70.413
70.414
70.415
70.416
70.417
70.418
70.419
70.42
70.421
70.422
70.423
70.424
70.425
70.426
70.427
70.428
70.429
70.43
70.431
70.432
70.433
70.434
70.435
70.436
70.437
70.438
70.439
70.44
70.441
70.442
70.443
70.444
70.445
70.446
70.447
70.448
70.449
70.45
70.451
70.452
70.453
70.454
70.455
70.456
70.457
70.458
70.459
70.46
70.461
70.462
70.463
70.464
70.465
70.466
70.467
70.468
70.469
70.47
70.471
70.472
70.473
70.474
70.475
70.476
70.477
70.478
70.479
70.48
70.481
70.482
70.483
70.484
70.485
70.486
70.487
70.488
70.489
70.49
70.491
70.492
70.493
70.494
70.495
70.496
70.497
70.498
70.499
70.5
70.501
70.502
70.503
70.504
70.505
70.506
70.507
70.508
70.509
70.51
70.511
70.512
70.513
70.514
70.515
70.516
70.517
70.518
70.519
70.52
70.521
70.522
70.523
70.524
70.525
70.526
70.527
70.528
70.529
70.53
70.531
70.532
70.533
70.534
70.535
70.536
70.537
70.538
70.539
70.54
70.541
70.542
70.543
70.544
70.545
70.546
70.547
70.548
70.549
70.55
70.551
70.552
70.553
70.554
70.555
70.556
70.557
70.558
70.559
70.56
70.561
70.562
70.563
70.564
70.565
70.566
70.567
70.568
70.569
70.57
70.571
70.572
70.573
70.574
70.575
70.576
70.577
70.578
70.579
70.58
70.581
70.582
70.583
70.584
70.585
70.586
70.587
70.588
70.589
70.59
70.591
70.592
70.593
70.594
70.595
70.596
70.597
70.598
70.599
70.6
70.601
70.602
70.603
70.604
70.605
70.606
70.607
70.608
70.609
70.61
70.611
70.612
70.613
70.614
70.615
70.616
70.617
70.618
70.619
70.62
70.621
70.622
70.623
70.624
70.625
70.626
70.627
70.628
70.629
70.63
70.631
70.632
70.633
70.634
70.635
70.636
70.637
70.638
70.639
70.64
70.641
70.642
70.643
70.644
70.645
70.646
70.647
70.648
70.649
70.65
70.651
70.652
70.653
70.654
70.655
70.656
70.657
70.658
70.659
70.66
70.661
70.662
70.663
70.664
70.665
70.666
70.667
70.668
70.669
70.67
70.671
70.672
70.673
70.674
70.675
70.676
70.677
70.678
70.679
70.68
70.681
70.682
70.683
70.684
70.685
70.686
70.687
70.688
70.689
70.69
70.691
70.692
70.693
70.694
70.695
70.696
70.697
70.698
70.699
70.7
70.701
70.702
70.703
70.704
70.705
70.706
70.707
70.708
70.709
70.71
70.711
70.712
70.713
70.714
70.715
70.716
70.717
70.718
70.719
70.72
70.721
70.722
70.723
70.724
70.725
70.726
70.727
70.728
70.729
70.73
70.731
70.732
70.733
70.734
70.735
70.736
70.737
70.738
70.739
70.74
70.741
70.742
70.743
70.744
70.745
70.746
70.747
70.748
70.749
70.75
70.751
70.752
70.753
70.754
70.755
70.756
70.757
70.758
70.759
70.76
70.761
70.762
70.763
70.764
70.765
70.766
70.767
70.768
70.769
70.77
70.771
70.772
70.773
70.774
70.775
70.776
70.777
70.778
70.779
70.78
70.781
70.782
70.783
70.784
70.785
70.786
70.787
70.788
70.789
70.79
70.791
70.792
70.793
70.794
70.795
70.796
70.797
70.798
70.799
70.8
70.801
70.802
70.803
70.804
70.805
70.806
70.807
70.808
70.809
70.81
70.811
70.812
70.813
70.814
70.815
70.816
70.817
70.818
70.819
70.82
70.821
70.822
70.823
70.824
70.825
70.826
70.827
70.828
70.829
70.83
70.831
70.832
70.833
70.834
70.835
70.836
70.837
70.838
70.839
70.84
70.841
70.842
70.843
70.844
70.845
70.846
70.847
70.848
70.849
70.85
70.851
70.852
70.853
70.854
70.855
70.856
70.857
70.858
70.859
70.86
70.861
70.862
70.863
70.864
70.865
70.866
70.867
70.868
70.869
70.87
70.871
70.872
70.873
70.874
70.875
70.876
70.877
70.878
70.879
70.88
70.881
70.882
70.883
70.884
70.885
70.886
70.887
70.888
70.889
70.89
70.891
70.892
70.893
70.894
70.895
70.896
70.897
70.898
70.899
70.9
70.901
70.902
70.903
70.904
70.905
70.906
70.907
70.908
70.909
70.91
70.911
70.912
70.913
70.914
70.915
70.916
70.917
70.918
70.919
70.92
70.921
70.922
70.923
70.924
70.925
70.926
70.927
70.928
70.929
70.93
70.931
70.932
70.933
70.934
70.935
70.936
70.937
70.938
70.939
70.94
70.941
70.942
70.943
70.944
70.945
70.946
70.947
70.948
70.949
70.95
70.951
70.952
70.953
70.954
70.955
70.956
70.957
70.958
70.959
70.96
70.961
70.962
70.963
70.964
70.965
70.966
70.967
70.968
70.969
70.97
70.971
70.972
70.973
70.974
70.975
70.976
70.977
70.978
70.979
70.98
70.981
70.982
70.983
70.984
70.985
70.986
70.987
70.988
70.989
70.99
70.991
70.992
70.993
70.994
70.995
70.996
70.997
70.998
70.999
71
71.001
71.002
71.003
71.004
71.005
71.006
71.007
71.008
71.009
71.01
71.011
71.012
71.013
71.014
71.015
71.016
71.017
71.018
71.019
71.02
71.021
71.022
71.023
71.024
71.025
71.026
71.027
71.028
71.029
71.03
71.031
71.032
71.033
71.034
71.035
71.036
71.037
71.038
71.039
71.04
71.041
71.042
71.043
71.044
71.045
71.046
71.047
71.048
71.049
71.05
71.051
71.052
71.053
71.054
71.055
71.056
71.057
71.058
71.059
71.06
71.061
71.062
71.063
71.064
71.065
71.066
71.067
71.068
71.069
71.07
71.071
71.072
71.073
71.074
71.075
71.076
71.077
71.078
71.079
71.08
71.081
71.082
71.083
71.084
71.085
71.086
71.087
71.088
71.089
71.09
71.091
71.092
71.093
71.094
71.095
71.096
71.097
71.098
71.099
71.1
71.101
71.102
71.103
71.104
71.105
71.106
71.107
71.108
71.109
71.11
71.111
71.112
71.113
71.114
71.115
71.116
71.117
71.118
71.119
71.12
71.121
71.122
71.123
71.124
71.125
71.126
71.127
71.128
71.129
71.13
71.131
71.132
71.133
71.134
71.135
71.136
71.137
71.138
71.139
71.14
71.141
71.142
71.143
71.144
71.145
71.146
71.147
71.148
71.149
71.15
71.151
71.152
71.153
71.154
71.155
71.156
71.157
71.158
71.159
71.16
71.161
71.162
71.163
71.164
71.165
71.166
71.167
71.168
71.169
71.17
71.171
71.172
71.173
71.174
71.175
71.176
71.177
71.178
71.179
71.18
71.181
71.182
71.183
71.184
71.185
71.186
71.187
71.188
71.189
71.19
71.191
71.192
71.193
71.194
71.195
71.196
71.197
71.198
71.199
71.2
71.201
71.202
71.203
71.204
71.205
71.206
71.207
71.208
71.209
71.21
71.211
71.212
71.213
71.214
71.215
71.216
71.217
71.218
71.219
71.22
71.221
71.222
71.223
71.224
71.225
71.226
71.227
71.228
71.229
71.23
71.231
71.232
71.233
71.234
71.235
71.236
71.237
71.238
71.239
71.24
71.241
71.242
71.243
71.244
71.245
71.246
71.247
71.248
71.249
71.25
71.251
71.252
71.253
71.254
71.255
71.256
71.257
71.258
71.259
71.26
71.261
71.262
71.263
71.264
71.265
71.266
71.267
71.268
71.269
71.27
71.271
71.272
71.273
71.274
71.275
71.276
71.277
71.278
71.279
71.28
71.281
71.282
71.283
71.284
71.285
71.286
71.287
71.288
71.289
71.29
71.291
71.292
71.293
71.294
71.295
71.296
71.297
71.298
71.299
71.3
71.301
71.302
71.303
71.304
71.305
71.306
71.307
71.308
71.309
71.31
71.311
71.312
71.313
71.314
71.315
71.316
71.317
71.318
71.319
71.32
71.321
71.322
71.323
71.324
71.325
71.326
71.327
71.328
71.329
71.33
71.331
71.332
71.333
71.334
71.335
71.336
71.337
71.338
71.339
71.34
71.341
71.342
71.343
71.344
71.345
71.346
71.347
71.348
71.349
71.35
71.351
71.352
71.353
71.354
71.355
71.356
71.357
71.358
71.359
71.36
71.361
71.362
71.363
71.364
71.365
71.366
71.367
71.368
71.369
71.37
71.371
71.372
71.373
71.374
71.375
71.376
71.377
71.378
71.379
71.38
71.381
71.382
71.383
71.384
71.385
71.386
71.387
71.388
71.389
71.39
71.391
71.392
71.393
71.394
71.395
71.396
71.397
71.398
71.399
71.4
71.401
71.402
71.403
71.404
71.405
71.406
71.407
71.408
71.409
71.41
71.411
71.412
71.413
71.414
71.415
71.416
71.417
71.418
71.419
71.42
71.421
71.422
71.423
71.424
71.425
71.426
71.427
71.428
71.429
71.43
71.431
71.432
71.433
71.434
71.435
71.436
71.437
71.438
71.439
71.44
71.441
71.442
71.443
71.444
71.445
71.446
71.447
71.448
71.449
71.45
71.451
71.452
71.453
71.454
71.455
71.456
71.457
71.458
71.459
71.46
71.461
71.462
71.463
71.464
71.465
71.466
71.467
71.468
71.469
71.47
71.471
71.472
71.473
71.474
71.475
71.476
71.477
71.478
71.479
71.48
71.481
71.482
71.483
71.484
71.485
71.486
71.487
71.488
71.489
71.49
71.491
71.492
71.493
71.494
71.495
71.496
71.497
71.498
71.499
71.5
71.501
71.502
71.503
71.504
71.505
71.506
71.507
71.508
71.509
71.51
71.511
71.512
71.513
71.514
71.515
71.516
71.517
71.518
71.519
71.52
71.521
71.522
71.523
71.524
71.525
71.526
71.527
71.528
71.529
71.53
71.531
71.532
71.533
71.534
71.535
71.536
71.537
71.538
71.539
71.54
71.541
71.542
71.543
71.544
71.545
71.546
71.547
71.548
71.549
71.55
71.551
71.552
71.553
71.554
71.555
71.556
71.557
71.558
71.559
71.56
71.561
71.562
71.563
71.564
71.565
71.566
71.567
71.568
71.569
71.57
71.571
71.572
71.573
71.574
71.575
71.576
71.577
71.578
71.579
71.58
71.581
71.582
71.583
71.584
71.585
71.586
71.587
71.588
71.589
71.59
71.591
71.592
71.593
71.594
71.595
71.596
71.597
71.598
71.599
71.6
71.601
71.602
71.603
71.604
71.605
71.606
71.607
71.608
71.609
71.61
71.611
71.612
71.613
71.614
71.615
71.616
71.617
71.618
71.619
71.62
71.621
71.622
71.623
71.624
71.625
71.626
71.627
71.628
71.629
71.63
71.631
71.632
71.633
71.634
71.635
71.636
71.637
71.638
71.639
71.64
71.641
71.642
71.643
71.644
71.645
71.646
71.647
71.648
71.649
71.65
71.651
71.652
71.653
71.654
71.655
71.656
71.657
71.658
71.659
71.66
71.661
71.662
71.663
71.664
71.665
71.666
71.667
71.668
71.669
71.67
71.671
71.672
71.673
71.674
71.675
71.676
71.677
71.678
71.679
71.68
71.681
71.682
71.683
71.684
71.685
71.686
71.687
71.688
71.689
71.69
71.691
71.692
71.693
71.694
71.695
71.696
71.697
71.698
71.699
71.7
71.701
71.702
71.703
71.704
71.705
71.706
71.707
71.708
71.709
71.71
71.711
71.712
71.713
71.714
71.715
71.716
71.717
71.718
71.719
71.72
71.721
71.722
71.723
71.724
71.725
71.726
71.727
71.728
71.729
71.73
71.731
71.732
71.733
71.734
71.735
71.736
71.737
71.738
71.739
71.74
71.741
71.742
71.743
71.744
71.745
71.746
71.747
71.748
71.749
71.75
71.751
71.752
71.753
71.754
71.755
71.756
71.757
71.758
71.759
71.76
71.761
71.762
71.763
71.764
71.765
71.766
71.767
71.768
71.769
71.77
71.771
71.772
71.773
71.774
71.775
71.776
71.777
71.778
71.779
71.78
71.781
71.782
71.783
71.784
71.785
71.786
71.787
71.788
71.789
71.79
71.791
71.792
71.793
71.794
71.795
71.796
71.797
71.798
71.799
71.8
71.801
71.802
71.803
71.804
71.805
71.806
71.807
71.808
71.809
71.81
71.811
71.812
71.813
71.814
71.815
71.816
71.817
71.818
71.819
71.82
71.821
71.822
71.823
71.824
71.825
71.826
71.827
71.828
71.829
71.83
71.831
71.832
71.833
71.834
71.835
71.836
71.837
71.838
71.839
71.84
71.841
71.842
71.843
71.844
71.845
71.846
71.847
71.848
71.849
71.85
71.851
71.852
71.853
71.854
71.855
71.856
71.857
71.858
71.859
71.86
71.861
71.862
71.863
71.864
71.865
71.866
71.867
71.868
71.869
71.87
71.871
71.872
71.873
71.874
71.875
71.876
71.877
71.878
71.879
71.88
71.881
71.882
71.883
71.884
71.885
71.886
71.887
71.888
71.889
71.89
71.891
71.892
71.893
71.894
71.895
71.896
71.897
71.898
71.899
71.9
71.901
71.902
71.903
71.904
71.905
71.906
71.907
71.908
71.909
71.91
71.911
71.912
71.913
71.914
71.915
71.916
71.917
71.918
71.919
71.92
71.921
71.922
71.923
71.924
71.925
71.926
71.927
71.928
71.929
71.93
71.931
71.932
71.933
71.934
71.935
71.936
71.937
71.938
71.939
71.94
71.941
71.942
71.943
71.944
71.945
71.946
71.947
71.948
71.949
71.95
71.951
71.952
71.953
71.954
71.955
71.956
71.957
71.958
71.959
71.96
71.961
71.962
71.963
71.964
71.965
71.966
71.967
71.968
71.969
71.97
71.971
71.972
71.973
71.974
71.975
71.976
71.977
71.978
71.979
71.98
71.981
71.982
71.983
71.984
71.985
71.986
71.987
71.988
71.989
71.99
71.991
71.992
71.993
71.994
71.995
71.996
71.997
71.998
71.999
72
72.001
72.002
72.003
72.004
72.005
72.006
72.007
72.008
72.009
72.01
72.011
72.012
72.013
72.014
72.015
72.016
72.017
72.018
72.019
72.02
72.021
72.022
72.023
72.024
72.025
72.026
72.027
72.028
72.029
72.03
72.031
72.032
72.033
72.034
72.035
72.036
72.037
72.038
72.039
72.04
72.041
72.042
72.043
72.044
72.045
72.046
72.047
72.048
72.049
72.05
72.051
72.052
72.053
72.054
72.055
72.056
72.057
72.058
72.059
72.06
72.061
72.062
72.063
72.064
72.065
72.066
72.067
72.068
72.069
72.07
72.071
72.072
72.073
72.074
72.075
72.076
72.077
72.078
72.079
72.08
72.081
72.082
72.083
72.084
72.085
72.086
72.087
72.088
72.089
72.09
72.091
72.092
72.093
72.094
72.095
72.096
72.097
72.098
72.099
72.1
72.101
72.102
72.103
72.104
72.105
72.106
72.107
72.108
72.109
72.11
72.111
72.112
72.113
72.114
72.115
72.116
72.117
72.118
72.119
72.12
72.121
72.122
72.123
72.124
72.125
72.126
72.127
72.128
72.129
72.13
72.131
72.132
72.133
72.134
72.135
72.136
72.137
72.138
72.139
72.14
72.141
72.142
72.143
72.144
72.145
72.146
72.147
72.148
72.149
72.15
72.151
72.152
72.153
72.154
72.155
72.156
72.157
72.158
72.159
72.16
72.161
72.162
72.163
72.164
72.165
72.166
72.167
72.168
72.169
72.17
72.171
72.172
72.173
72.174
72.175
72.176
72.177
72.178
72.179
72.18
72.181
72.182
72.183
72.184
72.185
72.186
72.187
72.188
72.189
72.19
72.191
72.192
72.193
72.194
72.195
72.196
72.197
72.198
72.199
72.2
72.201
72.202
72.203
72.204
72.205
72.206
72.207
72.208
72.209
72.21
72.211
72.212
72.213
72.214
72.215
72.216
72.217
72.218
72.219
72.22
72.221
72.222
72.223
72.224
72.225
72.226
72.227
72.228
72.229
72.23
72.231
72.232
72.233
72.234
72.235
72.236
72.237
72.238
72.239
72.24
72.241
72.242
72.243
72.244
72.245
72.246
72.247
72.248
72.249
72.25
72.251
72.252
72.253
72.254
72.255
72.256
72.257
72.258
72.259
72.26
72.261
72.262
72.263
72.264
72.265
72.266
72.267
72.268
72.269
72.27
72.271
72.272
72.273
72.274
72.275
72.276
72.277
72.278
72.279
72.28
72.281
72.282
72.283
72.284
72.285
72.286
72.287
72.288
72.289
72.29
72.291
72.292
72.293
72.294
72.295
72.296
72.297
72.298
72.299
72.3
72.301
72.302
72.303
72.304
72.305
72.306
72.307
72.308
72.309
72.31
72.311
72.312
72.313
72.314
72.315
72.316
72.317
72.318
72.319
72.32
72.321
72.322
72.323
72.324
72.325
72.326
72.327
72.328
72.329
72.33
72.331
72.332
72.333
72.334
72.335
72.336
72.337
72.338
72.339
72.34
72.341
72.342
72.343
72.344
72.345
72.346
72.347
72.348
72.349
72.35
72.351
72.352
72.353
72.354
72.355
72.356
72.357
72.358
72.359
72.36
72.361
72.362
72.363
72.364
72.365
72.366
72.367
72.368
72.369
72.37
72.371
72.372
72.373
72.374
72.375
72.376
72.377
72.378
72.379
72.38
72.381
72.382
72.383
72.384
72.385
72.386
72.387
72.388
72.389
72.39
72.391
72.392
72.393
72.394
72.395
72.396
72.397
72.398
72.399
72.4
72.401
72.402
72.403
72.404
72.405
72.406
72.407
72.408
72.409
72.41
72.411
72.412
72.413
72.414
72.415
72.416
72.417
72.418
72.419
72.42
72.421
72.422
72.423
72.424
72.425
72.426
72.427
72.428
72.429
72.43
72.431
72.432
72.433
72.434
72.435
72.436
72.437
72.438
72.439
72.44
72.441
72.442
72.443
72.444
72.445
72.446
72.447
72.448
72.449
72.45
72.451
72.452
72.453
72.454
72.455
72.456
72.457
72.458
72.459
72.46
72.461
72.462
72.463
72.464
72.465
72.466
72.467
72.468
72.469
72.47
72.471
72.472
72.473
72.474
72.475
72.476
72.477
72.478
72.479
72.48
72.481
72.482
72.483
72.484
72.485
72.486
72.487
72.488
72.489
72.49
72.491
72.492
72.493
72.494
72.495
72.496
72.497
72.498
72.499
72.5
72.501
72.502
72.503
72.504
72.505
72.506
72.507
72.508
72.509
72.51
72.511
72.512
72.513
72.514
72.515
72.516
72.517
72.518
72.519
72.52
72.521
72.522
72.523
72.524
72.525
72.526
72.527
72.528
72.529
72.53
72.531
72.532
72.533
72.534
72.535
72.536
72.537
72.538
72.539
72.54
72.541
72.542
72.543
72.544
72.545
72.546
72.547
72.548
72.549
72.55
72.551
72.552
72.553
72.554
72.555
72.556
72.557
72.558
72.559
72.56
72.561
72.562
72.563
72.564
72.565
72.566
72.567
72.568
72.569
72.57
72.571
72.572
72.573
72.574
72.575
72.576
72.577
72.578
72.579
72.58
72.581
72.582
72.583
72.584
72.585
72.586
72.587
72.588
72.589
72.59
72.591
72.592
72.593
72.594
72.595
72.596
72.597
72.598
72.599
72.6
72.601
72.602
72.603
72.604
72.605
72.606
72.607
72.608
72.609
72.61
72.611
72.612
72.613
72.614
72.615
72.616
72.617
72.618
72.619
72.62
72.621
72.622
72.623
72.624
72.625
72.626
72.627
72.628
72.629
72.63
72.631
72.632
72.633
72.634
72.635
72.636
72.637
72.638
72.639
72.64
72.641
72.642
72.643
72.644
72.645
72.646
72.647
72.648
72.649
72.65
72.651
72.652
72.653
72.654
72.655
72.656
72.657
72.658
72.659
72.66
72.661
72.662
72.663
72.664
72.665
72.666
72.667
72.668
72.669
72.67
72.671
72.672
72.673
72.674
72.675
72.676
72.677
72.678
72.679
72.68
72.681
72.682
72.683
72.684
72.685
72.686
72.687
72.688
72.689
72.69
72.691
72.692
72.693
72.694
72.695
72.696
72.697
72.698
72.699
72.7
72.701
72.702
72.703
72.704
72.705
72.706
72.707
72.708
72.709
72.71
72.711
72.712
72.713
72.714
72.715
72.716
72.717
72.718
72.719
72.72
72.721
72.722
72.723
72.724
72.725
72.726
72.727
72.728
72.729
72.73
72.731
72.732
72.733
72.734
72.735
72.736
72.737
72.738
72.739
72.74
72.741
72.742
72.743
72.744
72.745
72.746
72.747
72.748
72.749
72.75
72.751
72.752
72.753
72.754
72.755
72.756
72.757
72.758
72.759
72.76
72.761
72.762
72.763
72.764
72.765
72.766
72.767
72.768
72.769
72.77
72.771
72.772
72.773
72.774
72.775
72.776
72.777
72.778
72.779
72.78
72.781
72.782
72.783
72.784
72.785
72.786
72.787
72.788
72.789
72.79
72.791
72.792
72.793
72.794
72.795
72.796
72.797
72.798
72.799
72.8
72.801
72.802
72.803
72.804
72.805
72.806
72.807
72.808
72.809
72.81
72.811
72.812
72.813
72.814
72.815
72.816
72.817
72.818
72.819
72.82
72.821
72.822
72.823
72.824
72.825
72.826
72.827
72.828
72.829
72.83
72.831
72.832
72.833
72.834
72.835
72.836
72.837
72.838
72.839
72.84
72.841
72.842
72.843
72.844
72.845
72.846
72.847
72.848
72.849
72.85
72.851
72.852
72.853
72.854
72.855
72.856
72.857
72.858
72.859
72.86
72.861
72.862
72.863
72.864
72.865
72.866
72.867
72.868
72.869
72.87
72.871
72.872
72.873
72.874
72.875
72.876
72.877
72.878
72.879
72.88
72.881
72.882
72.883
72.884
72.885
72.886
72.887
72.888
72.889
72.89
72.891
72.892
72.893
72.894
72.895
72.896
72.897
72.898
72.899
72.9
72.901
72.902
72.903
72.904
72.905
72.906
72.907
72.908
72.909
72.91
72.911
72.912
72.913
72.914
72.915
72.916
72.917
72.918
72.919
72.92
72.921
72.922
72.923
72.924
72.925
72.926
72.927
72.928
72.929
72.93
72.931
72.932
72.933
72.934
72.935
72.936
72.937
72.938
72.939
72.94
72.941
72.942
72.943
72.944
72.945
72.946
72.947
72.948
72.949
72.95
72.951
72.952
72.953
72.954
72.955
72.956
72.957
72.958
72.959
72.96
72.961
72.962
72.963
72.964
72.965
72.966
72.967
72.968
72.969
72.97
72.971
72.972
72.973
72.974
72.975
72.976
72.977
72.978
72.979
72.98
72.981
72.982
72.983
72.984
72.985
72.986
72.987
72.988
72.989
72.99
72.991
72.992
72.993
72.994
72.995
72.996
72.997
72.998
72.999
73
73.001
73.002
73.003
73.004
73.005
73.006
73.007
73.008
73.009
73.01
73.011
73.012
73.013
73.014
73.015
73.016
73.017
73.018
73.019
73.02
73.021
73.022
73.023
73.024
73.025
73.026
73.027
73.028
73.029
73.03
73.031
73.032
73.033
73.034
73.035
73.036
73.037
73.038
73.039
73.04
73.041
73.042
73.043
73.044
73.045
73.046
73.047
73.048
73.049
73.05
73.051
73.052
73.053
73.054
73.055
73.056
73.057
73.058
73.059
73.06
73.061
73.062
73.063
73.064
73.065
73.066
73.067
73.068
73.069
73.07
73.071
73.072
73.073
73.074
73.075
73.076
73.077
73.078
73.079
73.08
73.081
73.082
73.083
73.084
73.085
73.086
73.087
73.088
73.089
73.09
73.091
73.092
73.093
73.094
73.095
73.096
73.097
73.098
73.099
73.1
73.101
73.102
73.103
73.104
73.105
73.106
73.107
73.108
73.109
73.11
73.111
73.112
73.113
73.114
73.115
73.116
73.117
73.118
73.119
73.12
73.121
73.122
73.123
73.124
73.125
73.126
73.127
73.128
73.129
73.13
73.131
73.132
73.133
73.134
73.135
73.136
73.137
73.138
73.139
73.14
73.141
73.142
73.143
73.144
73.145
73.146
73.147
73.148
73.149
73.15
73.151
73.152
73.153
73.154
73.155
73.156
73.157
73.158
73.159
73.16
73.161
73.162
73.163
73.164
73.165
73.166
73.167
73.168
73.169
73.17
73.171
73.172
73.173
73.174
73.175
73.176
73.177
73.178
73.179
73.18
73.181
73.182
73.183
73.184
73.185
73.186
73.187
73.188
73.189
73.19
73.191
73.192
73.193
73.194
73.195
73.196
73.197
73.198
73.199
73.2
73.201
73.202
73.203
73.204
73.205
73.206
73.207
73.208
73.209
73.21
73.211
73.212
73.213
73.214
73.215
73.216
73.217
73.218
73.219
73.22
73.221
73.222
73.223
73.224
73.225
73.226
73.227
73.228
73.229
73.23
73.231
73.232
73.233
73.234
73.235
73.236
73.237
73.238
73.239
73.24
73.241
73.242
73.243
73.244
73.245
73.246
73.247
73.248
73.249
73.25
73.251
73.252
73.253
73.254
73.255
73.256
73.257
73.258
73.259
73.26
73.261
73.262
73.263
73.264
73.265
73.266
73.267
73.268
73.269
73.27
73.271
73.272
73.273
73.274
73.275
73.276
73.277
73.278
73.279
73.28
73.281
73.282
73.283
73.284
73.285
73.286
73.287
73.288
73.289
73.29
73.291
73.292
73.293
73.294
73.295
73.296
73.297
73.298
73.299
73.3
73.301
73.302
73.303
73.304
73.305
73.306
73.307
73.308
73.309
73.31
73.311
73.312
73.313
73.314
73.315
73.316
73.317
73.318
73.319
73.32
73.321
73.322
73.323
73.324
73.325
73.326
73.327
73.328
73.329
73.33
73.331
73.332
73.333
73.334
73.335
73.336
73.337
73.338
73.339
73.34
73.341
73.342
73.343
73.344
73.345
73.346
73.347
73.348
73.349
73.35
73.351
73.352
73.353
73.354
73.355
73.356
73.357
73.358
73.359
73.36
73.361
73.362
73.363
73.364
73.365
73.366
73.367
73.368
73.369
73.37
73.371
73.372
73.373
73.374
73.375
73.376
73.377
73.378
73.379
73.38
73.381
73.382
73.383
73.384
73.385
73.386
73.387
73.388
73.389
73.39
73.391
73.392
73.393
73.394
73.395
73.396
73.397
73.398
73.399
73.4
73.401
73.402
73.403
73.404
73.405
73.406
73.407
73.408
73.409
73.41
73.411
73.412
73.413
73.414
73.415
73.416
73.417
73.418
73.419
73.42
73.421
73.422
73.423
73.424
73.425
73.426
73.427
73.428
73.429
73.43
73.431
73.432
73.433
73.434
73.435
73.436
73.437
73.438
73.439
73.44
73.441
73.442
73.443
73.444
73.445
73.446
73.447
73.448
73.449
73.45
73.451
73.452
73.453
73.454
73.455
73.456
73.457
73.458
73.459
73.46
73.461
73.462
73.463
73.464
73.465
73.466
73.467
73.468
73.469
73.47
73.471
73.472
73.473
73.474
73.475
73.476
73.477
73.478
73.479
73.48
73.481
73.482
73.483
73.484
73.485
73.486
73.487
73.488
73.489
73.49
73.491
73.492
73.493
73.494
73.495
73.496
73.497
73.498
73.499
73.5
73.501
73.502
73.503
73.504
73.505
73.506
73.507
73.508
73.509
73.51
73.511
73.512
73.513
73.514
73.515
73.516
73.517
73.518
73.519
73.52
73.521
73.522
73.523
73.524
73.525
73.526
73.527
73.528
73.529
73.53
73.531
73.532
73.533
73.534
73.535
73.536
73.537
73.538
73.539
73.54
73.541
73.542
73.543
73.544
73.545
73.546
73.547
73.548
73.549
73.55
73.551
73.552
73.553
73.554
73.555
73.556
73.557
73.558
73.559
73.56
73.561
73.562
73.563
73.564
73.565
73.566
73.567
73.568
73.569
73.57
73.571
73.572
73.573
73.574
73.575
73.576
73.577
73.578
73.579
73.58
73.581
73.582
73.583
73.584
73.585
73.586
73.587
73.588
73.589
73.59
73.591
73.592
73.593
73.594
73.595
73.596
73.597
73.598
73.599
73.6
73.601
73.602
73.603
73.604
73.605
73.606
73.607
73.608
73.609
73.61
73.611
73.612
73.613
73.614
73.615
73.616
73.617
73.618
73.619
73.62
73.621
73.622
73.623
73.624
73.625
73.626
73.627
73.628
73.629
73.63
73.631
73.632
73.633
73.634
73.635
73.636
73.637
73.638
73.639
73.64
73.641
73.642
73.643
73.644
73.645
73.646
73.647
73.648
73.649
73.65
73.651
73.652
73.653
73.654
73.655
73.656
73.657
73.658
73.659
73.66
73.661
73.662
73.663
73.664
73.665
73.666
73.667
73.668
73.669
73.67
73.671
73.672
73.673
73.674
73.675
73.676
73.677
73.678
73.679
73.68
73.681
73.682
73.683
73.684
73.685
73.686
73.687
73.688
73.689
73.69
73.691
73.692
73.693
73.694
73.695
73.696
73.697
73.698
73.699
73.7
73.701
73.702
73.703
73.704
73.705
73.706
73.707
73.708
73.709
73.71
73.711
73.712
73.713
73.714
73.715
73.716
73.717
73.718
73.719
73.72
73.721
73.722
73.723
73.724
73.725
73.726
73.727
73.728
73.729
73.73
73.731
73.732
73.733
73.734
73.735
73.736
73.737
73.738
73.739
73.74
73.741
73.742
73.743
73.744
73.745
73.746
73.747
73.748
73.749
73.75
73.751
73.752
73.753
73.754
73.755
73.756
73.757
73.758
73.759
73.76
73.761
73.762
73.763
73.764
73.765
73.766
73.767
73.768
73.769
73.77
73.771
73.772
73.773
73.774
73.775
73.776
73.777
73.778
73.779
73.78
73.781
73.782
73.783
73.784
73.785
73.786
73.787
73.788
73.789
73.79
73.791
73.792
73.793
73.794
73.795
73.796
73.797
73.798
73.799
73.8
73.801
73.802
73.803
73.804
73.805
73.806
73.807
73.808
73.809
73.81
73.811
73.812
73.813
73.814
73.815
73.816
73.817
73.818
73.819
73.82
73.821
73.822
73.823
73.824
73.825
73.826
73.827
73.828
73.829
73.83
73.831
73.832
73.833
73.834
73.835
73.836
73.837
73.838
73.839
73.84
73.841
73.842
73.843
73.844
73.845
73.846
73.847
73.848
73.849
73.85
73.851
73.852
73.853
73.854
73.855
73.856
73.857
73.858
73.859
73.86
73.861
73.862
73.863
73.864
73.865
73.866
73.867
73.868
73.869
73.87
73.871
73.872
73.873
73.874
73.875
73.876
73.877
73.878
73.879
73.88
73.881
73.882
73.883
73.884
73.885
73.886
73.887
73.888
73.889
73.89
73.891
73.892
73.893
73.894
73.895
73.896
73.897
73.898
73.899
73.9
73.901
73.902
73.903
73.904
73.905
73.906
73.907
73.908
73.909
73.91
73.911
73.912
73.913
73.914
73.915
73.916
73.917
73.918
73.919
73.92
73.921
73.922
73.923
73.924
73.925
73.926
73.927
73.928
73.929
73.93
73.931
73.932
73.933
73.934
73.935
73.936
73.937
73.938
73.939
73.94
73.941
73.942
73.943
73.944
73.945
73.946
73.947
73.948
73.949
73.95
73.951
73.952
73.953
73.954
73.955
73.956
73.957
73.958
73.959
73.96
73.961
73.962
73.963
73.964
73.965
73.966
73.967
73.968
73.969
73.97
73.971
73.972
73.973
73.974
73.975
73.976
73.977
73.978
73.979
73.98
73.981
73.982
73.983
73.984
73.985
73.986
73.987
73.988
73.989
73.99
73.991
73.992
73.993
73.994
73.995
73.996
73.997
73.998
73.999
74
74.001
74.002
74.003
74.004
74.005
74.006
74.007
74.008
74.009
74.01
74.011
74.012
74.013
74.014
74.015
74.016
74.017
74.018
74.019
74.02
74.021
74.022
74.023
74.024
74.025
74.026
74.027
74.028
74.029
74.03
74.031
74.032
74.033
74.034
74.035
74.036
74.037
74.038
74.039
74.04
74.041
74.042
74.043
74.044
74.045
74.046
74.047
74.048
74.049
74.05
74.051
74.052
74.053
74.054
74.055
74.056
74.057
74.058
74.059
74.06
74.061
74.062
74.063
74.064
74.065
74.066
74.067
74.068
74.069
74.07
74.071
74.072
74.073
74.074
74.075
74.076
74.077
74.078
74.079
74.08
74.081
74.082
74.083
74.084
74.085
74.086
74.087
74.088
74.089
74.09
74.091
74.092
74.093
74.094
74.095
74.096
74.097
74.098
74.099
74.1
74.101
74.102
74.103
74.104
74.105
74.106
74.107
74.108
74.109
74.11
74.111
74.112
74.113
74.114
74.115
74.116
74.117
74.118
74.119
74.12
74.121
74.122
74.123
74.124
74.125
74.126
74.127
74.128
74.129
74.13
74.131
74.132
74.133
74.134
74.135
74.136
74.137
74.138
74.139
74.14
74.141
74.142
74.143
74.144
74.145
74.146
74.147
74.148
74.149
74.15
74.151
74.152
74.153
74.154
74.155
74.156
74.157
74.158
74.159
74.16
74.161
74.162
74.163
74.164
74.165
74.166
74.167
74.168
74.169
74.17
74.171
74.172
74.173
74.174
74.175
74.176
74.177
74.178
74.179
74.18
74.181
74.182
74.183
74.184
74.185
74.186
74.187
74.188
74.189
74.19
74.191
74.192
74.193
74.194
74.195
74.196
74.197
74.198
74.199
74.2
74.201
74.202
74.203
74.204
74.205
74.206
74.207
74.208
74.209
74.21
74.211
74.212
74.213
74.214
74.215
74.216
74.217
74.218
74.219
74.22
74.221
74.222
74.223
74.224
74.225
74.226
74.227
74.228
74.229
74.23
74.231
74.232
74.233
74.234
74.235
74.236
74.237
74.238
74.239
74.24
74.241
74.242
74.243
74.244
74.245
74.246
74.247
74.248
74.249
74.25
74.251
74.252
74.253
74.254
74.255
74.256
74.257
74.258
74.259
74.26
74.261
74.262
74.263
74.264
74.265
74.266
74.267
74.268
74.269
74.27
74.271
74.272
74.273
74.274
74.275
74.276
74.277
74.278
74.279
74.28
74.281
74.282
74.283
74.284
74.285
74.286
74.287
74.288
74.289
74.29
74.291
74.292
74.293
74.294
74.295
74.296
74.297
74.298
74.299
74.3
74.301
74.302
74.303
74.304
74.305
74.306
74.307
74.308
74.309
74.31
74.311
74.312
74.313
74.314
74.315
74.316
74.317
74.318
74.319
74.32
74.321
74.322
74.323
74.324
74.325
74.326
74.327
74.328
74.329
74.33
74.331
74.332
74.333
74.334
74.335
74.336
74.337
74.338
74.339
74.34
74.341
74.342
74.343
74.344
74.345
74.346
74.347
74.348
74.349
74.35
74.351
74.352
74.353
74.354
74.355
74.356
74.357
74.358
74.359
74.36
74.361
74.362
74.363
74.364
74.365
74.366
74.367
74.368
74.369
74.37
74.371
74.372
74.373
74.374
74.375
74.376
74.377
74.378
74.379
74.38
74.381
74.382
74.383
74.384
74.385
74.386
74.387
74.388
74.389
74.39
74.391
74.392
74.393
74.394
74.395
74.396
74.397
74.398
74.399
74.4
74.401
74.402
74.403
74.404
74.405
74.406
74.407
74.408
74.409
74.41
74.411
74.412
74.413
74.414
74.415
74.416
74.417
74.418
74.419
74.42
74.421
74.422
74.423
74.424
74.425
74.426
74.427
74.428
74.429
74.43
74.431
74.432
74.433
74.434
74.435
74.436
74.437
74.438
74.439
74.44
74.441
74.442
74.443
74.444
74.445
74.446
74.447
74.448
74.449
74.45
74.451
74.452
74.453
74.454
74.455
74.456
74.457
74.458
74.459
74.46
74.461
74.462
74.463
74.464
74.465
74.466
74.467
74.468
74.469
74.47
74.471
74.472
74.473
74.474
74.475
74.476
74.477
74.478
74.479
74.48
74.481
74.482
74.483
74.484
74.485
74.486
74.487
74.488
74.489
74.49
74.491
74.492
74.493
74.494
74.495
74.496
74.497
74.498
74.499
74.5
74.501
74.502
74.503
74.504
74.505
74.506
74.507
74.508
74.509
74.51
74.511
74.512
74.513
74.514
74.515
74.516
74.517
74.518
74.519
74.52
74.521
74.522
74.523
74.524
74.525
74.526
74.527
74.528
74.529
74.53
74.531
74.532
74.533
74.534
74.535
74.536
74.537
74.538
74.539
74.54
74.541
74.542
74.543
74.544
74.545
74.546
74.547
74.548
74.549
74.55
74.551
74.552
74.553
74.554
74.555
74.556
74.557
74.558
74.559
74.56
74.561
74.562
74.563
74.564
74.565
74.566
74.567
74.568
74.569
74.57
74.571
74.572
74.573
74.574
74.575
74.576
74.577
74.578
74.579
74.58
74.581
74.582
74.583
74.584
74.585
74.586
74.587
74.588
74.589
74.59
74.591
74.592
74.593
74.594
74.595
74.596
74.597
74.598
74.599
74.6
74.601
74.602
74.603
74.604
74.605
74.606
74.607
74.608
74.609
74.61
74.611
74.612
74.613
74.614
74.615
74.616
74.617
74.618
74.619
74.62
74.621
74.622
74.623
74.624
74.625
74.626
74.627
74.628
74.629
74.63
74.631
74.632
74.633
74.634
74.635
74.636
74.637
74.638
74.639
74.64
74.641
74.642
74.643
74.644
74.645
74.646
74.647
74.648
74.649
74.65
74.651
74.652
74.653
74.654
74.655
74.656
74.657
74.658
74.659
74.66
74.661
74.662
74.663
74.664
74.665
74.666
74.667
74.668
74.669
74.67
74.671
74.672
74.673
74.674
74.675
74.676
74.677
74.678
74.679
74.68
74.681
74.682
74.683
74.684
74.685
74.686
74.687
74.688
74.689
74.69
74.691
74.692
74.693
74.694
74.695
74.696
74.697
74.698
74.699
74.7
74.701
74.702
74.703
74.704
74.705
74.706
74.707
74.708
74.709
74.71
74.711
74.712
74.713
74.714
74.715
74.716
74.717
74.718
74.719
74.72
74.721
74.722
74.723
74.724
74.725
74.726
74.727
74.728
74.729
74.73
74.731
74.732
74.733
74.734
74.735
74.736
74.737
74.738
74.739
74.74
74.741
74.742
74.743
74.744
74.745
74.746
74.747
74.748
74.749
74.75
74.751
74.752
74.753
74.754
74.755
74.756
74.757
74.758
74.759
74.76
74.761
74.762
74.763
74.764
74.765
74.766
74.767
74.768
74.769
74.77
74.771
74.772
74.773
74.774
74.775
74.776
74.777
74.778
74.779
74.78
74.781
74.782
74.783
74.784
74.785
74.786
74.787
74.788
74.789
74.79
74.791
74.792
74.793
74.794
74.795
74.796
74.797
74.798
74.799
74.8
74.801
74.802
74.803
74.804
74.805
74.806
74.807
74.808
74.809
74.81
74.811
74.812
74.813
74.814
74.815
74.816
74.817
74.818
74.819
74.82
74.821
74.822
74.823
74.824
74.825
74.826
74.827
74.828
74.829
74.83
74.831
74.832
74.833
74.834
74.835
74.836
74.837
74.838
74.839
74.84
74.841
74.842
74.843
74.844
74.845
74.846
74.847
74.848
74.849
74.85
74.851
74.852
74.853
74.854
74.855
74.856
74.857
74.858
74.859
74.86
74.861
74.862
74.863
74.864
74.865
74.866
74.867
74.868
74.869
74.87
74.871
74.872
74.873
74.874
74.875
74.876
74.877
74.878
74.879
74.88
74.881
74.882
74.883
74.884
74.885
74.886
74.887
74.888
74.889
74.89
74.891
74.892
74.893
74.894
74.895
74.896
74.897
74.898
74.899
74.9
74.901
74.902
74.903
74.904
74.905
74.906
74.907
74.908
74.909
74.91
74.911
74.912
74.913
74.914
74.915
74.916
74.917
74.918
74.919
74.92
74.921
74.922
74.923
74.924
74.925
74.926
74.927
74.928
74.929
74.93
74.931
74.932
74.933
74.934
74.935
74.936
74.937
74.938
74.939
74.94
74.941
74.942
74.943
74.944
74.945
74.946
74.947
74.948
74.949
74.95
74.951
74.952
74.953
74.954
74.955
74.956
74.957
74.958
74.959
74.96
74.961
74.962
74.963
74.964
74.965
74.966
74.967
74.968
74.969
74.97
74.971
74.972
74.973
74.974
74.975
74.976
74.977
74.978
74.979
74.98
74.981
74.982
74.983
74.984
74.985
74.986
74.987
74.988
74.989
74.99
74.991
74.992
74.993
74.994
74.995
74.996
74.997
74.998
74.999
75
75.001
75.002
75.003
75.004
75.005
75.006
75.007
75.008
75.009
75.01
75.011
75.012
75.013
75.014
75.015
75.016
75.017
75.018
75.019
75.02
75.021
75.022
75.023
75.024
75.025
75.026
75.027
75.028
75.029
75.03
75.031
75.032
75.033
75.034
75.035
75.036
75.037
75.038
75.039
75.04
75.041
75.042
75.043
75.044
75.045
75.046
75.047
75.048
75.049
75.05
75.051
75.052
75.053
75.054
75.055
75.056
75.057
75.058
75.059
75.06
75.061
75.062
75.063
75.064
75.065
75.066
75.067
75.068
75.069
75.07
75.071
75.072
75.073
75.074
75.075
75.076
75.077
75.078
75.079
75.08
75.081
75.082
75.083
75.084
75.085
75.086
75.087
75.088
75.089
75.09
75.091
75.092
75.093
75.094
75.095
75.096
75.097
75.098
75.099
75.1
75.101
75.102
75.103
75.104
75.105
75.106
75.107
75.108
75.109
75.11
75.111
75.112
75.113
75.114
75.115
75.116
75.117
75.118
75.119
75.12
75.121
75.122
75.123
75.124
75.125
75.126
75.127
75.128
75.129
75.13
75.131
75.132
75.133
75.134
75.135
75.136
75.137
75.138
75.139
75.14
75.141
75.142
75.143
75.144
75.145
75.146
75.147
75.148
75.149
75.15
75.151
75.152
75.153
75.154
75.155
75.156
75.157
75.158
75.159
75.16
75.161
75.162
75.163
75.164
75.165
75.166
75.167
75.168
75.169
75.17
75.171
75.172
75.173
75.174
75.175
75.176
75.177
75.178
75.179
75.18
75.181
75.182
75.183
75.184
75.185
75.186
75.187
75.188
75.189
75.19
75.191
75.192
75.193
75.194
75.195
75.196
75.197
75.198
75.199
75.2
75.201
75.202
75.203
75.204
75.205
75.206
75.207
75.208
75.209
75.21
75.211
75.212
75.213
75.214
75.215
75.216
75.217
75.218
75.219
75.22
75.221
75.222
75.223
75.224
75.225
75.226
75.227
75.228
75.229
75.23
75.231
75.232
75.233
75.234
75.235
75.236
75.237
75.238
75.239
75.24
75.241
75.242
75.243
75.244
75.245
75.246
75.247
75.248
75.249
75.25
75.251
75.252
75.253
75.254
75.255
75.256
75.257
75.258
75.259
75.26
75.261
75.262
75.263
75.264
75.265
75.266
75.267
75.268
75.269
75.27
75.271
75.272
75.273
75.274
75.275
75.276
75.277
75.278
75.279
75.28
75.281
75.282
75.283
75.284
75.285
75.286
75.287
75.288
75.289
75.29
75.291
75.292
75.293
75.294
75.295
75.296
75.297
75.298
75.299
75.3
75.301
75.302
75.303
75.304
75.305
75.306
75.307
75.308
75.309
75.31
75.311
75.312
75.313
75.314
75.315
75.316
75.317
75.318
75.319
75.32
75.321
75.322
75.323
75.324
75.325
75.326
75.327
75.328
75.329
75.33
75.331
75.332
75.333
75.334
75.335
75.336
75.337
75.338
75.339
75.34
75.341
75.342
75.343
75.344
75.345
75.346
75.347
75.348
75.349
75.35
75.351
75.352
75.353
75.354
75.355
75.356
75.357
75.358
75.359
75.36
75.361
75.362
75.363
75.364
75.365
75.366
75.367
75.368
75.369
75.37
75.371
75.372
75.373
75.374
75.375
75.376
75.377
75.378
75.379
75.38
75.381
75.382
75.383
75.384
75.385
75.386
75.387
75.388
75.389
75.39
75.391
75.392
75.393
75.394
75.395
75.396
75.397
75.398
75.399
75.4
75.401
75.402
75.403
75.404
75.405
75.406
75.407
75.408
75.409
75.41
75.411
75.412
75.413
75.414
75.415
75.416
75.417
75.418
75.419
75.42
75.421
75.422
75.423
75.424
75.425
75.426
75.427
75.428
75.429
75.43
75.431
75.432
75.433
75.434
75.435
75.436
75.437
75.438
75.439
75.44
75.441
75.442
75.443
75.444
75.445
75.446
75.447
75.448
75.449
75.45
75.451
75.452
75.453
75.454
75.455
75.456
75.457
75.458
75.459
75.46
75.461
75.462
75.463
75.464
75.465
75.466
75.467
75.468
75.469
75.47
75.471
75.472
75.473
75.474
75.475
75.476
75.477
75.478
75.479
75.48
75.481
75.482
75.483
75.484
75.485
75.486
75.487
75.488
75.489
75.49
75.491
75.492
75.493
75.494
75.495
75.496
75.497
75.498
75.499
75.5
75.501
75.502
75.503
75.504
75.505
75.506
75.507
75.508
75.509
75.51
75.511
75.512
75.513
75.514
75.515
75.516
75.517
75.518
75.519
75.52
75.521
75.522
75.523
75.524
75.525
75.526
75.527
75.528
75.529
75.53
75.531
75.532
75.533
75.534
75.535
75.536
75.537
75.538
75.539
75.54
75.541
75.542
75.543
75.544
75.545
75.546
75.547
75.548
75.549
75.55
75.551
75.552
75.553
75.554
75.555
75.556
75.557
75.558
75.559
75.56
75.561
75.562
75.563
75.564
75.565
75.566
75.567
75.568
75.569
75.57
75.571
75.572
75.573
75.574
75.575
75.576
75.577
75.578
75.579
75.58
75.581
75.582
75.583
75.584
75.585
75.586
75.587
75.588
75.589
75.59
75.591
75.592
75.593
75.594
75.595
75.596
75.597
75.598
75.599
75.6
75.601
75.602
75.603
75.604
75.605
75.606
75.607
75.608
75.609
75.61
75.611
75.612
75.613
75.614
75.615
75.616
75.617
75.618
75.619
75.62
75.621
75.622
75.623
75.624
75.625
75.626
75.627
75.628
75.629
75.63
75.631
75.632
75.633
75.634
75.635
75.636
75.637
75.638
75.639
75.64
75.641
75.642
75.643
75.644
75.645
75.646
75.647
75.648
75.649
75.65
75.651
75.652
75.653
75.654
75.655
75.656
75.657
75.658
75.659
75.66
75.661
75.662
75.663
75.664
75.665
75.666
75.667
75.668
75.669
75.67
75.671
75.672
75.673
75.674
75.675
75.676
75.677
75.678
75.679
75.68
75.681
75.682
75.683
75.684
75.685
75.686
75.687
75.688
75.689
75.69
75.691
75.692
75.693
75.694
75.695
75.696
75.697
75.698
75.699
75.7
75.701
75.702
75.703
75.704
75.705
75.706
75.707
75.708
75.709
75.71
75.711
75.712
75.713
75.714
75.715
75.716
75.717
75.718
75.719
75.72
75.721
75.722
75.723
75.724
75.725
75.726
75.727
75.728
75.729
75.73
75.731
75.732
75.733
75.734
75.735
75.736
75.737
75.738
75.739
75.74
75.741
75.742
75.743
75.744
75.745
75.746
75.747
75.748
75.749
75.75
75.751
75.752
75.753
75.754
75.755
75.756
75.757
75.758
75.759
75.76
75.761
75.762
75.763
75.764
75.765
75.766
75.767
75.768
75.769
75.77
75.771
75.772
75.773
75.774
75.775
75.776
75.777
75.778
75.779
75.78
75.781
75.782
75.783
75.784
75.785
75.786
75.787
75.788
75.789
75.79
75.791
75.792
75.793
75.794
75.795
75.796
75.797
75.798
75.799
75.8
75.801
75.802
75.803
75.804
75.805
75.806
75.807
75.808
75.809
75.81
75.811
75.812
75.813
75.814
75.815
75.816
75.817
75.818
75.819
75.82
75.821
75.822
75.823
75.824
75.825
75.826
75.827
75.828
75.829
75.83
75.831
75.832
75.833
75.834
75.835
75.836
75.837
75.838
75.839
75.84
75.841
75.842
75.843
75.844
75.845
75.846
75.847
75.848
75.849
75.85
75.851
75.852
75.853
75.854
75.855
75.856
75.857
75.858
75.859
75.86
75.861
75.862
75.863
75.864
75.865
75.866
75.867
75.868
75.869
75.87
75.871
75.872
75.873
75.874
75.875
75.876
75.877
75.878
75.879
75.88
75.881
75.882
75.883
75.884
75.885
75.886
75.887
75.888
75.889
75.89
75.891
75.892
75.893
75.894
75.895
75.896
75.897
75.898
75.899
75.9
75.901
75.902
75.903
75.904
75.905
75.906
75.907
75.908
75.909
75.91
75.911
75.912
75.913
75.914
75.915
75.916
75.917
75.918
75.919
75.92
75.921
75.922
75.923
75.924
75.925
75.926
75.927
75.928
75.929
75.93
75.931
75.932
75.933
75.934
75.935
75.936
75.937
75.938
75.939
75.94
75.941
75.942
75.943
75.944
75.945
75.946
75.947
75.948
75.949
75.95
75.951
75.952
75.953
75.954
75.955
75.956
75.957
75.958
75.959
75.96
75.961
75.962
75.963
75.964
75.965
75.966
75.967
75.968
75.969
75.97
75.971
75.972
75.973
75.974
75.975
75.976
75.977
75.978
75.979
75.98
75.981
75.982
75.983
75.984
75.985
75.986
75.987
75.988
75.989
75.99
75.991
75.992
75.993
75.994
75.995
75.996
75.997
75.998
75.999
76
76.001
76.002
76.003
76.004
76.005
76.006
76.007
76.008
76.009
76.01
76.011
76.012
76.013
76.014
76.015
76.016
76.017
76.018
76.019
76.02
76.021
76.022
76.023
76.024
76.025
76.026
76.027
76.028
76.029
76.03
76.031
76.032
76.033
76.034
76.035
76.036
76.037
76.038
76.039
76.04
76.041
76.042
76.043
76.044
76.045
76.046
76.047
76.048
76.049
76.05
76.051
76.052
76.053
76.054
76.055
76.056
76.057
76.058
76.059
76.06
76.061
76.062
76.063
76.064
76.065
76.066
76.067
76.068
76.069
76.07
76.071
76.072
76.073
76.074
76.075
76.076
76.077
76.078
76.079
76.08
76.081
76.082
76.083
76.084
76.085
76.086
76.087
76.088
76.089
76.09
76.091
76.092
76.093
76.094
76.095
76.096
76.097
76.098
76.099
76.1
76.101
76.102
76.103
76.104
76.105
76.106
76.107
76.108
76.109
76.11
76.111
76.112
76.113
76.114
76.115
76.116
76.117
76.118
76.119
76.12
76.121
76.122
76.123
76.124
76.125
76.126
76.127
76.128
76.129
76.13
76.131
76.132
76.133
76.134
76.135
76.136
76.137
76.138
76.139
76.14
76.141
76.142
76.143
76.144
76.145
76.146
76.147
76.148
76.149
76.15
76.151
76.152
76.153
76.154
76.155
76.156
76.157
76.158
76.159
76.16
76.161
76.162
76.163
76.164
76.165
76.166
76.167
76.168
76.169
76.17
76.171
76.172
76.173
76.174
76.175
76.176
76.177
76.178
76.179
76.18
76.181
76.182
76.183
76.184
76.185
76.186
76.187
76.188
76.189
76.19
76.191
76.192
76.193
76.194
76.195
76.196
76.197
76.198
76.199
76.2
76.201
76.202
76.203
76.204
76.205
76.206
76.207
76.208
76.209
76.21
76.211
76.212
76.213
76.214
76.215
76.216
76.217
76.218
76.219
76.22
76.221
76.222
76.223
76.224
76.225
76.226
76.227
76.228
76.229
76.23
76.231
76.232
76.233
76.234
76.235
76.236
76.237
76.238
76.239
76.24
76.241
76.242
76.243
76.244
76.245
76.246
76.247
76.248
76.249
76.25
76.251
76.252
76.253
76.254
76.255
76.256
76.257
76.258
76.259
76.26
76.261
76.262
76.263
76.264
76.265
76.266
76.267
76.268
76.269
76.27
76.271
76.272
76.273
76.274
76.275
76.276
76.277
76.278
76.279
76.28
76.281
76.282
76.283
76.284
76.285
76.286
76.287
76.288
76.289
76.29
76.291
76.292
76.293
76.294
76.295
76.296
76.297
76.298
76.299
76.3
76.301
76.302
76.303
76.304
76.305
76.306
76.307
76.308
76.309
76.31
76.311
76.312
76.313
76.314
76.315
76.316
76.317
76.318
76.319
76.32
76.321
76.322
76.323
76.324
76.325
76.326
76.327
76.328
76.329
76.33
76.331
76.332
76.333
76.334
76.335
76.336
76.337
76.338
76.339
76.34
76.341
76.342
76.343
76.344
76.345
76.346
76.347
76.348
76.349
76.35
76.351
76.352
76.353
76.354
76.355
76.356
76.357
76.358
76.359
76.36
76.361
76.362
76.363
76.364
76.365
76.366
76.367
76.368
76.369
76.37
76.371
76.372
76.373
76.374
76.375
76.376
76.377
76.378
76.379
76.38
76.381
76.382
76.383
76.384
76.385
76.386
76.387
76.388
76.389
76.39
76.391
76.392
76.393
76.394
76.395
76.396
76.397
76.398
76.399
76.4
76.401
76.402
76.403
76.404
76.405
76.406
76.407
76.408
76.409
76.41
76.411
76.412
76.413
76.414
76.415
76.416
76.417
76.418
76.419
76.42
76.421
76.422
76.423
76.424
76.425
76.426
76.427
76.428
76.429
76.43
76.431
76.432
76.433
76.434
76.435
76.436
76.437
76.438
76.439
76.44
76.441
76.442
76.443
76.444
76.445
76.446
76.447
76.448
76.449
76.45
76.451
76.452
76.453
76.454
76.455
76.456
76.457
76.458
76.459
76.46
76.461
76.462
76.463
76.464
76.465
76.466
76.467
76.468
76.469
76.47
76.471
76.472
76.473
76.474
76.475
76.476
76.477
76.478
76.479
76.48
76.481
76.482
76.483
76.484
76.485
76.486
76.487
76.488
76.489
76.49
76.491
76.492
76.493
76.494
76.495
76.496
76.497
76.498
76.499
76.5
76.501
76.502
76.503
76.504
76.505
76.506
76.507
76.508
76.509
76.51
76.511
76.512
76.513
76.514
76.515
76.516
76.517
76.518
76.519
76.52
76.521
76.522
76.523
76.524
76.525
76.526
76.527
76.528
76.529
76.53
76.531
76.532
76.533
76.534
76.535
76.536
76.537
76.538
76.539
76.54
76.541
76.542
76.543
76.544
76.545
76.546
76.547
76.548
76.549
76.55
76.551
76.552
76.553
76.554
76.555
76.556
76.557
76.558
76.559
76.56
76.561
76.562
76.563
76.564
76.565
76.566
76.567
76.568
76.569
76.57
76.571
76.572
76.573
76.574
76.575
76.576
76.577
76.578
76.579
76.58
76.581
76.582
76.583
76.584
76.585
76.586
76.587
76.588
76.589
76.59
76.591
76.592
76.593
76.594
76.595
76.596
76.597
76.598
76.599
76.6
76.601
76.602
76.603
76.604
76.605
76.606
76.607
76.608
76.609
76.61
76.611
76.612
76.613
76.614
76.615
76.616
76.617
76.618
76.619
76.62
76.621
76.622
76.623
76.624
76.625
76.626
76.627
76.628
76.629
76.63
76.631
76.632
76.633
76.634
76.635
76.636
76.637
76.638
76.639
76.64
76.641
76.642
76.643
76.644
76.645
76.646
76.647
76.648
76.649
76.65
76.651
76.652
76.653
76.654
76.655
76.656
76.657
76.658
76.659
76.66
76.661
76.662
76.663
76.664
76.665
76.666
76.667
76.668
76.669
76.67
76.671
76.672
76.673
76.674
76.675
76.676
76.677
76.678
76.679
76.68
76.681
76.682
76.683
76.684
76.685
76.686
76.687
76.688
76.689
76.69
76.691
76.692
76.693
76.694
76.695
76.696
76.697
76.698
76.699
76.7
76.701
76.702
76.703
76.704
76.705
76.706
76.707
76.708
76.709
76.71
76.711
76.712
76.713
76.714
76.715
76.716
76.717
76.718
76.719
76.72
76.721
76.722
76.723
76.724
76.725
76.726
76.727
76.728
76.729
76.73
76.731
76.732
76.733
76.734
76.735
76.736
76.737
76.738
76.739
76.74
76.741
76.742
76.743
76.744
76.745
76.746
76.747
76.748
76.749
76.75
76.751
76.752
76.753
76.754
76.755
76.756
76.757
76.758
76.759
76.76
76.761
76.762
76.763
76.764
76.765
76.766
76.767
76.768
76.769
76.77
76.771
76.772
76.773
76.774
76.775
76.776
76.777
76.778
76.779
76.78
76.781
76.782
76.783
76.784
76.785
76.786
76.787
76.788
76.789
76.79
76.791
76.792
76.793
76.794
76.795
76.796
76.797
76.798
76.799
76.8
76.801
76.802
76.803
76.804
76.805
76.806
76.807
76.808
76.809
76.81
76.811
76.812
76.813
76.814
76.815
76.816
76.817
76.818
76.819
76.82
76.821
76.822
76.823
76.824
76.825
76.826
76.827
76.828
76.829
76.83
76.831
76.832
76.833
76.834
76.835
76.836
76.837
76.838
76.839
76.84
76.841
76.842
76.843
76.844
76.845
76.846
76.847
76.848
76.849
76.85
76.851
76.852
76.853
76.854
76.855
76.856
76.857
76.858
76.859
76.86
76.861
76.862
76.863
76.864
76.865
76.866
76.867
76.868
76.869
76.87
76.871
76.872
76.873
76.874
76.875
76.876
76.877
76.878
76.879
76.88
76.881
76.882
76.883
76.884
76.885
76.886
76.887
76.888
76.889
76.89
76.891
76.892
76.893
76.894
76.895
76.896
76.897
76.898
76.899
76.9
76.901
76.902
76.903
76.904
76.905
76.906
76.907
76.908
76.909
76.91
76.911
76.912
76.913
76.914
76.915
76.916
76.917
76.918
76.919
76.92
76.921
76.922
76.923
76.924
76.925
76.926
76.927
76.928
76.929
76.93
76.931
76.932
76.933
76.934
76.935
76.936
76.937
76.938
76.939
76.94
76.941
76.942
76.943
76.944
76.945
76.946
76.947
76.948
76.949
76.95
76.951
76.952
76.953
76.954
76.955
76.956
76.957
76.958
76.959
76.96
76.961
76.962
76.963
76.964
76.965
76.966
76.967
76.968
76.969
76.97
76.971
76.972
76.973
76.974
76.975
76.976
76.977
76.978
76.979
76.98
76.981
76.982
76.983
76.984
76.985
76.986
76.987
76.988
76.989
76.99
76.991
76.992
76.993
76.994
76.995
76.996
76.997
76.998
76.999
77
77.001
77.002
77.003
77.004
77.005
77.006
77.007
77.008
77.009
77.01
77.011
77.012
77.013
77.014
77.015
77.016
77.017
77.018
77.019
77.02
77.021
77.022
77.023
77.024
77.025
77.026
77.027
77.028
77.029
77.03
77.031
77.032
77.033
77.034
77.035
77.036
77.037
77.038
77.039
77.04
77.041
77.042
77.043
77.044
77.045
77.046
77.047
77.048
77.049
77.05
77.051
77.052
77.053
77.054
77.055
77.056
77.057
77.058
77.059
77.06
77.061
77.062
77.063
77.064
77.065
77.066
77.067
77.068
77.069
77.07
77.071
77.072
77.073
77.074
77.075
77.076
77.077
77.078
77.079
77.08
77.081
77.082
77.083
77.084
77.085
77.086
77.087
77.088
77.089
77.09
77.091
77.092
77.093
77.094
77.095
77.096
77.097
77.098
77.099
77.1
77.101
77.102
77.103
77.104
77.105
77.106
77.107
77.108
77.109
77.11
77.111
77.112
77.113
77.114
77.115
77.116
77.117
77.118
77.119
77.12
77.121
77.122
77.123
77.124
77.125
77.126
77.127
77.128
77.129
77.13
77.131
77.132
77.133
77.134
77.135
77.136
77.137
77.138
77.139
77.14
77.141
77.142
77.143
77.144
77.145
77.146
77.147
77.148
77.149
77.15
77.151
77.152
77.153
77.154
77.155
77.156
77.157
77.158
77.159
77.16
77.161
77.162
77.163
77.164
77.165
77.166
77.167
77.168
77.169
77.17
77.171
77.172
77.173
77.174
77.175
77.176
77.177
77.178
77.179
77.18
77.181
77.182
77.183
77.184
77.185
77.186
77.187
77.188
77.189
77.19
77.191
77.192
77.193
77.194
77.195
77.196
77.197
77.198
77.199
77.2
77.201
77.202
77.203
77.204
77.205
77.206
77.207
77.208
77.209
77.21
77.211
77.212
77.213
77.214
77.215
77.216
77.217
77.218
77.219
77.22
77.221
77.222
77.223
77.224
77.225
77.226
77.227
77.228
77.229
77.23
77.231
77.232
77.233
77.234
77.235
77.236
77.237
77.238
77.239
77.24
77.241
77.242
77.243
77.244
77.245
77.246
77.247
77.248
77.249
77.25
77.251
77.252
77.253
77.254
77.255
77.256
77.257
77.258
77.259
77.26
77.261
77.262
77.263
77.264
77.265
77.266
77.267
77.268
77.269
77.27
77.271
77.272
77.273
77.274
77.275
77.276
77.277
77.278
77.279
77.28
77.281
77.282
77.283
77.284
77.285
77.286
77.287
77.288
77.289
77.29
77.291
77.292
77.293
77.294
77.295
77.296
77.297
77.298
77.299
77.3
77.301
77.302
77.303
77.304
77.305
77.306
77.307
77.308
77.309
77.31
77.311
77.312
77.313
77.314
77.315
77.316
77.317
77.318
77.319
77.32
77.321
77.322
77.323
77.324
77.325
77.326
77.327
77.328
77.329
77.33
77.331
77.332
77.333
77.334
77.335
77.336
77.337
77.338
77.339
77.34
77.341
77.342
77.343
77.344
77.345
77.346
77.347
77.348
77.349
77.35
77.351
77.352
77.353
77.354
77.355
77.356
77.357
77.358
77.359
77.36
77.361
77.362
77.363
77.364
77.365
77.366
77.367
77.368
77.369
77.37
77.371
77.372
77.373
77.374
77.375
77.376
77.377
77.378
77.379
77.38
77.381
77.382
77.383
77.384
77.385
77.386
77.387
77.388
77.389
77.39
77.391
77.392
77.393
77.394
77.395
77.396
77.397
77.398
77.399
77.4
77.401
77.402
77.403
77.404
77.405
77.406
77.407
77.408
77.409
77.41
77.411
77.412
77.413
77.414
77.415
77.416
77.417
77.418
77.419
77.42
77.421
77.422
77.423
77.424
77.425
77.426
77.427
77.428
77.429
77.43
77.431
77.432
77.433
77.434
77.435
77.436
77.437
77.438
77.439
77.44
77.441
77.442
77.443
77.444
77.445
77.446
77.447
77.448
77.449
77.45
77.451
77.452
77.453
77.454
77.455
77.456
77.457
77.458
77.459
77.46
77.461
77.462
77.463
77.464
77.465
77.466
77.467
77.468
77.469
77.47
77.471
77.472
77.473
77.474
77.475
77.476
77.477
77.478
77.479
77.48
77.481
77.482
77.483
77.484
77.485
77.486
77.487
77.488
77.489
77.49
77.491
77.492
77.493
77.494
77.495
77.496
77.497
77.498
77.499
77.5
77.501
77.502
77.503
77.504
77.505
77.506
77.507
77.508
77.509
77.51
77.511
77.512
77.513
77.514
77.515
77.516
77.517
77.518
77.519
77.52
77.521
77.522
77.523
77.524
77.525
77.526
77.527
77.528
77.529
77.53
77.531
77.532
77.533
77.534
77.535
77.536
77.537
77.538
77.539
77.54
77.541
77.542
77.543
77.544
77.545
77.546
77.547
77.548
77.549
77.55
77.551
77.552
77.553
77.554
77.555
77.556
77.557
77.558
77.559
77.56
77.561
77.562
77.563
77.564
77.565
77.566
77.567
77.568
77.569
77.57
77.571
77.572
77.573
77.574
77.575
77.576
77.577
77.578
77.579
77.58
77.581
77.582
77.583
77.584
77.585
77.586
77.587
77.588
77.589
77.59
77.591
77.592
77.593
77.594
77.595
77.596
77.597
77.598
77.599
77.6
77.601
77.602
77.603
77.604
77.605
77.606
77.607
77.608
77.609
77.61
77.611
77.612
77.613
77.614
77.615
77.616
77.617
77.618
77.619
77.62
77.621
77.622
77.623
77.624
77.625
77.626
77.627
77.628
77.629
77.63
77.631
77.632
77.633
77.634
77.635
77.636
77.637
77.638
77.639
77.64
77.641
77.642
77.643
77.644
77.645
77.646
77.647
77.648
77.649
77.65
77.651
77.652
77.653
77.654
77.655
77.656
77.657
77.658
77.659
77.66
77.661
77.662
77.663
77.664
77.665
77.666
77.667
77.668
77.669
77.67
77.671
77.672
77.673
77.674
77.675
77.676
77.677
77.678
77.679
77.68
77.681
77.682
77.683
77.684
77.685
77.686
77.687
77.688
77.689
77.69
77.691
77.692
77.693
77.694
77.695
77.696
77.697
77.698
77.699
77.7
77.701
77.702
77.703
77.704
77.705
77.706
77.707
77.708
77.709
77.71
77.711
77.712
77.713
77.714
77.715
77.716
77.717
77.718
77.719
77.72
77.721
77.722
77.723
77.724
77.725
77.726
77.727
77.728
77.729
77.73
77.731
77.732
77.733
77.734
77.735
77.736
77.737
77.738
77.739
77.74
77.741
77.742
77.743
77.744
77.745
77.746
77.747
77.748
77.749
77.75
77.751
77.752
77.753
77.754
77.755
77.756
77.757
77.758
77.759
77.76
77.761
77.762
77.763
77.764
77.765
77.766
77.767
77.768
77.769
77.77
77.771
77.772
77.773
77.774
77.775
77.776
77.777
77.778
77.779
77.78
77.781
77.782
77.783
77.784
77.785
77.786
77.787
77.788
77.789
77.79
77.791
77.792
77.793
77.794
77.795
77.796
77.797
77.798
77.799
77.8
77.801
77.802
77.803
77.804
77.805
77.806
77.807
77.808
77.809
77.81
77.811
77.812
77.813
77.814
77.815
77.816
77.817
77.818
77.819
77.82
77.821
77.822
77.823
77.824
77.825
77.826
77.827
77.828
77.829
77.83
77.831
77.832
77.833
77.834
77.835
77.836
77.837
77.838
77.839
77.84
77.841
77.842
77.843
77.844
77.845
77.846
77.847
77.848
77.849
77.85
77.851
77.852
77.853
77.854
77.855
77.856
77.857
77.858
77.859
77.86
77.861
77.862
77.863
77.864
77.865
77.866
77.867
77.868
77.869
77.87
77.871
77.872
77.873
77.874
77.875
77.876
77.877
77.878
77.879
77.88
77.881
77.882
77.883
77.884
77.885
77.886
77.887
77.888
77.889
77.89
77.891
77.892
77.893
77.894
77.895
77.896
77.897
77.898
77.899
77.9
77.901
77.902
77.903
77.904
77.905
77.906
77.907
77.908
77.909
77.91
77.911
77.912
77.913
77.914
77.915
77.916
77.917
77.918
77.919
77.92
77.921
77.922
77.923
77.924
77.925
77.926
77.927
77.928
77.929
77.93
77.931
77.932
77.933
77.934
77.935
77.936
77.937
77.938
77.939
77.94
77.941
77.942
77.943
77.944
77.945
77.946
77.947
77.948
77.949
77.95
77.951
77.952
77.953
77.954
77.955
77.956
77.957
77.958
77.959
77.96
77.961
77.962
77.963
77.964
77.965
77.966
77.967
77.968
77.969
77.97
77.971
77.972
77.973
77.974
77.975
77.976
77.977
77.978
77.979
77.98
77.981
77.982
77.983
77.984
77.985
77.986
77.987
77.988
77.989
77.99
77.991
77.992
77.993
77.994
77.995
77.996
77.997
77.998
77.999
78
78.001
78.002
78.003
78.004
78.005
78.006
78.007
78.008
78.009
78.01
78.011
78.012
78.013
78.014
78.015
78.016
78.017
78.018
78.019
78.02
78.021
78.022
78.023
78.024
78.025
78.026
78.027
78.028
78.029
78.03
78.031
78.032
78.033
78.034
78.035
78.036
78.037
78.038
78.039
78.04
78.041
78.042
78.043
78.044
78.045
78.046
78.047
78.048
78.049
78.05
78.051
78.052
78.053
78.054
78.055
78.056
78.057
78.058
78.059
78.06
78.061
78.062
78.063
78.064
78.065
78.066
78.067
78.068
78.069
78.07
78.071
78.072
78.073
78.074
78.075
78.076
78.077
78.078
78.079
78.08
78.081
78.082
78.083
78.084
78.085
78.086
78.087
78.088
78.089
78.09
78.091
78.092
78.093
78.094
78.095
78.096
78.097
78.098
78.099
78.1
78.101
78.102
78.103
78.104
78.105
78.106
78.107
78.108
78.109
78.11
78.111
78.112
78.113
78.114
78.115
78.116
78.117
78.118
78.119
78.12
78.121
78.122
78.123
78.124
78.125
78.126
78.127
78.128
78.129
78.13
78.131
78.132
78.133
78.134
78.135
78.136
78.137
78.138
78.139
78.14
78.141
78.142
78.143
78.144
78.145
78.146
78.147
78.148
78.149
78.15
78.151
78.152
78.153
78.154
78.155
78.156
78.157
78.158
78.159
78.16
78.161
78.162
78.163
78.164
78.165
78.166
78.167
78.168
78.169
78.17
78.171
78.172
78.173
78.174
78.175
78.176
78.177
78.178
78.179
78.18
78.181
78.182
78.183
78.184
78.185
78.186
78.187
78.188
78.189
78.19
78.191
78.192
78.193
78.194
78.195
78.196
78.197
78.198
78.199
78.2
78.201
78.202
78.203
78.204
78.205
78.206
78.207
78.208
78.209
78.21
78.211
78.212
78.213
78.214
78.215
78.216
78.217
78.218
78.219
78.22
78.221
78.222
78.223
78.224
78.225
78.226
78.227
78.228
78.229
78.23
78.231
78.232
78.233
78.234
78.235
78.236
78.237
78.238
78.239
78.24
78.241
78.242
78.243
78.244
78.245
78.246
78.247
78.248
78.249
78.25
78.251
78.252
78.253
78.254
78.255
78.256
78.257
78.258
78.259
78.26
78.261
78.262
78.263
78.264
78.265
78.266
78.267
78.268
78.269
78.27
78.271
78.272
78.273
78.274
78.275
78.276
78.277
78.278
78.279
78.28
78.281
78.282
78.283
78.284
78.285
78.286
78.287
78.288
78.289
78.29
78.291
78.292
78.293
78.294
78.295
78.296
78.297
78.298
78.299
78.3
78.301
78.302
78.303
78.304
78.305
78.306
78.307
78.308
78.309
78.31
78.311
78.312
78.313
78.314
78.315
78.316
78.317
78.318
78.319
78.32
78.321
78.322
78.323
78.324
78.325
78.326
78.327
78.328
78.329
78.33
78.331
78.332
78.333
78.334
78.335
78.336
78.337
78.338
78.339
78.34
78.341
78.342
78.343
78.344
78.345
78.346
78.347
78.348
78.349
78.35
78.351
78.352
78.353
78.354
78.355
78.356
78.357
78.358
78.359
78.36
78.361
78.362
78.363
78.364
78.365
78.366
78.367
78.368
78.369
78.37
78.371
78.372
78.373
78.374
78.375
78.376
78.377
78.378
78.379
78.38
78.381
78.382
78.383
78.384
78.385
78.386
78.387
78.388
78.389
78.39
78.391
78.392
78.393
78.394
78.395
78.396
78.397
78.398
78.399
78.4
78.401
78.402
78.403
78.404
78.405
78.406
78.407
78.408
78.409
78.41
78.411
78.412
78.413
78.414
78.415
78.416
78.417
78.418
78.419
78.42
78.421
78.422
78.423
78.424
78.425
78.426
78.427
78.428
78.429
78.43
78.431
78.432
78.433
78.434
78.435
78.436
78.437
78.438
78.439
78.44
78.441
78.442
78.443
78.444
78.445
78.446
78.447
78.448
78.449
78.45
78.451
78.452
78.453
78.454
78.455
78.456
78.457
78.458
78.459
78.46
78.461
78.462
78.463
78.464
78.465
78.466
78.467
78.468
78.469
78.47
78.471
78.472
78.473
78.474
78.475
78.476
78.477
78.478
78.479
78.48
78.481
78.482
78.483
78.484
78.485
78.486
78.487
78.488
78.489
78.49
78.491
78.492
78.493
78.494
78.495
78.496
78.497
78.498
78.499
78.5
78.501
78.502
78.503
78.504
78.505
78.506
78.507
78.508
78.509
78.51
78.511
78.512
78.513
78.514
78.515
78.516
78.517
78.518
78.519
78.52
78.521
78.522
78.523
78.524
78.525
78.526
78.527
78.528
78.529
78.53
78.531
78.532
78.533
78.534
78.535
78.536
78.537
78.538
78.539
78.54
78.541
78.542
78.543
78.544
78.545
78.546
78.547
78.548
78.549
78.55
78.551
78.552
78.553
78.554
78.555
78.556
78.557
78.558
78.559
78.56
78.561
78.562
78.563
78.564
78.565
78.566
78.567
78.568
78.569
78.57
78.571
78.572
78.573
78.574
78.575
78.576
78.577
78.578
78.579
78.58
78.581
78.582
78.583
78.584
78.585
78.586
78.587
78.588
78.589
78.59
78.591
78.592
78.593
78.594
78.595
78.596
78.597
78.598
78.599
78.6
78.601
78.602
78.603
78.604
78.605
78.606
78.607
78.608
78.609
78.61
78.611
78.612
78.613
78.614
78.615
78.616
78.617
78.618
78.619
78.62
78.621
78.622
78.623
78.624
78.625
78.626
78.627
78.628
78.629
78.63
78.631
78.632
78.633
78.634
78.635
78.636
78.637
78.638
78.639
78.64
78.641
78.642
78.643
78.644
78.645
78.646
78.647
78.648
78.649
78.65
78.651
78.652
78.653
78.654
78.655
78.656
78.657
78.658
78.659
78.66
78.661
78.662
78.663
78.664
78.665
78.666
78.667
78.668
78.669
78.67
78.671
78.672
78.673
78.674
78.675
78.676
78.677
78.678
78.679
78.68
78.681
78.682
78.683
78.684
78.685
78.686
78.687
78.688
78.689
78.69
78.691
78.692
78.693
78.694
78.695
78.696
78.697
78.698
78.699
78.7
78.701
78.702
78.703
78.704
78.705
78.706
78.707
78.708
78.709
78.71
78.711
78.712
78.713
78.714
78.715
78.716
78.717
78.718
78.719
78.72
78.721
78.722
78.723
78.724
78.725
78.726
78.727
78.728
78.729
78.73
78.731
78.732
78.733
78.734
78.735
78.736
78.737
78.738
78.739
78.74
78.741
78.742
78.743
78.744
78.745
78.746
78.747
78.748
78.749
78.75
78.751
78.752
78.753
78.754
78.755
78.756
78.757
78.758
78.759
78.76
78.761
78.762
78.763
78.764
78.765
78.766
78.767
78.768
78.769
78.77
78.771
78.772
78.773
78.774
78.775
78.776
78.777
78.778
78.779
78.78
78.781
78.782
78.783
78.784
78.785
78.786
78.787
78.788
78.789
78.79
78.791
78.792
78.793
78.794
78.795
78.796
78.797
78.798
78.799
78.8
78.801
78.802
78.803
78.804
78.805
78.806
78.807
78.808
78.809
78.81
78.811
78.812
78.813
78.814
78.815
78.816
78.817
78.818
78.819
78.82
78.821
78.822
78.823
78.824
78.825
78.826
78.827
78.828
78.829
78.83
78.831
78.832
78.833
78.834
78.835
78.836
78.837
78.838
78.839
78.84
78.841
78.842
78.843
78.844
78.845
78.846
78.847
78.848
78.849
78.85
78.851
78.852
78.853
78.854
78.855
78.856
78.857
78.858
78.859
78.86
78.861
78.862
78.863
78.864
78.865
78.866
78.867
78.868
78.869
78.87
78.871
78.872
78.873
78.874
78.875
78.876
78.877
78.878
78.879
78.88
78.881
78.882
78.883
78.884
78.885
78.886
78.887
78.888
78.889
78.89
78.891
78.892
78.893
78.894
78.895
78.896
78.897
78.898
78.899
78.9
78.901
78.902
78.903
78.904
78.905
78.906
78.907
78.908
78.909
78.91
78.911
78.912
78.913
78.914
78.915
78.916
78.917
78.918
78.919
78.92
78.921
78.922
78.923
78.924
78.925
78.926
78.927
78.928
78.929
78.93
78.931
78.932
78.933
78.934
78.935
78.936
78.937
78.938
78.939
78.94
78.941
78.942
78.943
78.944
78.945
78.946
78.947
78.948
78.949
78.95
78.951
78.952
78.953
78.954
78.955
78.956
78.957
78.958
78.959
78.96
78.961
78.962
78.963
78.964
78.965
78.966
78.967
78.968
78.969
78.97
78.971
78.972
78.973
78.974
78.975
78.976
78.977
78.978
78.979
78.98
78.981
78.982
78.983
78.984
78.985
78.986
78.987
78.988
78.989
78.99
78.991
78.992
78.993
78.994
78.995
78.996
78.997
78.998
78.999
79
79.001
79.002
79.003
79.004
79.005
79.006
79.007
79.008
79.009
79.01
79.011
79.012
79.013
79.014
79.015
79.016
79.017
79.018
79.019
79.02
79.021
79.022
79.023
79.024
79.025
79.026
79.027
79.028
79.029
79.03
79.031
79.032
79.033
79.034
79.035
79.036
79.037
79.038
79.039
79.04
79.041
79.042
79.043
79.044
79.045
79.046
79.047
79.048
79.049
79.05
79.051
79.052
79.053
79.054
79.055
79.056
79.057
79.058
79.059
79.06
79.061
79.062
79.063
79.064
79.065
79.066
79.067
79.068
79.069
79.07
79.071
79.072
79.073
79.074
79.075
79.076
79.077
79.078
79.079
79.08
79.081
79.082
79.083
79.084
79.085
79.086
79.087
79.088
79.089
79.09
79.091
79.092
79.093
79.094
79.095
79.096
79.097
79.098
79.099
79.1
79.101
79.102
79.103
79.104
79.105
79.106
79.107
79.108
79.109
79.11
79.111
79.112
79.113
79.114
79.115
79.116
79.117
79.118
79.119
79.12
79.121
79.122
79.123
79.124
79.125
79.126
79.127
79.128
79.129
79.13
79.131
79.132
79.133
79.134
79.135
79.136
79.137
79.138
79.139
79.14
79.141
79.142
79.143
79.144
79.145
79.146
79.147
79.148
79.149
79.15
79.151
79.152
79.153
79.154
79.155
79.156
79.157
79.158
79.159
79.16
79.161
79.162
79.163
79.164
79.165
79.166
79.167
79.168
79.169
79.17
79.171
79.172
79.173
79.174
79.175
79.176
79.177
79.178
79.179
79.18
79.181
79.182
79.183
79.184
79.185
79.186
79.187
79.188
79.189
79.19
79.191
79.192
79.193
79.194
79.195
79.196
79.197
79.198
79.199
79.2
79.201
79.202
79.203
79.204
79.205
79.206
79.207
79.208
79.209
79.21
79.211
79.212
79.213
79.214
79.215
79.216
79.217
79.218
79.219
79.22
79.221
79.222
79.223
79.224
79.225
79.226
79.227
79.228
79.229
79.23
79.231
79.232
79.233
79.234
79.235
79.236
79.237
79.238
79.239
79.24
79.241
79.242
79.243
79.244
79.245
79.246
79.247
79.248
79.249
79.25
79.251
79.252
79.253
79.254
79.255
79.256
79.257
79.258
79.259
79.26
79.261
79.262
79.263
79.264
79.265
79.266
79.267
79.268
79.269
79.27
79.271
79.272
79.273
79.274
79.275
79.276
79.277
79.278
79.279
79.28
79.281
79.282
79.283
79.284
79.285
79.286
79.287
79.288
79.289
79.29
79.291
79.292
79.293
79.294
79.295
79.296
79.297
79.298
79.299
79.3
79.301
79.302
79.303
79.304
79.305
79.306
79.307
79.308
79.309
79.31
79.311
79.312
79.313
79.314
79.315
79.316
79.317
79.318
79.319
79.32
79.321
79.322
79.323
79.324
79.325
79.326
79.327
79.328
79.329
79.33
79.331
79.332
79.333
79.334
79.335
79.336
79.337
79.338
79.339
79.34
79.341
79.342
79.343
79.344
79.345
79.346
79.347
79.348
79.349
79.35
79.351
79.352
79.353
79.354
79.355
79.356
79.357
79.358
79.359
79.36
79.361
79.362
79.363
79.364
79.365
79.366
79.367
79.368
79.369
79.37
79.371
79.372
79.373
79.374
79.375
79.376
79.377
79.378
79.379
79.38
79.381
79.382
79.383
79.384
79.385
79.386
79.387
79.388
79.389
79.39
79.391
79.392
79.393
79.394
79.395
79.396
79.397
79.398
79.399
79.4
79.401
79.402
79.403
79.404
79.405
79.406
79.407
79.408
79.409
79.41
79.411
79.412
79.413
79.414
79.415
79.416
79.417
79.418
79.419
79.42
79.421
79.422
79.423
79.424
79.425
79.426
79.427
79.428
79.429
79.43
79.431
79.432
79.433
79.434
79.435
79.436
79.437
79.438
79.439
79.44
79.441
79.442
79.443
79.444
79.445
79.446
79.447
79.448
79.449
79.45
79.451
79.452
79.453
79.454
79.455
79.456
79.457
79.458
79.459
79.46
79.461
79.462
79.463
79.464
79.465
79.466
79.467
79.468
79.469
79.47
79.471
79.472
79.473
79.474
79.475
79.476
79.477
79.478
79.479
79.48
79.481
79.482
79.483
79.484
79.485
79.486
79.487
79.488
79.489
79.49
79.491
79.492
79.493
79.494
79.495
79.496
79.497
79.498
79.499
79.5
79.501
79.502
79.503
79.504
79.505
79.506
79.507
79.508
79.509
79.51
79.511
79.512
79.513
79.514
79.515
79.516
79.517
79.518
79.519
79.52
79.521
79.522
79.523
79.524
79.525
79.526
79.527
79.528
79.529
79.53
79.531
79.532
79.533
79.534
79.535
79.536
79.537
79.538
79.539
79.54
79.541
79.542
79.543
79.544
79.545
79.546
79.547
79.548
79.549
79.55
79.551
79.552
79.553
79.554
79.555
79.556
79.557
79.558
79.559
79.56
79.561
79.562
79.563
79.564
79.565
79.566
79.567
79.568
79.569
79.57
79.571
79.572
79.573
79.574
79.575
79.576
79.577
79.578
79.579
79.58
79.581
79.582
79.583
79.584
79.585
79.586
79.587
79.588
79.589
79.59
79.591
79.592
79.593
79.594
79.595
79.596
79.597
79.598
79.599
79.6
79.601
79.602
79.603
79.604
79.605
79.606
79.607
79.608
79.609
79.61
79.611
79.612
79.613
79.614
79.615
79.616
79.617
79.618
79.619
79.62
79.621
79.622
79.623
79.624
79.625
79.626
79.627
79.628
79.629
79.63
79.631
79.632
79.633
79.634
79.635
79.636
79.637
79.638
79.639
79.64
79.641
79.642
79.643
79.644
79.645
79.646
79.647
79.648
79.649
79.65
79.651
79.652
79.653
79.654
79.655
79.656
79.657
79.658
79.659
79.66
79.661
79.662
79.663
79.664
79.665
79.666
79.667
79.668
79.669
79.67
79.671
79.672
79.673
79.674
79.675
79.676
79.677
79.678
79.679
79.68
79.681
79.682
79.683
79.684
79.685
79.686
79.687
79.688
79.689
79.69
79.691
79.692
79.693
79.694
79.695
79.696
79.697
79.698
79.699
79.7
79.701
79.702
79.703
79.704
79.705
79.706
79.707
79.708
79.709
79.71
79.711
79.712
79.713
79.714
79.715
79.716
79.717
79.718
79.719
79.72
79.721
79.722
79.723
79.724
79.725
79.726
79.727
79.728
79.729
79.73
79.731
79.732
79.733
79.734
79.735
79.736
79.737
79.738
79.739
79.74
79.741
79.742
79.743
79.744
79.745
79.746
79.747
79.748
79.749
79.75
79.751
79.752
79.753
79.754
79.755
79.756
79.757
79.758
79.759
79.76
79.761
79.762
79.763
79.764
79.765
79.766
79.767
79.768
79.769
79.77
79.771
79.772
79.773
79.774
79.775
79.776
79.777
79.778
79.779
79.78
79.781
79.782
79.783
79.784
79.785
79.786
79.787
79.788
79.789
79.79
79.791
79.792
79.793
79.794
79.795
79.796
79.797
79.798
79.799
79.8
79.801
79.802
79.803
79.804
79.805
79.806
79.807
79.808
79.809
79.81
79.811
79.812
79.813
79.814
79.815
79.816
79.817
79.818
79.819
79.82
79.821
79.822
79.823
79.824
79.825
79.826
79.827
79.828
79.829
79.83
79.831
79.832
79.833
79.834
79.835
79.836
79.837
79.838
79.839
79.84
79.841
79.842
79.843
79.844
79.845
79.846
79.847
79.848
79.849
79.85
79.851
79.852
79.853
79.854
79.855
79.856
79.857
79.858
79.859
79.86
79.861
79.862
79.863
79.864
79.865
79.866
79.867
79.868
79.869
79.87
79.871
79.872
79.873
79.874
79.875
79.876
79.877
79.878
79.879
79.88
79.881
79.882
79.883
79.884
79.885
79.886
79.887
79.888
79.889
79.89
79.891
79.892
79.893
79.894
79.895
79.896
79.897
79.898
79.899
79.9
79.901
79.902
79.903
79.904
79.905
79.906
79.907
79.908
79.909
79.91
79.911
79.912
79.913
79.914
79.915
79.916
79.917
79.918
79.919
79.92
79.921
79.922
79.923
79.924
79.925
79.926
79.927
79.928
79.929
79.93
79.931
79.932
79.933
79.934
79.935
79.936
79.937
79.938
79.939
79.94
79.941
79.942
79.943
79.944
79.945
79.946
79.947
79.948
79.949
79.95
79.951
79.952
79.953
79.954
79.955
79.956
79.957
79.958
79.959
79.96
79.961
79.962
79.963
79.964
79.965
79.966
79.967
79.968
79.969
79.97
79.971
79.972
79.973
79.974
79.975
79.976
79.977
79.978
79.979
79.98
79.981
79.982
79.983
79.984
79.985
79.986
79.987
79.988
79.989
79.99
79.991
79.992
79.993
79.994
79.995
79.996
79.997
79.998
79.999
80
80.001
80.002
80.003
80.004
80.005
80.006
80.007
80.008
80.009
80.01
80.011
80.012
80.013
80.014
80.015
80.016
80.017
80.018
80.019
80.02
80.021
80.022
80.023
80.024
80.025
80.026
80.027
80.028
80.029
80.03
80.031
80.032
80.033
80.034
80.035
80.036
80.037
80.038
80.039
80.04
80.041
80.042
80.043
80.044
80.045
80.046
80.047
80.048
80.049
80.05
80.051
80.052
80.053
80.054
80.055
80.056
80.057
80.058
80.059
80.06
80.061
80.062
80.063
80.064
80.065
80.066
80.067
80.068
80.069
80.07
80.071
80.072
80.073
80.074
80.075
80.076
80.077
80.078
80.079
80.08
80.081
80.082
80.083
80.084
80.085
80.086
80.087
80.088
80.089
80.09
80.091
80.092
80.093
80.094
80.095
80.096
80.097
80.098
80.099
80.1
80.101
80.102
80.103
80.104
80.105
80.106
80.107
80.108
80.109
80.11
80.111
80.112
80.113
80.114
80.115
80.116
80.117
80.118
80.119
80.12
80.121
80.122
80.123
80.124
80.125
80.126
80.127
80.128
80.129
80.13
80.131
80.132
80.133
80.134
80.135
80.136
80.137
80.138
80.139
80.14
80.141
80.142
80.143
80.144
80.145
80.146
80.147
80.148
80.149
80.15
80.151
80.152
80.153
80.154
80.155
80.156
80.157
80.158
80.159
80.16
80.161
80.162
80.163
80.164
80.165
80.166
80.167
80.168
80.169
80.17
80.171
80.172
80.173
80.174
80.175
80.176
80.177
80.178
80.179
80.18
80.181
80.182
80.183
80.184
80.185
80.186
80.187
80.188
80.189
80.19
80.191
80.192
80.193
80.194
80.195
80.196
80.197
80.198
80.199
80.2
80.201
80.202
80.203
80.204
80.205
80.206
80.207
80.208
80.209
80.21
80.211
80.212
80.213
80.214
80.215
80.216
80.217
80.218
80.219
80.22
80.221
80.222
80.223
80.224
80.225
80.226
80.227
80.228
80.229
80.23
80.231
80.232
80.233
80.234
80.235
80.236
80.237
80.238
80.239
80.24
80.241
80.242
80.243
80.244
80.245
80.246
80.247
80.248
80.249
80.25
80.251
80.252
80.253
80.254
80.255
80.256
80.257
80.258
80.259
80.26
80.261
80.262
80.263
80.264
80.265
80.266
80.267
80.268
80.269
80.27
80.271
80.272
80.273
80.274
80.275
80.276
80.277
80.278
80.279
80.28
80.281
80.282
80.283
80.284
80.285
80.286
80.287
80.288
80.289
80.29
80.291
80.292
80.293
80.294
80.295
80.296
80.297
80.298
80.299
80.3
80.301
80.302
80.303
80.304
80.305
80.306
80.307
80.308
80.309
80.31
80.311
80.312
80.313
80.314
80.315
80.316
80.317
80.318
80.319
80.32
80.321
80.322
80.323
80.324
80.325
80.326
80.327
80.328
80.329
80.33
80.331
80.332
80.333
80.334
80.335
80.336
80.337
80.338
80.339
80.34
80.341
80.342
80.343
80.344
80.345
80.346
80.347
80.348
80.349
80.35
80.351
80.352
80.353
80.354
80.355
80.356
80.357
80.358
80.359
80.36
80.361
80.362
80.363
80.364
80.365
80.366
80.367
80.368
80.369
80.37
80.371
80.372
80.373
80.374
80.375
80.376
80.377
80.378
80.379
80.38
80.381
80.382
80.383
80.384
80.385
80.386
80.387
80.388
80.389
80.39
80.391
80.392
80.393
80.394
80.395
80.396
80.397
80.398
80.399
80.4
80.401
80.402
80.403
80.404
80.405
80.406
80.407
80.408
80.409
80.41
80.411
80.412
80.413
80.414
80.415
80.416
80.417
80.418
80.419
80.42
80.421
80.422
80.423
80.424
80.425
80.426
80.427
80.428
80.429
80.43
80.431
80.432
80.433
80.434
80.435
80.436
80.437
80.438
80.439
80.44
80.441
80.442
80.443
80.444
80.445
80.446
80.447
80.448
80.449
80.45
80.451
80.452
80.453
80.454
80.455
80.456
80.457
80.458
80.459
80.46
80.461
80.462
80.463
80.464
80.465
80.466
80.467
80.468
80.469
80.47
80.471
80.472
80.473
80.474
80.475
80.476
80.477
80.478
80.479
80.48
80.481
80.482
80.483
80.484
80.485
80.486
80.487
80.488
80.489
80.49
80.491
80.492
80.493
80.494
80.495
80.496
80.497
80.498
80.499
80.5
80.501
80.502
80.503
80.504
80.505
80.506
80.507
80.508
80.509
80.51
80.511
80.512
80.513
80.514
80.515
80.516
80.517
80.518
80.519
80.52
80.521
80.522
80.523
80.524
80.525
80.526
80.527
80.528
80.529
80.53
80.531
80.532
80.533
80.534
80.535
80.536
80.537
80.538
80.539
80.54
80.541
80.542
80.543
80.544
80.545
80.546
80.547
80.548
80.549
80.55
80.551
80.552
80.553
80.554
80.555
80.556
80.557
80.558
80.559
80.56
80.561
80.562
80.563
80.564
80.565
80.566
80.567
80.568
80.569
80.57
80.571
80.572
80.573
80.574
80.575
80.576
80.577
80.578
80.579
80.58
80.581
80.582
80.583
80.584
80.585
80.586
80.587
80.588
80.589
80.59
80.591
80.592
80.593
80.594
80.595
80.596
80.597
80.598
80.599
80.6
80.601
80.602
80.603
80.604
80.605
80.606
80.607
80.608
80.609
80.61
80.611
80.612
80.613
80.614
80.615
80.616
80.617
80.618
80.619
80.62
80.621
80.622
80.623
80.624
80.625
80.626
80.627
80.628
80.629
80.63
80.631
80.632
80.633
80.634
80.635
80.636
80.637
80.638
80.639
80.64
80.641
80.642
80.643
80.644
80.645
80.646
80.647
80.648
80.649
80.65
80.651
80.652
80.653
80.654
80.655
80.656
80.657
80.658
80.659
80.66
80.661
80.662
80.663
80.664
80.665
80.666
80.667
80.668
80.669
80.67
80.671
80.672
80.673
80.674
80.675
80.676
80.677
80.678
80.679
80.68
80.681
80.682
80.683
80.684
80.685
80.686
80.687
80.688
80.689
80.69
80.691
80.692
80.693
80.694
80.695
80.696
80.697
80.698
80.699
80.7
80.701
80.702
80.703
80.704
80.705
80.706
80.707
80.708
80.709
80.71
80.711
80.712
80.713
80.714
80.715
80.716
80.717
80.718
80.719
80.72
80.721
80.722
80.723
80.724
80.725
80.726
80.727
80.728
80.729
80.73
80.731
80.732
80.733
80.734
80.735
80.736
80.737
80.738
80.739
80.74
80.741
80.742
80.743
80.744
80.745
80.746
80.747
80.748
80.749
80.75
80.751
80.752
80.753
80.754
80.755
80.756
80.757
80.758
80.759
80.76
80.761
80.762
80.763
80.764
80.765
80.766
80.767
80.768
80.769
80.77
80.771
80.772
80.773
80.774
80.775
80.776
80.777
80.778
80.779
80.78
80.781
80.782
80.783
80.784
80.785
80.786
80.787
80.788
80.789
80.79
80.791
80.792
80.793
80.794
80.795
80.796
80.797
80.798
80.799
80.8
80.801
80.802
80.803
80.804
80.805
80.806
80.807
80.808
80.809
80.81
80.811
80.812
80.813
80.814
80.815
80.816
80.817
80.818
80.819
80.82
80.821
80.822
80.823
80.824
80.825
80.826
80.827
80.828
80.829
80.83
80.831
80.832
80.833
80.834
80.835
80.836
80.837
80.838
80.839
80.84
80.841
80.842
80.843
80.844
80.845
80.846
80.847
80.848
80.849
80.85
80.851
80.852
80.853
80.854
80.855
80.856
80.857
80.858
80.859
80.86
80.861
80.862
80.863
80.864
80.865
80.866
80.867
80.868
80.869
80.87
80.871
80.872
80.873
80.874
80.875
80.876
80.877
80.878
80.879
80.88
80.881
80.882
80.883
80.884
80.885
80.886
80.887
80.888
80.889
80.89
80.891
80.892
80.893
80.894
80.895
80.896
80.897
80.898
80.899
80.9
80.901
80.902
80.903
80.904
80.905
80.906
80.907
80.908
80.909
80.91
80.911
80.912
80.913
80.914
80.915
80.916
80.917
80.918
80.919
80.92
80.921
80.922
80.923
80.924
80.925
80.926
80.927
80.928
80.929
80.93
80.931
80.932
80.933
80.934
80.935
80.936
80.937
80.938
80.939
80.94
80.941
80.942
80.943
80.944
80.945
80.946
80.947
80.948
80.949
80.95
80.951
80.952
80.953
80.954
80.955
80.956
80.957
80.958
80.959
80.96
80.961
80.962
80.963
80.964
80.965
80.966
80.967
80.968
80.969
80.97
80.971
80.972
80.973
80.974
80.975
80.976
80.977
80.978
80.979
80.98
80.981
80.982
80.983
80.984
80.985
80.986
80.987
80.988
80.989
80.99
80.991
80.992
80.993
80.994
80.995
80.996
80.997
80.998
80.999
81
81.001
81.002
81.003
81.004
81.005
81.006
81.007
81.008
81.009
81.01
81.011
81.012
81.013
81.014
81.015
81.016
81.017
81.018
81.019
81.02
81.021
81.022
81.023
81.024
81.025
81.026
81.027
81.028
81.029
81.03
81.031
81.032
81.033
81.034
81.035
81.036
81.037
81.038
81.039
81.04
81.041
81.042
81.043
81.044
81.045
81.046
81.047
81.048
81.049
81.05
81.051
81.052
81.053
81.054
81.055
81.056
81.057
81.058
81.059
81.06
81.061
81.062
81.063
81.064
81.065
81.066
81.067
81.068
81.069
81.07
81.071
81.072
81.073
81.074
81.075
81.076
81.077
81.078
81.079
81.08
81.081
81.082
81.083
81.084
81.085
81.086
81.087
81.088
81.089
81.09
81.091
81.092
81.093
81.094
81.095
81.096
81.097
81.098
81.099
81.1
81.101
81.102
81.103
81.104
81.105
81.106
81.107
81.108
81.109
81.11
81.111
81.112
81.113
81.114
81.115
81.116
81.117
81.118
81.119
81.12
81.121
81.122
81.123
81.124
81.125
81.126
81.127
81.128
81.129
81.13
81.131
81.132
81.133
81.134
81.135
81.136
81.137
81.138
81.139
81.14
81.141
81.142
81.143
81.144
81.145
81.146
81.147
81.148
81.149
81.15
81.151
81.152
81.153
81.154
81.155
81.156
81.157
81.158
81.159
81.16
81.161
81.162
81.163
81.164
81.165
81.166
81.167
81.168
81.169
81.17
81.171
81.172
81.173
81.174
81.175
81.176
81.177
81.178
81.179
81.18
81.181
81.182
81.183
81.184
81.185
81.186
81.187
81.188
81.189
81.19
81.191
81.192
81.193
81.194
81.195
81.196
81.197
81.198
81.199
81.2
81.201
81.202
81.203
81.204
81.205
81.206
81.207
81.208
81.209
81.21
81.211
81.212
81.213
81.214
81.215
81.216
81.217
81.218
81.219
81.22
81.221
81.222
81.223
81.224
81.225
81.226
81.227
81.228
81.229
81.23
81.231
81.232
81.233
81.234
81.235
81.236
81.237
81.238
81.239
81.24
81.241
81.242
81.243
81.244
81.245
81.246
81.247
81.248
81.249
81.25
81.251
81.252
81.253
81.254
81.255
81.256
81.257
81.258
81.259
81.26
81.261
81.262
81.263
81.264
81.265
81.266
81.267
81.268
81.269
81.27
81.271
81.272
81.273
81.274
81.275
81.276
81.277
81.278
81.279
81.28
81.281
81.282
81.283
81.284
81.285
81.286
81.287
81.288
81.289
81.29
81.291
81.292
81.293
81.294
81.295
81.296
81.297
81.298
81.299
81.3
81.301
81.302
81.303
81.304
81.305
81.306
81.307
81.308
81.309
81.31
81.311
81.312
81.313
81.314
81.315
81.316
81.317
81.318
81.319
81.32
81.321
81.322
81.323
81.324
81.325
81.326
81.327
81.328
81.329
81.33
81.331
81.332
81.333
81.334
81.335
81.336
81.337
81.338
81.339
81.34
81.341
81.342
81.343
81.344
81.345
81.346
81.347
81.348
81.349
81.35
81.351
81.352
81.353
81.354
81.355
81.356
81.357
81.358
81.359
81.36
81.361
81.362
81.363
81.364
81.365
81.366
81.367
81.368
81.369
81.37
81.371
81.372
81.373
81.374
81.375
81.376
81.377
81.378
81.379
81.38
81.381
81.382
81.383
81.384
81.385
81.386
81.387
81.388
81.389
81.39
81.391
81.392
81.393
81.394
81.395
81.396
81.397
81.398
81.399
81.4
81.401
81.402
81.403
81.404
81.405
81.406
81.407
81.408
81.409
81.41
81.411
81.412
81.413
81.414
81.415
81.416
81.417
81.418
81.419
81.42
81.421
81.422
81.423
81.424
81.425
81.426
81.427
81.428
81.429
81.43
81.431
81.432
81.433
81.434
81.435
81.436
81.437
81.438
81.439
81.44
81.441
81.442
81.443
81.444
81.445
81.446
81.447
81.448
81.449
81.45
81.451
81.452
81.453
81.454
81.455
81.456
81.457
81.458
81.459
81.46
81.461
81.462
81.463
81.464
81.465
81.466
81.467
81.468
81.469
81.47
81.471
81.472
81.473
81.474
81.475
81.476
81.477
81.478
81.479
81.48
81.481
81.482
81.483
81.484
81.485
81.486
81.487
81.488
81.489
81.49
81.491
81.492
81.493
81.494
81.495
81.496
81.497
81.498
81.499
81.5
81.501
81.502
81.503
81.504
81.505
81.506
81.507
81.508
81.509
81.51
81.511
81.512
81.513
81.514
81.515
81.516
81.517
81.518
81.519
81.52
81.521
81.522
81.523
81.524
81.525
81.526
81.527
81.528
81.529
81.53
81.531
81.532
81.533
81.534
81.535
81.536
81.537
81.538
81.539
81.54
81.541
81.542
81.543
81.544
81.545
81.546
81.547
81.548
81.549
81.55
81.551
81.552
81.553
81.554
81.555
81.556
81.557
81.558
81.559
81.56
81.561
81.562
81.563
81.564
81.565
81.566
81.567
81.568
81.569
81.57
81.571
81.572
81.573
81.574
81.575
81.576
81.577
81.578
81.579
81.58
81.581
81.582
81.583
81.584
81.585
81.586
81.587
81.588
81.589
81.59
81.591
81.592
81.593
81.594
81.595
81.596
81.597
81.598
81.599
81.6
81.601
81.602
81.603
81.604
81.605
81.606
81.607
81.608
81.609
81.61
81.611
81.612
81.613
81.614
81.615
81.616
81.617
81.618
81.619
81.62
81.621
81.622
81.623
81.624
81.625
81.626
81.627
81.628
81.629
81.63
81.631
81.632
81.633
81.634
81.635
81.636
81.637
81.638
81.639
81.64
81.641
81.642
81.643
81.644
81.645
81.646
81.647
81.648
81.649
81.65
81.651
81.652
81.653
81.654
81.655
81.656
81.657
81.658
81.659
81.66
81.661
81.662
81.663
81.664
81.665
81.666
81.667
81.668
81.669
81.67
81.671
81.672
81.673
81.674
81.675
81.676
81.677
81.678
81.679
81.68
81.681
81.682
81.683
81.684
81.685
81.686
81.687
81.688
81.689
81.69
81.691
81.692
81.693
81.694
81.695
81.696
81.697
81.698
81.699
81.7
81.701
81.702
81.703
81.704
81.705
81.706
81.707
81.708
81.709
81.71
81.711
81.712
81.713
81.714
81.715
81.716
81.717
81.718
81.719
81.72
81.721
81.722
81.723
81.724
81.725
81.726
81.727
81.728
81.729
81.73
81.731
81.732
81.733
81.734
81.735
81.736
81.737
81.738
81.739
81.74
81.741
81.742
81.743
81.744
81.745
81.746
81.747
81.748
81.749
81.75
81.751
81.752
81.753
81.754
81.755
81.756
81.757
81.758
81.759
81.76
81.761
81.762
81.763
81.764
81.765
81.766
81.767
81.768
81.769
81.77
81.771
81.772
81.773
81.774
81.775
81.776
81.777
81.778
81.779
81.78
81.781
81.782
81.783
81.784
81.785
81.786
81.787
81.788
81.789
81.79
81.791
81.792
81.793
81.794
81.795
81.796
81.797
81.798
81.799
81.8
81.801
81.802
81.803
81.804
81.805
81.806
81.807
81.808
81.809
81.81
81.811
81.812
81.813
81.814
81.815
81.816
81.817
81.818
81.819
81.82
81.821
81.822
81.823
81.824
81.825
81.826
81.827
81.828
81.829
81.83
81.831
81.832
81.833
81.834
81.835
81.836
81.837
81.838
81.839
81.84
81.841
81.842
81.843
81.844
81.845
81.846
81.847
81.848
81.849
81.85
81.851
81.852
81.853
81.854
81.855
81.856
81.857
81.858
81.859
81.86
81.861
81.862
81.863
81.864
81.865
81.866
81.867
81.868
81.869
81.87
81.871
81.872
81.873
81.874
81.875
81.876
81.877
81.878
81.879
81.88
81.881
81.882
81.883
81.884
81.885
81.886
81.887
81.888
81.889
81.89
81.891
81.892
81.893
81.894
81.895
81.896
81.897
81.898
81.899
81.9
81.901
81.902
81.903
81.904
81.905
81.906
81.907
81.908
81.909
81.91
81.911
81.912
81.913
81.914
81.915
81.916
81.917
81.918
81.919
81.92
81.921
81.922
81.923
81.924
81.925
81.926
81.927
81.928
81.929
81.93
81.931
81.932
81.933
81.934
81.935
81.936
81.937
81.938
81.939
81.94
81.941
81.942
81.943
81.944
81.945
81.946
81.947
81.948
81.949
81.95
81.951
81.952
81.953
81.954
81.955
81.956
81.957
81.958
81.959
81.96
81.961
81.962
81.963
81.964
81.965
81.966
81.967
81.968
81.969
81.97
81.971
81.972
81.973
81.974
81.975
81.976
81.977
81.978
81.979
81.98
81.981
81.982
81.983
81.984
81.985
81.986
81.987
81.988
81.989
81.99
81.991
81.992
81.993
81.994
81.995
81.996
81.997
81.998
81.999
82
82.001
82.002
82.003
82.004
82.005
82.006
82.007
82.008
82.009
82.01
82.011
82.012
82.013
82.014
82.015
82.016
82.017
82.018
82.019
82.02
82.021
82.022
82.023
82.024
82.025
82.026
82.027
82.028
82.029
82.03
82.031
82.032
82.033
82.034
82.035
82.036
82.037
82.038
82.039
82.04
82.041
82.042
82.043
82.044
82.045
82.046
82.047
82.048
82.049
82.05
82.051
82.052
82.053
82.054
82.055
82.056
82.057
82.058
82.059
82.06
82.061
82.062
82.063
82.064
82.065
82.066
82.067
82.068
82.069
82.07
82.071
82.072
82.073
82.074
82.075
82.076
82.077
82.078
82.079
82.08
82.081
82.082
82.083
82.084
82.085
82.086
82.087
82.088
82.089
82.09
82.091
82.092
82.093
82.094
82.095
82.096
82.097
82.098
82.099
82.1
82.101
82.102
82.103
82.104
82.105
82.106
82.107
82.108
82.109
82.11
82.111
82.112
82.113
82.114
82.115
82.116
82.117
82.118
82.119
82.12
82.121
82.122
82.123
82.124
82.125
82.126
82.127
82.128
82.129
82.13
82.131
82.132
82.133
82.134
82.135
82.136
82.137
82.138
82.139
82.14
82.141
82.142
82.143
82.144
82.145
82.146
82.147
82.148
82.149
82.15
82.151
82.152
82.153
82.154
82.155
82.156
82.157
82.158
82.159
82.16
82.161
82.162
82.163
82.164
82.165
82.166
82.167
82.168
82.169
82.17
82.171
82.172
82.173
82.174
82.175
82.176
82.177
82.178
82.179
82.18
82.181
82.182
82.183
82.184
82.185
82.186
82.187
82.188
82.189
82.19
82.191
82.192
82.193
82.194
82.195
82.196
82.197
82.198
82.199
82.2
82.201
82.202
82.203
82.204
82.205
82.206
82.207
82.208
82.209
82.21
82.211
82.212
82.213
82.214
82.215
82.216
82.217
82.218
82.219
82.22
82.221
82.222
82.223
82.224
82.225
82.226
82.227
82.228
82.229
82.23
82.231
82.232
82.233
82.234
82.235
82.236
82.237
82.238
82.239
82.24
82.241
82.242
82.243
82.244
82.245
82.246
82.247
82.248
82.249
82.25
82.251
82.252
82.253
82.254
82.255
82.256
82.257
82.258
82.259
82.26
82.261
82.262
82.263
82.264
82.265
82.266
82.267
82.268
82.269
82.27
82.271
82.272
82.273
82.274
82.275
82.276
82.277
82.278
82.279
82.28
82.281
82.282
82.283
82.284
82.285
82.286
82.287
82.288
82.289
82.29
82.291
82.292
82.293
82.294
82.295
82.296
82.297
82.298
82.299
82.3
82.301
82.302
82.303
82.304
82.305
82.306
82.307
82.308
82.309
82.31
82.311
82.312
82.313
82.314
82.315
82.316
82.317
82.318
82.319
82.32
82.321
82.322
82.323
82.324
82.325
82.326
82.327
82.328
82.329
82.33
82.331
82.332
82.333
82.334
82.335
82.336
82.337
82.338
82.339
82.34
82.341
82.342
82.343
82.344
82.345
82.346
82.347
82.348
82.349
82.35
82.351
82.352
82.353
82.354
82.355
82.356
82.357
82.358
82.359
82.36
82.361
82.362
82.363
82.364
82.365
82.366
82.367
82.368
82.369
82.37
82.371
82.372
82.373
82.374
82.375
82.376
82.377
82.378
82.379
82.38
82.381
82.382
82.383
82.384
82.385
82.386
82.387
82.388
82.389
82.39
82.391
82.392
82.393
82.394
82.395
82.396
82.397
82.398
82.399
82.4
82.401
82.402
82.403
82.404
82.405
82.406
82.407
82.408
82.409
82.41
82.411
82.412
82.413
82.414
82.415
82.416
82.417
82.418
82.419
82.42
82.421
82.422
82.423
82.424
82.425
82.426
82.427
82.428
82.429
82.43
82.431
82.432
82.433
82.434
82.435
82.436
82.437
82.438
82.439
82.44
82.441
82.442
82.443
82.444
82.445
82.446
82.447
82.448
82.449
82.45
82.451
82.452
82.453
82.454
82.455
82.456
82.457
82.458
82.459
82.46
82.461
82.462
82.463
82.464
82.465
82.466
82.467
82.468
82.469
82.47
82.471
82.472
82.473
82.474
82.475
82.476
82.477
82.478
82.479
82.48
82.481
82.482
82.483
82.484
82.485
82.486
82.487
82.488
82.489
82.49
82.491
82.492
82.493
82.494
82.495
82.496
82.497
82.498
82.499
82.5
82.501
82.502
82.503
82.504
82.505
82.506
82.507
82.508
82.509
82.51
82.511
82.512
82.513
82.514
82.515
82.516
82.517
82.518
82.519
82.52
82.521
82.522
82.523
82.524
82.525
82.526
82.527
82.528
82.529
82.53
82.531
82.532
82.533
82.534
82.535
82.536
82.537
82.538
82.539
82.54
82.541
82.542
82.543
82.544
82.545
82.546
82.547
82.548
82.549
82.55
82.551
82.552
82.553
82.554
82.555
82.556
82.557
82.558
82.559
82.56
82.561
82.562
82.563
82.564
82.565
82.566
82.567
82.568
82.569
82.57
82.571
82.572
82.573
82.574
82.575
82.576
82.577
82.578
82.579
82.58
82.581
82.582
82.583
82.584
82.585
82.586
82.587
82.588
82.589
82.59
82.591
82.592
82.593
82.594
82.595
82.596
82.597
82.598
82.599
82.6
82.601
82.602
82.603
82.604
82.605
82.606
82.607
82.608
82.609
82.61
82.611
82.612
82.613
82.614
82.615
82.616
82.617
82.618
82.619
82.62
82.621
82.622
82.623
82.624
82.625
82.626
82.627
82.628
82.629
82.63
82.631
82.632
82.633
82.634
82.635
82.636
82.637
82.638
82.639
82.64
82.641
82.642
82.643
82.644
82.645
82.646
82.647
82.648
82.649
82.65
82.651
82.652
82.653
82.654
82.655
82.656
82.657
82.658
82.659
82.66
82.661
82.662
82.663
82.664
82.665
82.666
82.667
82.668
82.669
82.67
82.671
82.672
82.673
82.674
82.675
82.676
82.677
82.678
82.679
82.68
82.681
82.682
82.683
82.684
82.685
82.686
82.687
82.688
82.689
82.69
82.691
82.692
82.693
82.694
82.695
82.696
82.697
82.698
82.699
82.7
82.701
82.702
82.703
82.704
82.705
82.706
82.707
82.708
82.709
82.71
82.711
82.712
82.713
82.714
82.715
82.716
82.717
82.718
82.719
82.72
82.721
82.722
82.723
82.724
82.725
82.726
82.727
82.728
82.729
82.73
82.731
82.732
82.733
82.734
82.735
82.736
82.737
82.738
82.739
82.74
82.741
82.742
82.743
82.744
82.745
82.746
82.747
82.748
82.749
82.75
82.751
82.752
82.753
82.754
82.755
82.756
82.757
82.758
82.759
82.76
82.761
82.762
82.763
82.764
82.765
82.766
82.767
82.768
82.769
82.77
82.771
82.772
82.773
82.774
82.775
82.776
82.777
82.778
82.779
82.78
82.781
82.782
82.783
82.784
82.785
82.786
82.787
82.788
82.789
82.79
82.791
82.792
82.793
82.794
82.795
82.796
82.797
82.798
82.799
82.8
82.801
82.802
82.803
82.804
82.805
82.806
82.807
82.808
82.809
82.81
82.811
82.812
82.813
82.814
82.815
82.816
82.817
82.818
82.819
82.82
82.821
82.822
82.823
82.824
82.825
82.826
82.827
82.828
82.829
82.83
82.831
82.832
82.833
82.834
82.835
82.836
82.837
82.838
82.839
82.84
82.841
82.842
82.843
82.844
82.845
82.846
82.847
82.848
82.849
82.85
82.851
82.852
82.853
82.854
82.855
82.856
82.857
82.858
82.859
82.86
82.861
82.862
82.863
82.864
82.865
82.866
82.867
82.868
82.869
82.87
82.871
82.872
82.873
82.874
82.875
82.876
82.877
82.878
82.879
82.88
82.881
82.882
82.883
82.884
82.885
82.886
82.887
82.888
82.889
82.89
82.891
82.892
82.893
82.894
82.895
82.896
82.897
82.898
82.899
82.9
82.901
82.902
82.903
82.904
82.905
82.906
82.907
82.908
82.909
82.91
82.911
82.912
82.913
82.914
82.915
82.916
82.917
82.918
82.919
82.92
82.921
82.922
82.923
82.924
82.925
82.926
82.927
82.928
82.929
82.93
82.931
82.932
82.933
82.934
82.935
82.936
82.937
82.938
82.939
82.94
82.941
82.942
82.943
82.944
82.945
82.946
82.947
82.948
82.949
82.95
82.951
82.952
82.953
82.954
82.955
82.956
82.957
82.958
82.959
82.96
82.961
82.962
82.963
82.964
82.965
82.966
82.967
82.968
82.969
82.97
82.971
82.972
82.973
82.974
82.975
82.976
82.977
82.978
82.979
82.98
82.981
82.982
82.983
82.984
82.985
82.986
82.987
82.988
82.989
82.99
82.991
82.992
82.993
82.994
82.995
82.996
82.997
82.998
82.999
83
83.001
83.002
83.003
83.004
83.005
83.006
83.007
83.008
83.009
83.01
83.011
83.012
83.013
83.014
83.015
83.016
83.017
83.018
83.019
83.02
83.021
83.022
83.023
83.024
83.025
83.026
83.027
83.028
83.029
83.03
83.031
83.032
83.033
83.034
83.035
83.036
83.037
83.038
83.039
83.04
83.041
83.042
83.043
83.044
83.045
83.046
83.047
83.048
83.049
83.05
83.051
83.052
83.053
83.054
83.055
83.056
83.057
83.058
83.059
83.06
83.061
83.062
83.063
83.064
83.065
83.066
83.067
83.068
83.069
83.07
83.071
83.072
83.073
83.074
83.075
83.076
83.077
83.078
83.079
83.08
83.081
83.082
83.083
83.084
83.085
83.086
83.087
83.088
83.089
83.09
83.091
83.092
83.093
83.094
83.095
83.096
83.097
83.098
83.099
83.1
83.101
83.102
83.103
83.104
83.105
83.106
83.107
83.108
83.109
83.11
83.111
83.112
83.113
83.114
83.115
83.116
83.117
83.118
83.119
83.12
83.121
83.122
83.123
83.124
83.125
83.126
83.127
83.128
83.129
83.13
83.131
83.132
83.133
83.134
83.135
83.136
83.137
83.138
83.139
83.14
83.141
83.142
83.143
83.144
83.145
83.146
83.147
83.148
83.149
83.15
83.151
83.152
83.153
83.154
83.155
83.156
83.157
83.158
83.159
83.16
83.161
83.162
83.163
83.164
83.165
83.166
83.167
83.168
83.169
83.17
83.171
83.172
83.173
83.174
83.175
83.176
83.177
83.178
83.179
83.18
83.181
83.182
83.183
83.184
83.185
83.186
83.187
83.188
83.189
83.19
83.191
83.192
83.193
83.194
83.195
83.196
83.197
83.198
83.199
83.2
83.201
83.202
83.203
83.204
83.205
83.206
83.207
83.208
83.209
83.21
83.211
83.212
83.213
83.214
83.215
83.216
83.217
83.218
83.219
83.22
83.221
83.222
83.223
83.224
83.225
83.226
83.227
83.228
83.229
83.23
83.231
83.232
83.233
83.234
83.235
83.236
83.237
83.238
83.239
83.24
83.241
83.242
83.243
83.244
83.245
83.246
83.247
83.248
83.249
83.25
83.251
83.252
83.253
83.254
83.255
83.256
83.257
83.258
83.259
83.26
83.261
83.262
83.263
83.264
83.265
83.266
83.267
83.268
83.269
83.27
83.271
83.272
83.273
83.274
83.275
83.276
83.277
83.278
83.279
83.28
83.281
83.282
83.283
83.284
83.285
83.286
83.287
83.288
83.289
83.29
83.291
83.292
83.293
83.294
83.295
83.296
83.297
83.298
83.299
83.3
83.301
83.302
83.303
83.304
83.305
83.306
83.307
83.308
83.309
83.31
83.311
83.312
83.313
83.314
83.315
83.316
83.317
83.318
83.319
83.32
83.321
83.322
83.323
83.324
83.325
83.326
83.327
83.328
83.329
83.33
83.331
83.332
83.333
83.334
83.335
83.336
83.337
83.338
83.339
83.34
83.341
83.342
83.343
83.344
83.345
83.346
83.347
83.348
83.349
83.35
83.351
83.352
83.353
83.354
83.355
83.356
83.357
83.358
83.359
83.36
83.361
83.362
83.363
83.364
83.365
83.366
83.367
83.368
83.369
83.37
83.371
83.372
83.373
83.374
83.375
83.376
83.377
83.378
83.379
83.38
83.381
83.382
83.383
83.384
83.385
83.386
83.387
83.388
83.389
83.39
83.391
83.392
83.393
83.394
83.395
83.396
83.397
83.398
83.399
83.4
83.401
83.402
83.403
83.404
83.405
83.406
83.407
83.408
83.409
83.41
83.411
83.412
83.413
83.414
83.415
83.416
83.417
83.418
83.419
83.42
83.421
83.422
83.423
83.424
83.425
83.426
83.427
83.428
83.429
83.43
83.431
83.432
83.433
83.434
83.435
83.436
83.437
83.438
83.439
83.44
83.441
83.442
83.443
83.444
83.445
83.446
83.447
83.448
83.449
83.45
83.451
83.452
83.453
83.454
83.455
83.456
83.457
83.458
83.459
83.46
83.461
83.462
83.463
83.464
83.465
83.466
83.467
83.468
83.469
83.47
83.471
83.472
83.473
83.474
83.475
83.476
83.477
83.478
83.479
83.48
83.481
83.482
83.483
83.484
83.485
83.486
83.487
83.488
83.489
83.49
83.491
83.492
83.493
83.494
83.495
83.496
83.497
83.498
83.499
83.5
83.501
83.502
83.503
83.504
83.505
83.506
83.507
83.508
83.509
83.51
83.511
83.512
83.513
83.514
83.515
83.516
83.517
83.518
83.519
83.52
83.521
83.522
83.523
83.524
83.525
83.526
83.527
83.528
83.529
83.53
83.531
83.532
83.533
83.534
83.535
83.536
83.537
83.538
83.539
83.54
83.541
83.542
83.543
83.544
83.545
83.546
83.547
83.548
83.549
83.55
83.551
83.552
83.553
83.554
83.555
83.556
83.557
83.558
83.559
83.56
83.561
83.562
83.563
83.564
83.565
83.566
83.567
83.568
83.569
83.57
83.571
83.572
83.573
83.574
83.575
83.576
83.577
83.578
83.579
83.58
83.581
83.582
83.583
83.584
83.585
83.586
83.587
83.588
83.589
83.59
83.591
83.592
83.593
83.594
83.595
83.596
83.597
83.598
83.599
83.6
83.601
83.602
83.603
83.604
83.605
83.606
83.607
83.608
83.609
83.61
83.611
83.612
83.613
83.614
83.615
83.616
83.617
83.618
83.619
83.62
83.621
83.622
83.623
83.624
83.625
83.626
83.627
83.628
83.629
83.63
83.631
83.632
83.633
83.634
83.635
83.636
83.637
83.638
83.639
83.64
83.641
83.642
83.643
83.644
83.645
83.646
83.647
83.648
83.649
83.65
83.651
83.652
83.653
83.654
83.655
83.656
83.657
83.658
83.659
83.66
83.661
83.662
83.663
83.664
83.665
83.666
83.667
83.668
83.669
83.67
83.671
83.672
83.673
83.674
83.675
83.676
83.677
83.678
83.679
83.68
83.681
83.682
83.683
83.684
83.685
83.686
83.687
83.688
83.689
83.69
83.691
83.692
83.693
83.694
83.695
83.696
83.697
83.698
83.699
83.7
83.701
83.702
83.703
83.704
83.705
83.706
83.707
83.708
83.709
83.71
83.711
83.712
83.713
83.714
83.715
83.716
83.717
83.718
83.719
83.72
83.721
83.722
83.723
83.724
83.725
83.726
83.727
83.728
83.729
83.73
83.731
83.732
83.733
83.734
83.735
83.736
83.737
83.738
83.739
83.74
83.741
83.742
83.743
83.744
83.745
83.746
83.747
83.748
83.749
83.75
83.751
83.752
83.753
83.754
83.755
83.756
83.757
83.758
83.759
83.76
83.761
83.762
83.763
83.764
83.765
83.766
83.767
83.768
83.769
83.77
83.771
83.772
83.773
83.774
83.775
83.776
83.777
83.778
83.779
83.78
83.781
83.782
83.783
83.784
83.785
83.786
83.787
83.788
83.789
83.79
83.791
83.792
83.793
83.794
83.795
83.796
83.797
83.798
83.799
83.8
83.801
83.802
83.803
83.804
83.805
83.806
83.807
83.808
83.809
83.81
83.811
83.812
83.813
83.814
83.815
83.816
83.817
83.818
83.819
83.82
83.821
83.822
83.823
83.824
83.825
83.826
83.827
83.828
83.829
83.83
83.831
83.832
83.833
83.834
83.835
83.836
83.837
83.838
83.839
83.84
83.841
83.842
83.843
83.844
83.845
83.846
83.847
83.848
83.849
83.85
83.851
83.852
83.853
83.854
83.855
83.856
83.857
83.858
83.859
83.86
83.861
83.862
83.863
83.864
83.865
83.866
83.867
83.868
83.869
83.87
83.871
83.872
83.873
83.874
83.875
83.876
83.877
83.878
83.879
83.88
83.881
83.882
83.883
83.884
83.885
83.886
83.887
83.888
83.889
83.89
83.891
83.892
83.893
83.894
83.895
83.896
83.897
83.898
83.899
83.9
83.901
83.902
83.903
83.904
83.905
83.906
83.907
83.908
83.909
83.91
83.911
83.912
83.913
83.914
83.915
83.916
83.917
83.918
83.919
83.92
83.921
83.922
83.923
83.924
83.925
83.926
83.927
83.928
83.929
83.93
83.931
83.932
83.933
83.934
83.935
83.936
83.937
83.938
83.939
83.94
83.941
83.942
83.943
83.944
83.945
83.946
83.947
83.948
83.949
83.95
83.951
83.952
83.953
83.954
83.955
83.956
83.957
83.958
83.959
83.96
83.961
83.962
83.963
83.964
83.965
83.966
83.967
83.968
83.969
83.97
83.971
83.972
83.973
83.974
83.975
83.976
83.977
83.978
83.979
83.98
83.981
83.982
83.983
83.984
83.985
83.986
83.987
83.988
83.989
83.99
83.991
83.992
83.993
83.994
83.995
83.996
83.997
83.998
83.999
84
84.001
84.002
84.003
84.004
84.005
84.006
84.007
84.008
84.009
84.01
84.011
84.012
84.013
84.014
84.015
84.016
84.017
84.018
84.019
84.02
84.021
84.022
84.023
84.024
84.025
84.026
84.027
84.028
84.029
84.03
84.031
84.032
84.033
84.034
84.035
84.036
84.037
84.038
84.039
84.04
84.041
84.042
84.043
84.044
84.045
84.046
84.047
84.048
84.049
84.05
84.051
84.052
84.053
84.054
84.055
84.056
84.057
84.058
84.059
84.06
84.061
84.062
84.063
84.064
84.065
84.066
84.067
84.068
84.069
84.07
84.071
84.072
84.073
84.074
84.075
84.076
84.077
84.078
84.079
84.08
84.081
84.082
84.083
84.084
84.085
84.086
84.087
84.088
84.089
84.09
84.091
84.092
84.093
84.094
84.095
84.096
84.097
84.098
84.099
84.1
84.101
84.102
84.103
84.104
84.105
84.106
84.107
84.108
84.109
84.11
84.111
84.112
84.113
84.114
84.115
84.116
84.117
84.118
84.119
84.12
84.121
84.122
84.123
84.124
84.125
84.126
84.127
84.128
84.129
84.13
84.131
84.132
84.133
84.134
84.135
84.136
84.137
84.138
84.139
84.14
84.141
84.142
84.143
84.144
84.145
84.146
84.147
84.148
84.149
84.15
84.151
84.152
84.153
84.154
84.155
84.156
84.157
84.158
84.159
84.16
84.161
84.162
84.163
84.164
84.165
84.166
84.167
84.168
84.169
84.17
84.171
84.172
84.173
84.174
84.175
84.176
84.177
84.178
84.179
84.18
84.181
84.182
84.183
84.184
84.185
84.186
84.187
84.188
84.189
84.19
84.191
84.192
84.193
84.194
84.195
84.196
84.197
84.198
84.199
84.2
84.201
84.202
84.203
84.204
84.205
84.206
84.207
84.208
84.209
84.21
84.211
84.212
84.213
84.214
84.215
84.216
84.217
84.218
84.219
84.22
84.221
84.222
84.223
84.224
84.225
84.226
84.227
84.228
84.229
84.23
84.231
84.232
84.233
84.234
84.235
84.236
84.237
84.238
84.239
84.24
84.241
84.242
84.243
84.244
84.245
84.246
84.247
84.248
84.249
84.25
84.251
84.252
84.253
84.254
84.255
84.256
84.257
84.258
84.259
84.26
84.261
84.262
84.263
84.264
84.265
84.266
84.267
84.268
84.269
84.27
84.271
84.272
84.273
84.274
84.275
84.276
84.277
84.278
84.279
84.28
84.281
84.282
84.283
84.284
84.285
84.286
84.287
84.288
84.289
84.29
84.291
84.292
84.293
84.294
84.295
84.296
84.297
84.298
84.299
84.3
84.301
84.302
84.303
84.304
84.305
84.306
84.307
84.308
84.309
84.31
84.311
84.312
84.313
84.314
84.315
84.316
84.317
84.318
84.319
84.32
84.321
84.322
84.323
84.324
84.325
84.326
84.327
84.328
84.329
84.33
84.331
84.332
84.333
84.334
84.335
84.336
84.337
84.338
84.339
84.34
84.341
84.342
84.343
84.344
84.345
84.346
84.347
84.348
84.349
84.35
84.351
84.352
84.353
84.354
84.355
84.356
84.357
84.358
84.359
84.36
84.361
84.362
84.363
84.364
84.365
84.366
84.367
84.368
84.369
84.37
84.371
84.372
84.373
84.374
84.375
84.376
84.377
84.378
84.379
84.38
84.381
84.382
84.383
84.384
84.385
84.386
84.387
84.388
84.389
84.39
84.391
84.392
84.393
84.394
84.395
84.396
84.397
84.398
84.399
84.4
84.401
84.402
84.403
84.404
84.405
84.406
84.407
84.408
84.409
84.41
84.411
84.412
84.413
84.414
84.415
84.416
84.417
84.418
84.419
84.42
84.421
84.422
84.423
84.424
84.425
84.426
84.427
84.428
84.429
84.43
84.431
84.432
84.433
84.434
84.435
84.436
84.437
84.438
84.439
84.44
84.441
84.442
84.443
84.444
84.445
84.446
84.447
84.448
84.449
84.45
84.451
84.452
84.453
84.454
84.455
84.456
84.457
84.458
84.459
84.46
84.461
84.462
84.463
84.464
84.465
84.466
84.467
84.468
84.469
84.47
84.471
84.472
84.473
84.474
84.475
84.476
84.477
84.478
84.479
84.48
84.481
84.482
84.483
84.484
84.485
84.486
84.487
84.488
84.489
84.49
84.491
84.492
84.493
84.494
84.495
84.496
84.497
84.498
84.499
84.5
84.501
84.502
84.503
84.504
84.505
84.506
84.507
84.508
84.509
84.51
84.511
84.512
84.513
84.514
84.515
84.516
84.517
84.518
84.519
84.52
84.521
84.522
84.523
84.524
84.525
84.526
84.527
84.528
84.529
84.53
84.531
84.532
84.533
84.534
84.535
84.536
84.537
84.538
84.539
84.54
84.541
84.542
84.543
84.544
84.545
84.546
84.547
84.548
84.549
84.55
84.551
84.552
84.553
84.554
84.555
84.556
84.557
84.558
84.559
84.56
84.561
84.562
84.563
84.564
84.565
84.566
84.567
84.568
84.569
84.57
84.571
84.572
84.573
84.574
84.575
84.576
84.577
84.578
84.579
84.58
84.581
84.582
84.583
84.584
84.585
84.586
84.587
84.588
84.589
84.59
84.591
84.592
84.593
84.594
84.595
84.596
84.597
84.598
84.599
84.6
84.601
84.602
84.603
84.604
84.605
84.606
84.607
84.608
84.609
84.61
84.611
84.612
84.613
84.614
84.615
84.616
84.617
84.618
84.619
84.62
84.621
84.622
84.623
84.624
84.625
84.626
84.627
84.628
84.629
84.63
84.631
84.632
84.633
84.634
84.635
84.636
84.637
84.638
84.639
84.64
84.641
84.642
84.643
84.644
84.645
84.646
84.647
84.648
84.649
84.65
84.651
84.652
84.653
84.654
84.655
84.656
84.657
84.658
84.659
84.66
84.661
84.662
84.663
84.664
84.665
84.666
84.667
84.668
84.669
84.67
84.671
84.672
84.673
84.674
84.675
84.676
84.677
84.678
84.679
84.68
84.681
84.682
84.683
84.684
84.685
84.686
84.687
84.688
84.689
84.69
84.691
84.692
84.693
84.694
84.695
84.696
84.697
84.698
84.699
84.7
84.701
84.702
84.703
84.704
84.705
84.706
84.707
84.708
84.709
84.71
84.711
84.712
84.713
84.714
84.715
84.716
84.717
84.718
84.719
84.72
84.721
84.722
84.723
84.724
84.725
84.726
84.727
84.728
84.729
84.73
84.731
84.732
84.733
84.734
84.735
84.736
84.737
84.738
84.739
84.74
84.741
84.742
84.743
84.744
84.745
84.746
84.747
84.748
84.749
84.75
84.751
84.752
84.753
84.754
84.755
84.756
84.757
84.758
84.759
84.76
84.761
84.762
84.763
84.764
84.765
84.766
84.767
84.768
84.769
84.77
84.771
84.772
84.773
84.774
84.775
84.776
84.777
84.778
84.779
84.78
84.781
84.782
84.783
84.784
84.785
84.786
84.787
84.788
84.789
84.79
84.791
84.792
84.793
84.794
84.795
84.796
84.797
84.798
84.799
84.8
84.801
84.802
84.803
84.804
84.805
84.806
84.807
84.808
84.809
84.81
84.811
84.812
84.813
84.814
84.815
84.816
84.817
84.818
84.819
84.82
84.821
84.822
84.823
84.824
84.825
84.826
84.827
84.828
84.829
84.83
84.831
84.832
84.833
84.834
84.835
84.836
84.837
84.838
84.839
84.84
84.841
84.842
84.843
84.844
84.845
84.846
84.847
84.848
84.849
84.85
84.851
84.852
84.853
84.854
84.855
84.856
84.857
84.858
84.859
84.86
84.861
84.862
84.863
84.864
84.865
84.866
84.867
84.868
84.869
84.87
84.871
84.872
84.873
84.874
84.875
84.876
84.877
84.878
84.879
84.88
84.881
84.882
84.883
84.884
84.885
84.886
84.887
84.888
84.889
84.89
84.891
84.892
84.893
84.894
84.895
84.896
84.897
84.898
84.899
84.9
84.901
84.902
84.903
84.904
84.905
84.906
84.907
84.908
84.909
84.91
84.911
84.912
84.913
84.914
84.915
84.916
84.917
84.918
84.919
84.92
84.921
84.922
84.923
84.924
84.925
84.926
84.927
84.928
84.929
84.93
84.931
84.932
84.933
84.934
84.935
84.936
84.937
84.938
84.939
84.94
84.941
84.942
84.943
84.944
84.945
84.946
84.947
84.948
84.949
84.95
84.951
84.952
84.953
84.954
84.955
84.956
84.957
84.958
84.959
84.96
84.961
84.962
84.963
84.964
84.965
84.966
84.967
84.968
84.969
84.97
84.971
84.972
84.973
84.974
84.975
84.976
84.977
84.978
84.979
84.98
84.981
84.982
84.983
84.984
84.985
84.986
84.987
84.988
84.989
84.99
84.991
84.992
84.993
84.994
84.995
84.996
84.997
84.998
84.999
85
85.001
85.002
85.003
85.004
85.005
85.006
85.007
85.008
85.009
85.01
85.011
85.012
85.013
85.014
85.015
85.016
85.017
85.018
85.019
85.02
85.021
85.022
85.023
85.024
85.025
85.026
85.027
85.028
85.029
85.03
85.031
85.032
85.033
85.034
85.035
85.036
85.037
85.038
85.039
85.04
85.041
85.042
85.043
85.044
85.045
85.046
85.047
85.048
85.049
85.05
85.051
85.052
85.053
85.054
85.055
85.056
85.057
85.058
85.059
85.06
85.061
85.062
85.063
85.064
85.065
85.066
85.067
85.068
85.069
85.07
85.071
85.072
85.073
85.074
85.075
85.076
85.077
85.078
85.079
85.08
85.081
85.082
85.083
85.084
85.085
85.086
85.087
85.088
85.089
85.09
85.091
85.092
85.093
85.094
85.095
85.096
85.097
85.098
85.099
85.1
85.101
85.102
85.103
85.104
85.105
85.106
85.107
85.108
85.109
85.11
85.111
85.112
85.113
85.114
85.115
85.116
85.117
85.118
85.119
85.12
85.121
85.122
85.123
85.124
85.125
85.126
85.127
85.128
85.129
85.13
85.131
85.132
85.133
85.134
85.135
85.136
85.137
85.138
85.139
85.14
85.141
85.142
85.143
85.144
85.145
85.146
85.147
85.148
85.149
85.15
85.151
85.152
85.153
85.154
85.155
85.156
85.157
85.158
85.159
85.16
85.161
85.162
85.163
85.164
85.165
85.166
85.167
85.168
85.169
85.17
85.171
85.172
85.173
85.174
85.175
85.176
85.177
85.178
85.179
85.18
85.181
85.182
85.183
85.184
85.185
85.186
85.187
85.188
85.189
85.19
85.191
85.192
85.193
85.194
85.195
85.196
85.197
85.198
85.199
85.2
85.201
85.202
85.203
85.204
85.205
85.206
85.207
85.208
85.209
85.21
85.211
85.212
85.213
85.214
85.215
85.216
85.217
85.218
85.219
85.22
85.221
85.222
85.223
85.224
85.225
85.226
85.227
85.228
85.229
85.23
85.231
85.232
85.233
85.234
85.235
85.236
85.237
85.238
85.239
85.24
85.241
85.242
85.243
85.244
85.245
85.246
85.247
85.248
85.249
85.25
85.251
85.252
85.253
85.254
85.255
85.256
85.257
85.258
85.259
85.26
85.261
85.262
85.263
85.264
85.265
85.266
85.267
85.268
85.269
85.27
85.271
85.272
85.273
85.274
85.275
85.276
85.277
85.278
85.279
85.28
85.281
85.282
85.283
85.284
85.285
85.286
85.287
85.288
85.289
85.29
85.291
85.292
85.293
85.294
85.295
85.296
85.297
85.298
85.299
85.3
85.301
85.302
85.303
85.304
85.305
85.306
85.307
85.308
85.309
85.31
85.311
85.312
85.313
85.314
85.315
85.316
85.317
85.318
85.319
85.32
85.321
85.322
85.323
85.324
85.325
85.326
85.327
85.328
85.329
85.33
85.331
85.332
85.333
85.334
85.335
85.336
85.337
85.338
85.339
85.34
85.341
85.342
85.343
85.344
85.345
85.346
85.347
85.348
85.349
85.35
85.351
85.352
85.353
85.354
85.355
85.356
85.357
85.358
85.359
85.36
85.361
85.362
85.363
85.364
85.365
85.366
85.367
85.368
85.369
85.37
85.371
85.372
85.373
85.374
85.375
85.376
85.377
85.378
85.379
85.38
85.381
85.382
85.383
85.384
85.385
85.386
85.387
85.388
85.389
85.39
85.391
85.392
85.393
85.394
85.395
85.396
85.397
85.398
85.399
85.4
85.401
85.402
85.403
85.404
85.405
85.406
85.407
85.408
85.409
85.41
85.411
85.412
85.413
85.414
85.415
85.416
85.417
85.418
85.419
85.42
85.421
85.422
85.423
85.424
85.425
85.426
85.427
85.428
85.429
85.43
85.431
85.432
85.433
85.434
85.435
85.436
85.437
85.438
85.439
85.44
85.441
85.442
85.443
85.444
85.445
85.446
85.447
85.448
85.449
85.45
85.451
85.452
85.453
85.454
85.455
85.456
85.457
85.458
85.459
85.46
85.461
85.462
85.463
85.464
85.465
85.466
85.467
85.468
85.469
85.47
85.471
85.472
85.473
85.474
85.475
85.476
85.477
85.478
85.479
85.48
85.481
85.482
85.483
85.484
85.485
85.486
85.487
85.488
85.489
85.49
85.491
85.492
85.493
85.494
85.495
85.496
85.497
85.498
85.499
85.5
85.501
85.502
85.503
85.504
85.505
85.506
85.507
85.508
85.509
85.51
85.511
85.512
85.513
85.514
85.515
85.516
85.517
85.518
85.519
85.52
85.521
85.522
85.523
85.524
85.525
85.526
85.527
85.528
85.529
85.53
85.531
85.532
85.533
85.534
85.535
85.536
85.537
85.538
85.539
85.54
85.541
85.542
85.543
85.544
85.545
85.546
85.547
85.548
85.549
85.55
85.551
85.552
85.553
85.554
85.555
85.556
85.557
85.558
85.559
85.56
85.561
85.562
85.563
85.564
85.565
85.566
85.567
85.568
85.569
85.57
85.571
85.572
85.573
85.574
85.575
85.576
85.577
85.578
85.579
85.58
85.581
85.582
85.583
85.584
85.585
85.586
85.587
85.588
85.589
85.59
85.591
85.592
85.593
85.594
85.595
85.596
85.597
85.598
85.599
85.6
85.601
85.602
85.603
85.604
85.605
85.606
85.607
85.608
85.609
85.61
85.611
85.612
85.613
85.614
85.615
85.616
85.617
85.618
85.619
85.62
85.621
85.622
85.623
85.624
85.625
85.626
85.627
85.628
85.629
85.63
85.631
85.632
85.633
85.634
85.635
85.636
85.637
85.638
85.639
85.64
85.641
85.642
85.643
85.644
85.645
85.646
85.647
85.648
85.649
85.65
85.651
85.652
85.653
85.654
85.655
85.656
85.657
85.658
85.659
85.66
85.661
85.662
85.663
85.664
85.665
85.666
85.667
85.668
85.669
85.67
85.671
85.672
85.673
85.674
85.675
85.676
85.677
85.678
85.679
85.68
85.681
85.682
85.683
85.684
85.685
85.686
85.687
85.688
85.689
85.69
85.691
85.692
85.693
85.694
85.695
85.696
85.697
85.698
85.699
85.7
85.701
85.702
85.703
85.704
85.705
85.706
85.707
85.708
85.709
85.71
85.711
85.712
85.713
85.714
85.715
85.716
85.717
85.718
85.719
85.72
85.721
85.722
85.723
85.724
85.725
85.726
85.727
85.728
85.729
85.73
85.731
85.732
85.733
85.734
85.735
85.736
85.737
85.738
85.739
85.74
85.741
85.742
85.743
85.744
85.745
85.746
85.747
85.748
85.749
85.75
85.751
85.752
85.753
85.754
85.755
85.756
85.757
85.758
85.759
85.76
85.761
85.762
85.763
85.764
85.765
85.766
85.767
85.768
85.769
85.77
85.771
85.772
85.773
85.774
85.775
85.776
85.777
85.778
85.779
85.78
85.781
85.782
85.783
85.784
85.785
85.786
85.787
85.788
85.789
85.79
85.791
85.792
85.793
85.794
85.795
85.796
85.797
85.798
85.799
85.8
85.801
85.802
85.803
85.804
85.805
85.806
85.807
85.808
85.809
85.81
85.811
85.812
85.813
85.814
85.815
85.816
85.817
85.818
85.819
85.82
85.821
85.822
85.823
85.824
85.825
85.826
85.827
85.828
85.829
85.83
85.831
85.832
85.833
85.834
85.835
85.836
85.837
85.838
85.839
85.84
85.841
85.842
85.843
85.844
85.845
85.846
85.847
85.848
85.849
85.85
85.851
85.852
85.853
85.854
85.855
85.856
85.857
85.858
85.859
85.86
85.861
85.862
85.863
85.864
85.865
85.866
85.867
85.868
85.869
85.87
85.871
85.872
85.873
85.874
85.875
85.876
85.877
85.878
85.879
85.88
85.881
85.882
85.883
85.884
85.885
85.886
85.887
85.888
85.889
85.89
85.891
85.892
85.893
85.894
85.895
85.896
85.897
85.898
85.899
85.9
85.901
85.902
85.903
85.904
85.905
85.906
85.907
85.908
85.909
85.91
85.911
85.912
85.913
85.914
85.915
85.916
85.917
85.918
85.919
85.92
85.921
85.922
85.923
85.924
85.925
85.926
85.927
85.928
85.929
85.93
85.931
85.932
85.933
85.934
85.935
85.936
85.937
85.938
85.939
85.94
85.941
85.942
85.943
85.944
85.945
85.946
85.947
85.948
85.949
85.95
85.951
85.952
85.953
85.954
85.955
85.956
85.957
85.958
85.959
85.96
85.961
85.962
85.963
85.964
85.965
85.966
85.967
85.968
85.969
85.97
85.971
85.972
85.973
85.974
85.975
85.976
85.977
85.978
85.979
85.98
85.981
85.982
85.983
85.984
85.985
85.986
85.987
85.988
85.989
85.99
85.991
85.992
85.993
85.994
85.995
85.996
85.997
85.998
85.999
86
86.001
86.002
86.003
86.004
86.005
86.006
86.007
86.008
86.009
86.01
86.011
86.012
86.013
86.014
86.015
86.016
86.017
86.018
86.019
86.02
86.021
86.022
86.023
86.024
86.025
86.026
86.027
86.028
86.029
86.03
86.031
86.032
86.033
86.034
86.035
86.036
86.037
86.038
86.039
86.04
86.041
86.042
86.043
86.044
86.045
86.046
86.047
86.048
86.049
86.05
86.051
86.052
86.053
86.054
86.055
86.056
86.057
86.058
86.059
86.06
86.061
86.062
86.063
86.064
86.065
86.066
86.067
86.068
86.069
86.07
86.071
86.072
86.073
86.074
86.075
86.076
86.077
86.078
86.079
86.08
86.081
86.082
86.083
86.084
86.085
86.086
86.087
86.088
86.089
86.09
86.091
86.092
86.093
86.094
86.095
86.096
86.097
86.098
86.099
86.1
86.101
86.102
86.103
86.104
86.105
86.106
86.107
86.108
86.109
86.11
86.111
86.112
86.113
86.114
86.115
86.116
86.117
86.118
86.119
86.12
86.121
86.122
86.123
86.124
86.125
86.126
86.127
86.128
86.129
86.13
86.131
86.132
86.133
86.134
86.135
86.136
86.137
86.138
86.139
86.14
86.141
86.142
86.143
86.144
86.145
86.146
86.147
86.148
86.149
86.15
86.151
86.152
86.153
86.154
86.155
86.156
86.157
86.158
86.159
86.16
86.161
86.162
86.163
86.164
86.165
86.166
86.167
86.168
86.169
86.17
86.171
86.172
86.173
86.174
86.175
86.176
86.177
86.178
86.179
86.18
86.181
86.182
86.183
86.184
86.185
86.186
86.187
86.188
86.189
86.19
86.191
86.192
86.193
86.194
86.195
86.196
86.197
86.198
86.199
86.2
86.201
86.202
86.203
86.204
86.205
86.206
86.207
86.208
86.209
86.21
86.211
86.212
86.213
86.214
86.215
86.216
86.217
86.218
86.219
86.22
86.221
86.222
86.223
86.224
86.225
86.226
86.227
86.228
86.229
86.23
86.231
86.232
86.233
86.234
86.235
86.236
86.237
86.238
86.239
86.24
86.241
86.242
86.243
86.244
86.245
86.246
86.247
86.248
86.249
86.25
86.251
86.252
86.253
86.254
86.255
86.256
86.257
86.258
86.259
86.26
86.261
86.262
86.263
86.264
86.265
86.266
86.267
86.268
86.269
86.27
86.271
86.272
86.273
86.274
86.275
86.276
86.277
86.278
86.279
86.28
86.281
86.282
86.283
86.284
86.285
86.286
86.287
86.288
86.289
86.29
86.291
86.292
86.293
86.294
86.295
86.296
86.297
86.298
86.299
86.3
86.301
86.302
86.303
86.304
86.305
86.306
86.307
86.308
86.309
86.31
86.311
86.312
86.313
86.314
86.315
86.316
86.317
86.318
86.319
86.32
86.321
86.322
86.323
86.324
86.325
86.326
86.327
86.328
86.329
86.33
86.331
86.332
86.333
86.334
86.335
86.336
86.337
86.338
86.339
86.34
86.341
86.342
86.343
86.344
86.345
86.346
86.347
86.348
86.349
86.35
86.351
86.352
86.353
86.354
86.355
86.356
86.357
86.358
86.359
86.36
86.361
86.362
86.363
86.364
86.365
86.366
86.367
86.368
86.369
86.37
86.371
86.372
86.373
86.374
86.375
86.376
86.377
86.378
86.379
86.38
86.381
86.382
86.383
86.384
86.385
86.386
86.387
86.388
86.389
86.39
86.391
86.392
86.393
86.394
86.395
86.396
86.397
86.398
86.399
86.4
86.401
86.402
86.403
86.404
86.405
86.406
86.407
86.408
86.409
86.41
86.411
86.412
86.413
86.414
86.415
86.416
86.417
86.418
86.419
86.42
86.421
86.422
86.423
86.424
86.425
86.426
86.427
86.428
86.429
86.43
86.431
86.432
86.433
86.434
86.435
86.436
86.437
86.438
86.439
86.44
86.441
86.442
86.443
86.444
86.445
86.446
86.447
86.448
86.449
86.45
86.451
86.452
86.453
86.454
86.455
86.456
86.457
86.458
86.459
86.46
86.461
86.462
86.463
86.464
86.465
86.466
86.467
86.468
86.469
86.47
86.471
86.472
86.473
86.474
86.475
86.476
86.477
86.478
86.479
86.48
86.481
86.482
86.483
86.484
86.485
86.486
86.487
86.488
86.489
86.49
86.491
86.492
86.493
86.494
86.495
86.496
86.497
86.498
86.499
86.5
86.501
86.502
86.503
86.504
86.505
86.506
86.507
86.508
86.509
86.51
86.511
86.512
86.513
86.514
86.515
86.516
86.517
86.518
86.519
86.52
86.521
86.522
86.523
86.524
86.525
86.526
86.527
86.528
86.529
86.53
86.531
86.532
86.533
86.534
86.535
86.536
86.537
86.538
86.539
86.54
86.541
86.542
86.543
86.544
86.545
86.546
86.547
86.548
86.549
86.55
86.551
86.552
86.553
86.554
86.555
86.556
86.557
86.558
86.559
86.56
86.561
86.562
86.563
86.564
86.565
86.566
86.567
86.568
86.569
86.57
86.571
86.572
86.573
86.574
86.575
86.576
86.577
86.578
86.579
86.58
86.581
86.582
86.583
86.584
86.585
86.586
86.587
86.588
86.589
86.59
86.591
86.592
86.593
86.594
86.595
86.596
86.597
86.598
86.599
86.6
86.601
86.602
86.603
86.604
86.605
86.606
86.607
86.608
86.609
86.61
86.611
86.612
86.613
86.614
86.615
86.616
86.617
86.618
86.619
86.62
86.621
86.622
86.623
86.624
86.625
86.626
86.627
86.628
86.629
86.63
86.631
86.632
86.633
86.634
86.635
86.636
86.637
86.638
86.639
86.64
86.641
86.642
86.643
86.644
86.645
86.646
86.647
86.648
86.649
86.65
86.651
86.652
86.653
86.654
86.655
86.656
86.657
86.658
86.659
86.66
86.661
86.662
86.663
86.664
86.665
86.666
86.667
86.668
86.669
86.67
86.671
86.672
86.673
86.674
86.675
86.676
86.677
86.678
86.679
86.68
86.681
86.682
86.683
86.684
86.685
86.686
86.687
86.688
86.689
86.69
86.691
86.692
86.693
86.694
86.695
86.696
86.697
86.698
86.699
86.7
86.701
86.702
86.703
86.704
86.705
86.706
86.707
86.708
86.709
86.71
86.711
86.712
86.713
86.714
86.715
86.716
86.717
86.718
86.719
86.72
86.721
86.722
86.723
86.724
86.725
86.726
86.727
86.728
86.729
86.73
86.731
86.732
86.733
86.734
86.735
86.736
86.737
86.738
86.739
86.74
86.741
86.742
86.743
86.744
86.745
86.746
86.747
86.748
86.749
86.75
86.751
86.752
86.753
86.754
86.755
86.756
86.757
86.758
86.759
86.76
86.761
86.762
86.763
86.764
86.765
86.766
86.767
86.768
86.769
86.77
86.771
86.772
86.773
86.774
86.775
86.776
86.777
86.778
86.779
86.78
86.781
86.782
86.783
86.784
86.785
86.786
86.787
86.788
86.789
86.79
86.791
86.792
86.793
86.794
86.795
86.796
86.797
86.798
86.799
86.8
86.801
86.802
86.803
86.804
86.805
86.806
86.807
86.808
86.809
86.81
86.811
86.812
86.813
86.814
86.815
86.816
86.817
86.818
86.819
86.82
86.821
86.822
86.823
86.824
86.825
86.826
86.827
86.828
86.829
86.83
86.831
86.832
86.833
86.834
86.835
86.836
86.837
86.838
86.839
86.84
86.841
86.842
86.843
86.844
86.845
86.846
86.847
86.848
86.849
86.85
86.851
86.852
86.853
86.854
86.855
86.856
86.857
86.858
86.859
86.86
86.861
86.862
86.863
86.864
86.865
86.866
86.867
86.868
86.869
86.87
86.871
86.872
86.873
86.874
86.875
86.876
86.877
86.878
86.879
86.88
86.881
86.882
86.883
86.884
86.885
86.886
86.887
86.888
86.889
86.89
86.891
86.892
86.893
86.894
86.895
86.896
86.897
86.898
86.899
86.9
86.901
86.902
86.903
86.904
86.905
86.906
86.907
86.908
86.909
86.91
86.911
86.912
86.913
86.914
86.915
86.916
86.917
86.918
86.919
86.92
86.921
86.922
86.923
86.924
86.925
86.926
86.927
86.928
86.929
86.93
86.931
86.932
86.933
86.934
86.935
86.936
86.937
86.938
86.939
86.94
86.941
86.942
86.943
86.944
86.945
86.946
86.947
86.948
86.949
86.95
86.951
86.952
86.953
86.954
86.955
86.956
86.957
86.958
86.959
86.96
86.961
86.962
86.963
86.964
86.965
86.966
86.967
86.968
86.969
86.97
86.971
86.972
86.973
86.974
86.975
86.976
86.977
86.978
86.979
86.98
86.981
86.982
86.983
86.984
86.985
86.986
86.987
86.988
86.989
86.99
86.991
86.992
86.993
86.994
86.995
86.996
86.997
86.998
86.999
87
87.001
87.002
87.003
87.004
87.005
87.006
87.007
87.008
87.009
87.01
87.011
87.012
87.013
87.014
87.015
87.016
87.017
87.018
87.019
87.02
87.021
87.022
87.023
87.024
87.025
87.026
87.027
87.028
87.029
87.03
87.031
87.032
87.033
87.034
87.035
87.036
87.037
87.038
87.039
87.04
87.041
87.042
87.043
87.044
87.045
87.046
87.047
87.048
87.049
87.05
87.051
87.052
87.053
87.054
87.055
87.056
87.057
87.058
87.059
87.06
87.061
87.062
87.063
87.064
87.065
87.066
87.067
87.068
87.069
87.07
87.071
87.072
87.073
87.074
87.075
87.076
87.077
87.078
87.079
87.08
87.081
87.082
87.083
87.084
87.085
87.086
87.087
87.088
87.089
87.09
87.091
87.092
87.093
87.094
87.095
87.096
87.097
87.098
87.099
87.1
87.101
87.102
87.103
87.104
87.105
87.106
87.107
87.108
87.109
87.11
87.111
87.112
87.113
87.114
87.115
87.116
87.117
87.118
87.119
87.12
87.121
87.122
87.123
87.124
87.125
87.126
87.127
87.128
87.129
87.13
87.131
87.132
87.133
87.134
87.135
87.136
87.137
87.138
87.139
87.14
87.141
87.142
87.143
87.144
87.145
87.146
87.147
87.148
87.149
87.15
87.151
87.152
87.153
87.154
87.155
87.156
87.157
87.158
87.159
87.16
87.161
87.162
87.163
87.164
87.165
87.166
87.167
87.168
87.169
87.17
87.171
87.172
87.173
87.174
87.175
87.176
87.177
87.178
87.179
87.18
87.181
87.182
87.183
87.184
87.185
87.186
87.187
87.188
87.189
87.19
87.191
87.192
87.193
87.194
87.195
87.196
87.197
87.198
87.199
87.2
87.201
87.202
87.203
87.204
87.205
87.206
87.207
87.208
87.209
87.21
87.211
87.212
87.213
87.214
87.215
87.216
87.217
87.218
87.219
87.22
87.221
87.222
87.223
87.224
87.225
87.226
87.227
87.228
87.229
87.23
87.231
87.232
87.233
87.234
87.235
87.236
87.237
87.238
87.239
87.24
87.241
87.242
87.243
87.244
87.245
87.246
87.247
87.248
87.249
87.25
87.251
87.252
87.253
87.254
87.255
87.256
87.257
87.258
87.259
87.26
87.261
87.262
87.263
87.264
87.265
87.266
87.267
87.268
87.269
87.27
87.271
87.272
87.273
87.274
87.275
87.276
87.277
87.278
87.279
87.28
87.281
87.282
87.283
87.284
87.285
87.286
87.287
87.288
87.289
87.29
87.291
87.292
87.293
87.294
87.295
87.296
87.297
87.298
87.299
87.3
87.301
87.302
87.303
87.304
87.305
87.306
87.307
87.308
87.309
87.31
87.311
87.312
87.313
87.314
87.315
87.316
87.317
87.318
87.319
87.32
87.321
87.322
87.323
87.324
87.325
87.326
87.327
87.328
87.329
87.33
87.331
87.332
87.333
87.334
87.335
87.336
87.337
87.338
87.339
87.34
87.341
87.342
87.343
87.344
87.345
87.346
87.347
87.348
87.349
87.35
87.351
87.352
87.353
87.354
87.355
87.356
87.357
87.358
87.359
87.36
87.361
87.362
87.363
87.364
87.365
87.366
87.367
87.368
87.369
87.37
87.371
87.372
87.373
87.374
87.375
87.376
87.377
87.378
87.379
87.38
87.381
87.382
87.383
87.384
87.385
87.386
87.387
87.388
87.389
87.39
87.391
87.392
87.393
87.394
87.395
87.396
87.397
87.398
87.399
87.4
87.401
87.402
87.403
87.404
87.405
87.406
87.407
87.408
87.409
87.41
87.411
87.412
87.413
87.414
87.415
87.416
87.417
87.418
87.419
87.42
87.421
87.422
87.423
87.424
87.425
87.426
87.427
87.428
87.429
87.43
87.431
87.432
87.433
87.434
87.435
87.436
87.437
87.438
87.439
87.44
87.441
87.442
87.443
87.444
87.445
87.446
87.447
87.448
87.449
87.45
87.451
87.452
87.453
87.454
87.455
87.456
87.457
87.458
87.459
87.46
87.461
87.462
87.463
87.464
87.465
87.466
87.467
87.468
87.469
87.47
87.471
87.472
87.473
87.474
87.475
87.476
87.477
87.478
87.479
87.48
87.481
87.482
87.483
87.484
87.485
87.486
87.487
87.488
87.489
87.49
87.491
87.492
87.493
87.494
87.495
87.496
87.497
87.498
87.499
87.5
87.501
87.502
87.503
87.504
87.505
87.506
87.507
87.508
87.509
87.51
87.511
87.512
87.513
87.514
87.515
87.516
87.517
87.518
87.519
87.52
87.521
87.522
87.523
87.524
87.525
87.526
87.527
87.528
87.529
87.53
87.531
87.532
87.533
87.534
87.535
87.536
87.537
87.538
87.539
87.54
87.541
87.542
87.543
87.544
87.545
87.546
87.547
87.548
87.549
87.55
87.551
87.552
87.553
87.554
87.555
87.556
87.557
87.558
87.559
87.56
87.561
87.562
87.563
87.564
87.565
87.566
87.567
87.568
87.569
87.57
87.571
87.572
87.573
87.574
87.575
87.576
87.577
87.578
87.579
87.58
87.581
87.582
87.583
87.584
87.585
87.586
87.587
87.588
87.589
87.59
87.591
87.592
87.593
87.594
87.595
87.596
87.597
87.598
87.599
87.6
87.601
87.602
87.603
87.604
87.605
87.606
87.607
87.608
87.609
87.61
87.611
87.612
87.613
87.614
87.615
87.616
87.617
87.618
87.619
87.62
87.621
87.622
87.623
87.624
87.625
87.626
87.627
87.628
87.629
87.63
87.631
87.632
87.633
87.634
87.635
87.636
87.637
87.638
87.639
87.64
87.641
87.642
87.643
87.644
87.645
87.646
87.647
87.648
87.649
87.65
87.651
87.652
87.653
87.654
87.655
87.656
87.657
87.658
87.659
87.66
87.661
87.662
87.663
87.664
87.665
87.666
87.667
87.668
87.669
87.67
87.671
87.672
87.673
87.674
87.675
87.676
87.677
87.678
87.679
87.68
87.681
87.682
87.683
87.684
87.685
87.686
87.687
87.688
87.689
87.69
87.691
87.692
87.693
87.694
87.695
87.696
87.697
87.698
87.699
87.7
87.701
87.702
87.703
87.704
87.705
87.706
87.707
87.708
87.709
87.71
87.711
87.712
87.713
87.714
87.715
87.716
87.717
87.718
87.719
87.72
87.721
87.722
87.723
87.724
87.725
87.726
87.727
87.728
87.729
87.73
87.731
87.732
87.733
87.734
87.735
87.736
87.737
87.738
87.739
87.74
87.741
87.742
87.743
87.744
87.745
87.746
87.747
87.748
87.749
87.75
87.751
87.752
87.753
87.754
87.755
87.756
87.757
87.758
87.759
87.76
87.761
87.762
87.763
87.764
87.765
87.766
87.767
87.768
87.769
87.77
87.771
87.772
87.773
87.774
87.775
87.776
87.777
87.778
87.779
87.78
87.781
87.782
87.783
87.784
87.785
87.786
87.787
87.788
87.789
87.79
87.791
87.792
87.793
87.794
87.795
87.796
87.797
87.798
87.799
87.8
87.801
87.802
87.803
87.804
87.805
87.806
87.807
87.808
87.809
87.81
87.811
87.812
87.813
87.814
87.815
87.816
87.817
87.818
87.819
87.82
87.821
87.822
87.823
87.824
87.825
87.826
87.827
87.828
87.829
87.83
87.831
87.832
87.833
87.834
87.835
87.836
87.837
87.838
87.839
87.84
87.841
87.842
87.843
87.844
87.845
87.846
87.847
87.848
87.849
87.85
87.851
87.852
87.853
87.854
87.855
87.856
87.857
87.858
87.859
87.86
87.861
87.862
87.863
87.864
87.865
87.866
87.867
87.868
87.869
87.87
87.871
87.872
87.873
87.874
87.875
87.876
87.877
87.878
87.879
87.88
87.881
87.882
87.883
87.884
87.885
87.886
87.887
87.888
87.889
87.89
87.891
87.892
87.893
87.894
87.895
87.896
87.897
87.898
87.899
87.9
87.901
87.902
87.903
87.904
87.905
87.906
87.907
87.908
87.909
87.91
87.911
87.912
87.913
87.914
87.915
87.916
87.917
87.918
87.919
87.92
87.921
87.922
87.923
87.924
87.925
87.926
87.927
87.928
87.929
87.93
87.931
87.932
87.933
87.934
87.935
87.936
87.937
87.938
87.939
87.94
87.941
87.942
87.943
87.944
87.945
87.946
87.947
87.948
87.949
87.95
87.951
87.952
87.953
87.954
87.955
87.956
87.957
87.958
87.959
87.96
87.961
87.962
87.963
87.964
87.965
87.966
87.967
87.968
87.969
87.97
87.971
87.972
87.973
87.974
87.975
87.976
87.977
87.978
87.979
87.98
87.981
87.982
87.983
87.984
87.985
87.986
87.987
87.988
87.989
87.99
87.991
87.992
87.993
87.994
87.995
87.996
87.997
87.998
87.999
88
88.001
88.002
88.003
88.004
88.005
88.006
88.007
88.008
88.009
88.01
88.011
88.012
88.013
88.014
88.015
88.016
88.017
88.018
88.019
88.02
88.021
88.022
88.023
88.024
88.025
88.026
88.027
88.028
88.029
88.03
88.031
88.032
88.033
88.034
88.035
88.036
88.037
88.038
88.039
88.04
88.041
88.042
88.043
88.044
88.045
88.046
88.047
88.048
88.049
88.05
88.051
88.052
88.053
88.054
88.055
88.056
88.057
88.058
88.059
88.06
88.061
88.062
88.063
88.064
88.065
88.066
88.067
88.068
88.069
88.07
88.071
88.072
88.073
88.074
88.075
88.076
88.077
88.078
88.079
88.08
88.081
88.082
88.083
88.084
88.085
88.086
88.087
88.088
88.089
88.09
88.091
88.092
88.093
88.094
88.095
88.096
88.097
88.098
88.099
88.1
88.101
88.102
88.103
88.104
88.105
88.106
88.107
88.108
88.109
88.11
88.111
88.112
88.113
88.114
88.115
88.116
88.117
88.118
88.119
88.12
88.121
88.122
88.123
88.124
88.125
88.126
88.127
88.128
88.129
88.13
88.131
88.132
88.133
88.134
88.135
88.136
88.137
88.138
88.139
88.14
88.141
88.142
88.143
88.144
88.145
88.146
88.147
88.148
88.149
88.15
88.151
88.152
88.153
88.154
88.155
88.156
88.157
88.158
88.159
88.16
88.161
88.162
88.163
88.164
88.165
88.166
88.167
88.168
88.169
88.17
88.171
88.172
88.173
88.174
88.175
88.176
88.177
88.178
88.179
88.18
88.181
88.182
88.183
88.184
88.185
88.186
88.187
88.188
88.189
88.19
88.191
88.192
88.193
88.194
88.195
88.196
88.197
88.198
88.199
88.2
88.201
88.202
88.203
88.204
88.205
88.206
88.207
88.208
88.209
88.21
88.211
88.212
88.213
88.214
88.215
88.216
88.217
88.218
88.219
88.22
88.221
88.222
88.223
88.224
88.225
88.226
88.227
88.228
88.229
88.23
88.231
88.232
88.233
88.234
88.235
88.236
88.237
88.238
88.239
88.24
88.241
88.242
88.243
88.244
88.245
88.246
88.247
88.248
88.249
88.25
88.251
88.252
88.253
88.254
88.255
88.256
88.257
88.258
88.259
88.26
88.261
88.262
88.263
88.264
88.265
88.266
88.267
88.268
88.269
88.27
88.271
88.272
88.273
88.274
88.275
88.276
88.277
88.278
88.279
88.28
88.281
88.282
88.283
88.284
88.285
88.286
88.287
88.288
88.289
88.29
88.291
88.292
88.293
88.294
88.295
88.296
88.297
88.298
88.299
88.3
88.301
88.302
88.303
88.304
88.305
88.306
88.307
88.308
88.309
88.31
88.311
88.312
88.313
88.314
88.315
88.316
88.317
88.318
88.319
88.32
88.321
88.322
88.323
88.324
88.325
88.326
88.327
88.328
88.329
88.33
88.331
88.332
88.333
88.334
88.335
88.336
88.337
88.338
88.339
88.34
88.341
88.342
88.343
88.344
88.345
88.346
88.347
88.348
88.349
88.35
88.351
88.352
88.353
88.354
88.355
88.356
88.357
88.358
88.359
88.36
88.361
88.362
88.363
88.364
88.365
88.366
88.367
88.368
88.369
88.37
88.371
88.372
88.373
88.374
88.375
88.376
88.377
88.378
88.379
88.38
88.381
88.382
88.383
88.384
88.385
88.386
88.387
88.388
88.389
88.39
88.391
88.392
88.393
88.394
88.395
88.396
88.397
88.398
88.399
88.4
88.401
88.402
88.403
88.404
88.405
88.406
88.407
88.408
88.409
88.41
88.411
88.412
88.413
88.414
88.415
88.416
88.417
88.418
88.419
88.42
88.421
88.422
88.423
88.424
88.425
88.426
88.427
88.428
88.429
88.43
88.431
88.432
88.433
88.434
88.435
88.436
88.437
88.438
88.439
88.44
88.441
88.442
88.443
88.444
88.445
88.446
88.447
88.448
88.449
88.45
88.451
88.452
88.453
88.454
88.455
88.456
88.457
88.458
88.459
88.46
88.461
88.462
88.463
88.464
88.465
88.466
88.467
88.468
88.469
88.47
88.471
88.472
88.473
88.474
88.475
88.476
88.477
88.478
88.479
88.48
88.481
88.482
88.483
88.484
88.485
88.486
88.487
88.488
88.489
88.49
88.491
88.492
88.493
88.494
88.495
88.496
88.497
88.498
88.499
88.5
88.501
88.502
88.503
88.504
88.505
88.506
88.507
88.508
88.509
88.51
88.511
88.512
88.513
88.514
88.515
88.516
88.517
88.518
88.519
88.52
88.521
88.522
88.523
88.524
88.525
88.526
88.527
88.528
88.529
88.53
88.531
88.532
88.533
88.534
88.535
88.536
88.537
88.538
88.539
88.54
88.541
88.542
88.543
88.544
88.545
88.546
88.547
88.548
88.549
88.55
88.551
88.552
88.553
88.554
88.555
88.556
88.557
88.558
88.559
88.56
88.561
88.562
88.563
88.564
88.565
88.566
88.567
88.568
88.569
88.57
88.571
88.572
88.573
88.574
88.575
88.576
88.577
88.578
88.579
88.58
88.581
88.582
88.583
88.584
88.585
88.586
88.587
88.588
88.589
88.59
88.591
88.592
88.593
88.594
88.595
88.596
88.597
88.598
88.599
88.6
88.601
88.602
88.603
88.604
88.605
88.606
88.607
88.608
88.609
88.61
88.611
88.612
88.613
88.614
88.615
88.616
88.617
88.618
88.619
88.62
88.621
88.622
88.623
88.624
88.625
88.626
88.627
88.628
88.629
88.63
88.631
88.632
88.633
88.634
88.635
88.636
88.637
88.638
88.639
88.64
88.641
88.642
88.643
88.644
88.645
88.646
88.647
88.648
88.649
88.65
88.651
88.652
88.653
88.654
88.655
88.656
88.657
88.658
88.659
88.66
88.661
88.662
88.663
88.664
88.665
88.666
88.667
88.668
88.669
88.67
88.671
88.672
88.673
88.674
88.675
88.676
88.677
88.678
88.679
88.68
88.681
88.682
88.683
88.684
88.685
88.686
88.687
88.688
88.689
88.69
88.691
88.692
88.693
88.694
88.695
88.696
88.697
88.698
88.699
88.7
88.701
88.702
88.703
88.704
88.705
88.706
88.707
88.708
88.709
88.71
88.711
88.712
88.713
88.714
88.715
88.716
88.717
88.718
88.719
88.72
88.721
88.722
88.723
88.724
88.725
88.726
88.727
88.728
88.729
88.73
88.731
88.732
88.733
88.734
88.735
88.736
88.737
88.738
88.739
88.74
88.741
88.742
88.743
88.744
88.745
88.746
88.747
88.748
88.749
88.75
88.751
88.752
88.753
88.754
88.755
88.756
88.757
88.758
88.759
88.76
88.761
88.762
88.763
88.764
88.765
88.766
88.767
88.768
88.769
88.77
88.771
88.772
88.773
88.774
88.775
88.776
88.777
88.778
88.779
88.78
88.781
88.782
88.783
88.784
88.785
88.786
88.787
88.788
88.789
88.79
88.791
88.792
88.793
88.794
88.795
88.796
88.797
88.798
88.799
88.8
88.801
88.802
88.803
88.804
88.805
88.806
88.807
88.808
88.809
88.81
88.811
88.812
88.813
88.814
88.815
88.816
88.817
88.818
88.819
88.82
88.821
88.822
88.823
88.824
88.825
88.826
88.827
88.828
88.829
88.83
88.831
88.832
88.833
88.834
88.835
88.836
88.837
88.838
88.839
88.84
88.841
88.842
88.843
88.844
88.845
88.846
88.847
88.848
88.849
88.85
88.851
88.852
88.853
88.854
88.855
88.856
88.857
88.858
88.859
88.86
88.861
88.862
88.863
88.864
88.865
88.866
88.867
88.868
88.869
88.87
88.871
88.872
88.873
88.874
88.875
88.876
88.877
88.878
88.879
88.88
88.881
88.882
88.883
88.884
88.885
88.886
88.887
88.888
88.889
88.89
88.891
88.892
88.893
88.894
88.895
88.896
88.897
88.898
88.899
88.9
88.901
88.902
88.903
88.904
88.905
88.906
88.907
88.908
88.909
88.91
88.911
88.912
88.913
88.914
88.915
88.916
88.917
88.918
88.919
88.92
88.921
88.922
88.923
88.924
88.925
88.926
88.927
88.928
88.929
88.93
88.931
88.932
88.933
88.934
88.935
88.936
88.937
88.938
88.939
88.94
88.941
88.942
88.943
88.944
88.945
88.946
88.947
88.948
88.949
88.95
88.951
88.952
88.953
88.954
88.955
88.956
88.957
88.958
88.959
88.96
88.961
88.962
88.963
88.964
88.965
88.966
88.967
88.968
88.969
88.97
88.971
88.972
88.973
88.974
88.975
88.976
88.977
88.978
88.979
88.98
88.981
88.982
88.983
88.984
88.985
88.986
88.987
88.988
88.989
88.99
88.991
88.992
88.993
88.994
88.995
88.996
88.997
88.998
88.999
89
89.001
89.002
89.003
89.004
89.005
89.006
89.007
89.008
89.009
89.01
89.011
89.012
89.013
89.014
89.015
89.016
89.017
89.018
89.019
89.02
89.021
89.022
89.023
89.024
89.025
89.026
89.027
89.028
89.029
89.03
89.031
89.032
89.033
89.034
89.035
89.036
89.037
89.038
89.039
89.04
89.041
89.042
89.043
89.044
89.045
89.046
89.047
89.048
89.049
89.05
89.051
89.052
89.053
89.054
89.055
89.056
89.057
89.058
89.059
89.06
89.061
89.062
89.063
89.064
89.065
89.066
89.067
89.068
89.069
89.07
89.071
89.072
89.073
89.074
89.075
89.076
89.077
89.078
89.079
89.08
89.081
89.082
89.083
89.084
89.085
89.086
89.087
89.088
89.089
89.09
89.091
89.092
89.093
89.094
89.095
89.096
89.097
89.098
89.099
89.1
89.101
89.102
89.103
89.104
89.105
89.106
89.107
89.108
89.109
89.11
89.111
89.112
89.113
89.114
89.115
89.116
89.117
89.118
89.119
89.12
89.121
89.122
89.123
89.124
89.125
89.126
89.127
89.128
89.129
89.13
89.131
89.132
89.133
89.134
89.135
89.136
89.137
89.138
89.139
89.14
89.141
89.142
89.143
89.144
89.145
89.146
89.147
89.148
89.149
89.15
89.151
89.152
89.153
89.154
89.155
89.156
89.157
89.158
89.159
89.16
89.161
89.162
89.163
89.164
89.165
89.166
89.167
89.168
89.169
89.17
89.171
89.172
89.173
89.174
89.175
89.176
89.177
89.178
89.179
89.18
89.181
89.182
89.183
89.184
89.185
89.186
89.187
89.188
89.189
89.19
89.191
89.192
89.193
89.194
89.195
89.196
89.197
89.198
89.199
89.2
89.201
89.202
89.203
89.204
89.205
89.206
89.207
89.208
89.209
89.21
89.211
89.212
89.213
89.214
89.215
89.216
89.217
89.218
89.219
89.22
89.221
89.222
89.223
89.224
89.225
89.226
89.227
89.228
89.229
89.23
89.231
89.232
89.233
89.234
89.235
89.236
89.237
89.238
89.239
89.24
89.241
89.242
89.243
89.244
89.245
89.246
89.247
89.248
89.249
89.25
89.251
89.252
89.253
89.254
89.255
89.256
89.257
89.258
89.259
89.26
89.261
89.262
89.263
89.264
89.265
89.266
89.267
89.268
89.269
89.27
89.271
89.272
89.273
89.274
89.275
89.276
89.277
89.278
89.279
89.28
89.281
89.282
89.283
89.284
89.285
89.286
89.287
89.288
89.289
89.29
89.291
89.292
89.293
89.294
89.295
89.296
89.297
89.298
89.299
89.3
89.301
89.302
89.303
89.304
89.305
89.306
89.307
89.308
89.309
89.31
89.311
89.312
89.313
89.314
89.315
89.316
89.317
89.318
89.319
89.32
89.321
89.322
89.323
89.324
89.325
89.326
89.327
89.328
89.329
89.33
89.331
89.332
89.333
89.334
89.335
89.336
89.337
89.338
89.339
89.34
89.341
89.342
89.343
89.344
89.345
89.346
89.347
89.348
89.349
89.35
89.351
89.352
89.353
89.354
89.355
89.356
89.357
89.358
89.359
89.36
89.361
89.362
89.363
89.364
89.365
89.366
89.367
89.368
89.369
89.37
89.371
89.372
89.373
89.374
89.375
89.376
89.377
89.378
89.379
89.38
89.381
89.382
89.383
89.384
89.385
89.386
89.387
89.388
89.389
89.39
89.391
89.392
89.393
89.394
89.395
89.396
89.397
89.398
89.399
89.4
89.401
89.402
89.403
89.404
89.405
89.406
89.407
89.408
89.409
89.41
89.411
89.412
89.413
89.414
89.415
89.416
89.417
89.418
89.419
89.42
89.421
89.422
89.423
89.424
89.425
89.426
89.427
89.428
89.429
89.43
89.431
89.432
89.433
89.434
89.435
89.436
89.437
89.438
89.439
89.44
89.441
89.442
89.443
89.444
89.445
89.446
89.447
89.448
89.449
89.45
89.451
89.452
89.453
89.454
89.455
89.456
89.457
89.458
89.459
89.46
89.461
89.462
89.463
89.464
89.465
89.466
89.467
89.468
89.469
89.47
89.471
89.472
89.473
89.474
89.475
89.476
89.477
89.478
89.479
89.48
89.481
89.482
89.483
89.484
89.485
89.486
89.487
89.488
89.489
89.49
89.491
89.492
89.493
89.494
89.495
89.496
89.497
89.498
89.499
89.5
89.501
89.502
89.503
89.504
89.505
89.506
89.507
89.508
89.509
89.51
89.511
89.512
89.513
89.514
89.515
89.516
89.517
89.518
89.519
89.52
89.521
89.522
89.523
89.524
89.525
89.526
89.527
89.528
89.529
89.53
89.531
89.532
89.533
89.534
89.535
89.536
89.537
89.538
89.539
89.54
89.541
89.542
89.543
89.544
89.545
89.546
89.547
89.548
89.549
89.55
89.551
89.552
89.553
89.554
89.555
89.556
89.557
89.558
89.559
89.56
89.561
89.562
89.563
89.564
89.565
89.566
89.567
89.568
89.569
89.57
89.571
89.572
89.573
89.574
89.575
89.576
89.577
89.578
89.579
89.58
89.581
89.582
89.583
89.584
89.585
89.586
89.587
89.588
89.589
89.59
89.591
89.592
89.593
89.594
89.595
89.596
89.597
89.598
89.599
89.6
89.601
89.602
89.603
89.604
89.605
89.606
89.607
89.608
89.609
89.61
89.611
89.612
89.613
89.614
89.615
89.616
89.617
89.618
89.619
89.62
89.621
89.622
89.623
89.624
89.625
89.626
89.627
89.628
89.629
89.63
89.631
89.632
89.633
89.634
89.635
89.636
89.637
89.638
89.639
89.64
89.641
89.642
89.643
89.644
89.645
89.646
89.647
89.648
89.649
89.65
89.651
89.652
89.653
89.654
89.655
89.656
89.657
89.658
89.659
89.66
89.661
89.662
89.663
89.664
89.665
89.666
89.667
89.668
89.669
89.67
89.671
89.672
89.673
89.674
89.675
89.676
89.677
89.678
89.679
89.68
89.681
89.682
89.683
89.684
89.685
89.686
89.687
89.688
89.689
89.69
89.691
89.692
89.693
89.694
89.695
89.696
89.697
89.698
89.699
89.7
89.701
89.702
89.703
89.704
89.705
89.706
89.707
89.708
89.709
89.71
89.711
89.712
89.713
89.714
89.715
89.716
89.717
89.718
89.719
89.72
89.721
89.722
89.723
89.724
89.725
89.726
89.727
89.728
89.729
89.73
89.731
89.732
89.733
89.734
89.735
89.736
89.737
89.738
89.739
89.74
89.741
89.742
89.743
89.744
89.745
89.746
89.747
89.748
89.749
89.75
89.751
89.752
89.753
89.754
89.755
89.756
89.757
89.758
89.759
89.76
89.761
89.762
89.763
89.764
89.765
89.766
89.767
89.768
89.769
89.77
89.771
89.772
89.773
89.774
89.775
89.776
89.777
89.778
89.779
89.78
89.781
89.782
89.783
89.784
89.785
89.786
89.787
89.788
89.789
89.79
89.791
89.792
89.793
89.794
89.795
89.796
89.797
89.798
89.799
89.8
89.801
89.802
89.803
89.804
89.805
89.806
89.807
89.808
89.809
89.81
89.811
89.812
89.813
89.814
89.815
89.816
89.817
89.818
89.819
89.82
89.821
89.822
89.823
89.824
89.825
89.826
89.827
89.828
89.829
89.83
89.831
89.832
89.833
89.834
89.835
89.836
89.837
89.838
89.839
89.84
89.841
89.842
89.843
89.844
89.845
89.846
89.847
89.848
89.849
89.85
89.851
89.852
89.853
89.854
89.855
89.856
89.857
89.858
89.859
89.86
89.861
89.862
89.863
89.864
89.865
89.866
89.867
89.868
89.869
89.87
89.871
89.872
89.873
89.874
89.875
89.876
89.877
89.878
89.879
89.88
89.881
89.882
89.883
89.884
89.885
89.886
89.887
89.888
89.889
89.89
89.891
89.892
89.893
89.894
89.895
89.896
89.897
89.898
89.899
89.9
89.901
89.902
89.903
89.904
89.905
89.906
89.907
89.908
89.909
89.91
89.911
89.912
89.913
89.914
89.915
89.916
89.917
89.918
89.919
89.92
89.921
89.922
89.923
89.924
89.925
89.926
89.927
89.928
89.929
89.93
89.931
89.932
89.933
89.934
89.935
89.936
89.937
89.938
89.939
89.94
89.941
89.942
89.943
89.944
89.945
89.946
89.947
89.948
89.949
89.95
89.951
89.952
89.953
89.954
89.955
89.956
89.957
89.958
89.959
89.96
89.961
89.962
89.963
89.964
89.965
89.966
89.967
89.968
89.969
89.97
89.971
89.972
89.973
89.974
89.975
89.976
89.977
89.978
89.979
89.98
89.981
89.982
89.983
89.984
89.985
89.986
89.987
89.988
89.989
89.99
89.991
89.992
89.993
89.994
89.995
89.996
89.997
89.998
89.999
90
90.001
90.002
90.003
90.004
90.005
90.006
90.007
90.008
90.009
90.01
90.011
90.012
90.013
90.014
90.015
90.016
90.017
90.018
90.019
90.02
90.021
90.022
90.023
90.024
90.025
90.026
90.027
90.028
90.029
90.03
90.031
90.032
90.033
90.034
90.035
90.036
90.037
90.038
90.039
90.04
90.041
90.042
90.043
90.044
90.045
90.046
90.047
90.048
90.049
90.05
90.051
90.052
90.053
90.054
90.055
90.056
90.057
90.058
90.059
90.06
90.061
90.062
90.063
90.064
90.065
90.066
90.067
90.068
90.069
90.07
90.071
90.072
90.073
90.074
90.075
90.076
90.077
90.078
90.079
90.08
90.081
90.082
90.083
90.084
90.085
90.086
90.087
90.088
90.089
90.09
90.091
90.092
90.093
90.094
90.095
90.096
90.097
90.098
90.099
90.1
90.101
90.102
90.103
90.104
90.105
90.106
90.107
90.108
90.109
90.11
90.111
90.112
90.113
90.114
90.115
90.116
90.117
90.118
90.119
90.12
90.121
90.122
90.123
90.124
90.125
90.126
90.127
90.128
90.129
90.13
90.131
90.132
90.133
90.134
90.135
90.136
90.137
90.138
90.139
90.14
90.141
90.142
90.143
90.144
90.145
90.146
90.147
90.148
90.149
90.15
90.151
90.152
90.153
90.154
90.155
90.156
90.157
90.158
90.159
90.16
90.161
90.162
90.163
90.164
90.165
90.166
90.167
90.168
90.169
90.17
90.171
90.172
90.173
90.174
90.175
90.176
90.177
90.178
90.179
90.18
90.181
90.182
90.183
90.184
90.185
90.186
90.187
90.188
90.189
90.19
90.191
90.192
90.193
90.194
90.195
90.196
90.197
90.198
90.199
90.2
90.201
90.202
90.203
90.204
90.205
90.206
90.207
90.208
90.209
90.21
90.211
90.212
90.213
90.214
90.215
90.216
90.217
90.218
90.219
90.22
90.221
90.222
90.223
90.224
90.225
90.226
90.227
90.228
90.229
90.23
90.231
90.232
90.233
90.234
90.235
90.236
90.237
90.238
90.239
90.24
90.241
90.242
90.243
90.244
90.245
90.246
90.247
90.248
90.249
90.25
90.251
90.252
90.253
90.254
90.255
90.256
90.257
90.258
90.259
90.26
90.261
90.262
90.263
90.264
90.265
90.266
90.267
90.268
90.269
90.27
90.271
90.272
90.273
90.274
90.275
90.276
90.277
90.278
90.279
90.28
90.281
90.282
90.283
90.284
90.285
90.286
90.287
90.288
90.289
90.29
90.291
90.292
90.293
90.294
90.295
90.296
90.297
90.298
90.299
90.3
90.301
90.302
90.303
90.304
90.305
90.306
90.307
90.308
90.309
90.31
90.311
90.312
90.313
90.314
90.315
90.316
90.317
90.318
90.319
90.32
90.321
90.322
90.323
90.324
90.325
90.326
90.327
90.328
90.329
90.33
90.331
90.332
90.333
90.334
90.335
90.336
90.337
90.338
90.339
90.34
90.341
90.342
90.343
90.344
90.345
90.346
90.347
90.348
90.349
90.35
90.351
90.352
90.353
90.354
90.355
90.356
90.357
90.358
90.359
90.36
90.361
90.362
90.363
90.364
90.365
90.366
90.367
90.368
90.369
90.37
90.371
90.372
90.373
90.374
90.375
90.376
90.377
90.378
90.379
90.38
90.381
90.382
90.383
90.384
90.385
90.386
90.387
90.388
90.389
90.39
90.391
90.392
90.393
90.394
90.395
90.396
90.397
90.398
90.399
90.4
90.401
90.402
90.403
90.404
90.405
90.406
90.407
90.408
90.409
90.41
90.411
90.412
90.413
90.414
90.415
90.416
90.417
90.418
90.419
90.42
90.421
90.422
90.423
90.424
90.425
90.426
90.427
90.428
90.429
90.43
90.431
90.432
90.433
90.434
90.435
90.436
90.437
90.438
90.439
90.44
90.441
90.442
90.443
90.444
90.445
90.446
90.447
90.448
90.449
90.45
90.451
90.452
90.453
90.454
90.455
90.456
90.457
90.458
90.459
90.46
90.461
90.462
90.463
90.464
90.465
90.466
90.467
90.468
90.469
90.47
90.471
90.472
90.473
90.474
90.475
90.476
90.477
90.478
90.479
90.48
90.481
90.482
90.483
90.484
90.485
90.486
90.487
90.488
90.489
90.49
90.491
90.492
90.493
90.494
90.495
90.496
90.497
90.498
90.499
90.5
90.501
90.502
90.503
90.504
90.505
90.506
90.507
90.508
90.509
90.51
90.511
90.512
90.513
90.514
90.515
90.516
90.517
90.518
90.519
90.52
90.521
90.522
90.523
90.524
90.525
90.526
90.527
90.528
90.529
90.53
90.531
90.532
90.533
90.534
90.535
90.536
90.537
90.538
90.539
90.54
90.541
90.542
90.543
90.544
90.545
90.546
90.547
90.548
90.549
90.55
90.551
90.552
90.553
90.554
90.555
90.556
90.557
90.558
90.559
90.56
90.561
90.562
90.563
90.564
90.565
90.566
90.567
90.568
90.569
90.57
90.571
90.572
90.573
90.574
90.575
90.576
90.577
90.578
90.579
90.58
90.581
90.582
90.583
90.584
90.585
90.586
90.587
90.588
90.589
90.59
90.591
90.592
90.593
90.594
90.595
90.596
90.597
90.598
90.599
90.6
90.601
90.602
90.603
90.604
90.605
90.606
90.607
90.608
90.609
90.61
90.611
90.612
90.613
90.614
90.615
90.616
90.617
90.618
90.619
90.62
90.621
90.622
90.623
90.624
90.625
90.626
90.627
90.628
90.629
90.63
90.631
90.632
90.633
90.634
90.635
90.636
90.637
90.638
90.639
90.64
90.641
90.642
90.643
90.644
90.645
90.646
90.647
90.648
90.649
90.65
90.651
90.652
90.653
90.654
90.655
90.656
90.657
90.658
90.659
90.66
90.661
90.662
90.663
90.664
90.665
90.666
90.667
90.668
90.669
90.67
90.671
90.672
90.673
90.674
90.675
90.676
90.677
90.678
90.679
90.68
90.681
90.682
90.683
90.684
90.685
90.686
90.687
90.688
90.689
90.69
90.691
90.692
90.693
90.694
90.695
90.696
90.697
90.698
90.699
90.7
90.701
90.702
90.703
90.704
90.705
90.706
90.707
90.708
90.709
90.71
90.711
90.712
90.713
90.714
90.715
90.716
90.717
90.718
90.719
90.72
90.721
90.722
90.723
90.724
90.725
90.726
90.727
90.728
90.729
90.73
90.731
90.732
90.733
90.734
90.735
90.736
90.737
90.738
90.739
90.74
90.741
90.742
90.743
90.744
90.745
90.746
90.747
90.748
90.749
90.75
90.751
90.752
90.753
90.754
90.755
90.756
90.757
90.758
90.759
90.76
90.761
90.762
90.763
90.764
90.765
90.766
90.767
90.768
90.769
90.77
90.771
90.772
90.773
90.774
90.775
90.776
90.777
90.778
90.779
90.78
90.781
90.782
90.783
90.784
90.785
90.786
90.787
90.788
90.789
90.79
90.791
90.792
90.793
90.794
90.795
90.796
90.797
90.798
90.799
90.8
90.801
90.802
90.803
90.804
90.805
90.806
90.807
90.808
90.809
90.81
90.811
90.812
90.813
90.814
90.815
90.816
90.817
90.818
90.819
90.82
90.821
90.822
90.823
90.824
90.825
90.826
90.827
90.828
90.829
90.83
90.831
90.832
90.833
90.834
90.835
90.836
90.837
90.838
90.839
90.84
90.841
90.842
90.843
90.844
90.845
90.846
90.847
90.848
90.849
90.85
90.851
90.852
90.853
90.854
90.855
90.856
90.857
90.858
90.859
90.86
90.861
90.862
90.863
90.864
90.865
90.866
90.867
90.868
90.869
90.87
90.871
90.872
90.873
90.874
90.875
90.876
90.877
90.878
90.879
90.88
90.881
90.882
90.883
90.884
90.885
90.886
90.887
90.888
90.889
90.89
90.891
90.892
90.893
90.894
90.895
90.896
90.897
90.898
90.899
90.9
90.901
90.902
90.903
90.904
90.905
90.906
90.907
90.908
90.909
90.91
90.911
90.912
90.913
90.914
90.915
90.916
90.917
90.918
90.919
90.92
90.921
90.922
90.923
90.924
90.925
90.926
90.927
90.928
90.929
90.93
90.931
90.932
90.933
90.934
90.935
90.936
90.937
90.938
90.939
90.94
90.941
90.942
90.943
90.944
90.945
90.946
90.947
90.948
90.949
90.95
90.951
90.952
90.953
90.954
90.955
90.956
90.957
90.958
90.959
90.96
90.961
90.962
90.963
90.964
90.965
90.966
90.967
90.968
90.969
90.97
90.971
90.972
90.973
90.974
90.975
90.976
90.977
90.978
90.979
90.98
90.981
90.982
90.983
90.984
90.985
90.986
90.987
90.988
90.989
90.99
90.991
90.992
90.993
90.994
90.995
90.996
90.997
90.998
90.999
91
91.001
91.002
91.003
91.004
91.005
91.006
91.007
91.008
91.009
91.01
91.011
91.012
91.013
91.014
91.015
91.016
91.017
91.018
91.019
91.02
91.021
91.022
91.023
91.024
91.025
91.026
91.027
91.028
91.029
91.03
91.031
91.032
91.033
91.034
91.035
91.036
91.037
91.038
91.039
91.04
91.041
91.042
91.043
91.044
91.045
91.046
91.047
91.048
91.049
91.05
91.051
91.052
91.053
91.054
91.055
91.056
91.057
91.058
91.059
91.06
91.061
91.062
91.063
91.064
91.065
91.066
91.067
91.068
91.069
91.07
91.071
91.072
91.073
91.074
91.075
91.076
91.077
91.078
91.079
91.08
91.081
91.082
91.083
91.084
91.085
91.086
91.087
91.088
91.089
91.09
91.091
91.092
91.093
91.094
91.095
91.096
91.097
91.098
91.099
91.1
91.101
91.102
91.103
91.104
91.105
91.106
91.107
91.108
91.109
91.11
91.111
91.112
91.113
91.114
91.115
91.116
91.117
91.118
91.119
91.12
91.121
91.122
91.123
91.124
91.125
91.126
91.127
91.128
91.129
91.13
91.131
91.132
91.133
91.134
91.135
91.136
91.137
91.138
91.139
91.14
91.141
91.142
91.143
91.144
91.145
91.146
91.147
91.148
91.149
91.15
91.151
91.152
91.153
91.154
91.155
91.156
91.157
91.158
91.159
91.16
91.161
91.162
91.163
91.164
91.165
91.166
91.167
91.168
91.169
91.17
91.171
91.172
91.173
91.174
91.175
91.176
91.177
91.178
91.179
91.18
91.181
91.182
91.183
91.184
91.185
91.186
91.187
91.188
91.189
91.19
91.191
91.192
91.193
91.194
91.195
91.196
91.197
91.198
91.199
91.2
91.201
91.202
91.203
91.204
91.205
91.206
91.207
91.208
91.209
91.21
91.211
91.212
91.213
91.214
91.215
91.216
91.217
91.218
91.219
91.22
91.221
91.222
91.223
91.224
91.225
91.226
91.227
91.228
91.229
91.23
91.231
91.232
91.233
91.234
91.235
91.236
91.237
91.238
91.239
91.24
91.241
91.242
91.243
91.244
91.245
91.246
91.247
91.248
91.249
91.25
91.251
91.252
91.253
91.254
91.255
91.256
91.257
91.258
91.259
91.26
91.261
91.262
91.263
91.264
91.265
91.266
91.267
91.268
91.269
91.27
91.271
91.272
91.273
91.274
91.275
91.276
91.277
91.278
91.279
91.28
91.281
91.282
91.283
91.284
91.285
91.286
91.287
91.288
91.289
91.29
91.291
91.292
91.293
91.294
91.295
91.296
91.297
91.298
91.299
91.3
91.301
91.302
91.303
91.304
91.305
91.306
91.307
91.308
91.309
91.31
91.311
91.312
91.313
91.314
91.315
91.316
91.317
91.318
91.319
91.32
91.321
91.322
91.323
91.324
91.325
91.326
91.327
91.328
91.329
91.33
91.331
91.332
91.333
91.334
91.335
91.336
91.337
91.338
91.339
91.34
91.341
91.342
91.343
91.344
91.345
91.346
91.347
91.348
91.349
91.35
91.351
91.352
91.353
91.354
91.355
91.356
91.357
91.358
91.359
91.36
91.361
91.362
91.363
91.364
91.365
91.366
91.367
91.368
91.369
91.37
91.371
91.372
91.373
91.374
91.375
91.376
91.377
91.378
91.379
91.38
91.381
91.382
91.383
91.384
91.385
91.386
91.387
91.388
91.389
91.39
91.391
91.392
91.393
91.394
91.395
91.396
91.397
91.398
91.399
91.4
91.401
91.402
91.403
91.404
91.405
91.406
91.407
91.408
91.409
91.41
91.411
91.412
91.413
91.414
91.415
91.416
91.417
91.418
91.419
91.42
91.421
91.422
91.423
91.424
91.425
91.426
91.427
91.428
91.429
91.43
91.431
91.432
91.433
91.434
91.435
91.436
91.437
91.438
91.439
91.44
91.441
91.442
91.443
91.444
91.445
91.446
91.447
91.448
91.449
91.45
91.451
91.452
91.453
91.454
91.455
91.456
91.457
91.458
91.459
91.46
91.461
91.462
91.463
91.464
91.465
91.466
91.467
91.468
91.469
91.47
91.471
91.472
91.473
91.474
91.475
91.476
91.477
91.478
91.479
91.48
91.481
91.482
91.483
91.484
91.485
91.486
91.487
91.488
91.489
91.49
91.491
91.492
91.493
91.494
91.495
91.496
91.497
91.498
91.499
91.5
91.501
91.502
91.503
91.504
91.505
91.506
91.507
91.508
91.509
91.51
91.511
91.512
91.513
91.514
91.515
91.516
91.517
91.518
91.519
91.52
91.521
91.522
91.523
91.524
91.525
91.526
91.527
91.528
91.529
91.53
91.531
91.532
91.533
91.534
91.535
91.536
91.537
91.538
91.539
91.54
91.541
91.542
91.543
91.544
91.545
91.546
91.547
91.548
91.549
91.55
91.551
91.552
91.553
91.554
91.555
91.556
91.557
91.558
91.559
91.56
91.561
91.562
91.563
91.564
91.565
91.566
91.567
91.568
91.569
91.57
91.571
91.572
91.573
91.574
91.575
91.576
91.577
91.578
91.579
91.58
91.581
91.582
91.583
91.584
91.585
91.586
91.587
91.588
91.589
91.59
91.591
91.592
91.593
91.594
91.595
91.596
91.597
91.598
91.599
91.6
91.601
91.602
91.603
91.604
91.605
91.606
91.607
91.608
91.609
91.61
91.611
91.612
91.613
91.614
91.615
91.616
91.617
91.618
91.619
91.62
91.621
91.622
91.623
91.624
91.625
91.626
91.627
91.628
91.629
91.63
91.631
91.632
91.633
91.634
91.635
91.636
91.637
91.638
91.639
91.64
91.641
91.642
91.643
91.644
91.645
91.646
91.647
91.648
91.649
91.65
91.651
91.652
91.653
91.654
91.655
91.656
91.657
91.658
91.659
91.66
91.661
91.662
91.663
91.664
91.665
91.666
91.667
91.668
91.669
91.67
91.671
91.672
91.673
91.674
91.675
91.676
91.677
91.678
91.679
91.68
91.681
91.682
91.683
91.684
91.685
91.686
91.687
91.688
91.689
91.69
91.691
91.692
91.693
91.694
91.695
91.696
91.697
91.698
91.699
91.7
91.701
91.702
91.703
91.704
91.705
91.706
91.707
91.708
91.709
91.71
91.711
91.712
91.713
91.714
91.715
91.716
91.717
91.718
91.719
91.72
91.721
91.722
91.723
91.724
91.725
91.726
91.727
91.728
91.729
91.73
91.731
91.732
91.733
91.734
91.735
91.736
91.737
91.738
91.739
91.74
91.741
91.742
91.743
91.744
91.745
91.746
91.747
91.748
91.749
91.75
91.751
91.752
91.753
91.754
91.755
91.756
91.757
91.758
91.759
91.76
91.761
91.762
91.763
91.764
91.765
91.766
91.767
91.768
91.769
91.77
91.771
91.772
91.773
91.774
91.775
91.776
91.777
91.778
91.779
91.78
91.781
91.782
91.783
91.784
91.785
91.786
91.787
91.788
91.789
91.79
91.791
91.792
91.793
91.794
91.795
91.796
91.797
91.798
91.799
91.8
91.801
91.802
91.803
91.804
91.805
91.806
91.807
91.808
91.809
91.81
91.811
91.812
91.813
91.814
91.815
91.816
91.817
91.818
91.819
91.82
91.821
91.822
91.823
91.824
91.825
91.826
91.827
91.828
91.829
91.83
91.831
91.832
91.833
91.834
91.835
91.836
91.837
91.838
91.839
91.84
91.841
91.842
91.843
91.844
91.845
91.846
91.847
91.848
91.849
91.85
91.851
91.852
91.853
91.854
91.855
91.856
91.857
91.858
91.859
91.86
91.861
91.862
91.863
91.864
91.865
91.866
91.867
91.868
91.869
91.87
91.871
91.872
91.873
91.874
91.875
91.876
91.877
91.878
91.879
91.88
91.881
91.882
91.883
91.884
91.885
91.886
91.887
91.888
91.889
91.89
91.891
91.892
91.893
91.894
91.895
91.896
91.897
91.898
91.899
91.9
91.901
91.902
91.903
91.904
91.905
91.906
91.907
91.908
91.909
91.91
91.911
91.912
91.913
91.914
91.915
91.916
91.917
91.918
91.919
91.92
91.921
91.922
91.923
91.924
91.925
91.926
91.927
91.928
91.929
91.93
91.931
91.932
91.933
91.934
91.935
91.936
91.937
91.938
91.939
91.94
91.941
91.942
91.943
91.944
91.945
91.946
91.947
91.948
91.949
91.95
91.951
91.952
91.953
91.954
91.955
91.956
91.957
91.958
91.959
91.96
91.961
91.962
91.963
91.964
91.965
91.966
91.967
91.968
91.969
91.97
91.971
91.972
91.973
91.974
91.975
91.976
91.977
91.978
91.979
91.98
91.981
91.982
91.983
91.984
91.985
91.986
91.987
91.988
91.989
91.99
91.991
91.992
91.993
91.994
91.995
91.996
91.997
91.998
91.999
92
92.001
92.002
92.003
92.004
92.005
92.006
92.007
92.008
92.009
92.01
92.011
92.012
92.013
92.014
92.015
92.016
92.017
92.018
92.019
92.02
92.021
92.022
92.023
92.024
92.025
92.026
92.027
92.028
92.029
92.03
92.031
92.032
92.033
92.034
92.035
92.036
92.037
92.038
92.039
92.04
92.041
92.042
92.043
92.044
92.045
92.046
92.047
92.048
92.049
92.05
92.051
92.052
92.053
92.054
92.055
92.056
92.057
92.058
92.059
92.06
92.061
92.062
92.063
92.064
92.065
92.066
92.067
92.068
92.069
92.07
92.071
92.072
92.073
92.074
92.075
92.076
92.077
92.078
92.079
92.08
92.081
92.082
92.083
92.084
92.085
92.086
92.087
92.088
92.089
92.09
92.091
92.092
92.093
92.094
92.095
92.096
92.097
92.098
92.099
92.1
92.101
92.102
92.103
92.104
92.105
92.106
92.107
92.108
92.109
92.11
92.111
92.112
92.113
92.114
92.115
92.116
92.117
92.118
92.119
92.12
92.121
92.122
92.123
92.124
92.125
92.126
92.127
92.128
92.129
92.13
92.131
92.132
92.133
92.134
92.135
92.136
92.137
92.138
92.139
92.14
92.141
92.142
92.143
92.144
92.145
92.146
92.147
92.148
92.149
92.15
92.151
92.152
92.153
92.154
92.155
92.156
92.157
92.158
92.159
92.16
92.161
92.162
92.163
92.164
92.165
92.166
92.167
92.168
92.169
92.17
92.171
92.172
92.173
92.174
92.175
92.176
92.177
92.178
92.179
92.18
92.181
92.182
92.183
92.184
92.185
92.186
92.187
92.188
92.189
92.19
92.191
92.192
92.193
92.194
92.195
92.196
92.197
92.198
92.199
92.2
92.201
92.202
92.203
92.204
92.205
92.206
92.207
92.208
92.209
92.21
92.211
92.212
92.213
92.214
92.215
92.216
92.217
92.218
92.219
92.22
92.221
92.222
92.223
92.224
92.225
92.226
92.227
92.228
92.229
92.23
92.231
92.232
92.233
92.234
92.235
92.236
92.237
92.238
92.239
92.24
92.241
92.242
92.243
92.244
92.245
92.246
92.247
92.248
92.249
92.25
92.251
92.252
92.253
92.254
92.255
92.256
92.257
92.258
92.259
92.26
92.261
92.262
92.263
92.264
92.265
92.266
92.267
92.268
92.269
92.27
92.271
92.272
92.273
92.274
92.275
92.276
92.277
92.278
92.279
92.28
92.281
92.282
92.283
92.284
92.285
92.286
92.287
92.288
92.289
92.29
92.291
92.292
92.293
92.294
92.295
92.296
92.297
92.298
92.299
92.3
92.301
92.302
92.303
92.304
92.305
92.306
92.307
92.308
92.309
92.31
92.311
92.312
92.313
92.314
92.315
92.316
92.317
92.318
92.319
92.32
92.321
92.322
92.323
92.324
92.325
92.326
92.327
92.328
92.329
92.33
92.331
92.332
92.333
92.334
92.335
92.336
92.337
92.338
92.339
92.34
92.341
92.342
92.343
92.344
92.345
92.346
92.347
92.348
92.349
92.35
92.351
92.352
92.353
92.354
92.355
92.356
92.357
92.358
92.359
92.36
92.361
92.362
92.363
92.364
92.365
92.366
92.367
92.368
92.369
92.37
92.371
92.372
92.373
92.374
92.375
92.376
92.377
92.378
92.379
92.38
92.381
92.382
92.383
92.384
92.385
92.386
92.387
92.388
92.389
92.39
92.391
92.392
92.393
92.394
92.395
92.396
92.397
92.398
92.399
92.4
92.401
92.402
92.403
92.404
92.405
92.406
92.407
92.408
92.409
92.41
92.411
92.412
92.413
92.414
92.415
92.416
92.417
92.418
92.419
92.42
92.421
92.422
92.423
92.424
92.425
92.426
92.427
92.428
92.429
92.43
92.431
92.432
92.433
92.434
92.435
92.436
92.437
92.438
92.439
92.44
92.441
92.442
92.443
92.444
92.445
92.446
92.447
92.448
92.449
92.45
92.451
92.452
92.453
92.454
92.455
92.456
92.457
92.458
92.459
92.46
92.461
92.462
92.463
92.464
92.465
92.466
92.467
92.468
92.469
92.47
92.471
92.472
92.473
92.474
92.475
92.476
92.477
92.478
92.479
92.48
92.481
92.482
92.483
92.484
92.485
92.486
92.487
92.488
92.489
92.49
92.491
92.492
92.493
92.494
92.495
92.496
92.497
92.498
92.499
92.5
92.501
92.502
92.503
92.504
92.505
92.506
92.507
92.508
92.509
92.51
92.511
92.512
92.513
92.514
92.515
92.516
92.517
92.518
92.519
92.52
92.521
92.522
92.523
92.524
92.525
92.526
92.527
92.528
92.529
92.53
92.531
92.532
92.533
92.534
92.535
92.536
92.537
92.538
92.539
92.54
92.541
92.542
92.543
92.544
92.545
92.546
92.547
92.548
92.549
92.55
92.551
92.552
92.553
92.554
92.555
92.556
92.557
92.558
92.559
92.56
92.561
92.562
92.563
92.564
92.565
92.566
92.567
92.568
92.569
92.57
92.571
92.572
92.573
92.574
92.575
92.576
92.577
92.578
92.579
92.58
92.581
92.582
92.583
92.584
92.585
92.586
92.587
92.588
92.589
92.59
92.591
92.592
92.593
92.594
92.595
92.596
92.597
92.598
92.599
92.6
92.601
92.602
92.603
92.604
92.605
92.606
92.607
92.608
92.609
92.61
92.611
92.612
92.613
92.614
92.615
92.616
92.617
92.618
92.619
92.62
92.621
92.622
92.623
92.624
92.625
92.626
92.627
92.628
92.629
92.63
92.631
92.632
92.633
92.634
92.635
92.636
92.637
92.638
92.639
92.64
92.641
92.642
92.643
92.644
92.645
92.646
92.647
92.648
92.649
92.65
92.651
92.652
92.653
92.654
92.655
92.656
92.657
92.658
92.659
92.66
92.661
92.662
92.663
92.664
92.665
92.666
92.667
92.668
92.669
92.67
92.671
92.672
92.673
92.674
92.675
92.676
92.677
92.678
92.679
92.68
92.681
92.682
92.683
92.684
92.685
92.686
92.687
92.688
92.689
92.69
92.691
92.692
92.693
92.694
92.695
92.696
92.697
92.698
92.699
92.7
92.701
92.702
92.703
92.704
92.705
92.706
92.707
92.708
92.709
92.71
92.711
92.712
92.713
92.714
92.715
92.716
92.717
92.718
92.719
92.72
92.721
92.722
92.723
92.724
92.725
92.726
92.727
92.728
92.729
92.73
92.731
92.732
92.733
92.734
92.735
92.736
92.737
92.738
92.739
92.74
92.741
92.742
92.743
92.744
92.745
92.746
92.747
92.748
92.749
92.75
92.751
92.752
92.753
92.754
92.755
92.756
92.757
92.758
92.759
92.76
92.761
92.762
92.763
92.764
92.765
92.766
92.767
92.768
92.769
92.77
92.771
92.772
92.773
92.774
92.775
92.776
92.777
92.778
92.779
92.78
92.781
92.782
92.783
92.784
92.785
92.786
92.787
92.788
92.789
92.79
92.791
92.792
92.793
92.794
92.795
92.796
92.797
92.798
92.799
92.8
92.801
92.802
92.803
92.804
92.805
92.806
92.807
92.808
92.809
92.81
92.811
92.812
92.813
92.814
92.815
92.816
92.817
92.818
92.819
92.82
92.821
92.822
92.823
92.824
92.825
92.826
92.827
92.828
92.829
92.83
92.831
92.832
92.833
92.834
92.835
92.836
92.837
92.838
92.839
92.84
92.841
92.842
92.843
92.844
92.845
92.846
92.847
92.848
92.849
92.85
92.851
92.852
92.853
92.854
92.855
92.856
92.857
92.858
92.859
92.86
92.861
92.862
92.863
92.864
92.865
92.866
92.867
92.868
92.869
92.87
92.871
92.872
92.873
92.874
92.875
92.876
92.877
92.878
92.879
92.88
92.881
92.882
92.883
92.884
92.885
92.886
92.887
92.888
92.889
92.89
92.891
92.892
92.893
92.894
92.895
92.896
92.897
92.898
92.899
92.9
92.901
92.902
92.903
92.904
92.905
92.906
92.907
92.908
92.909
92.91
92.911
92.912
92.913
92.914
92.915
92.916
92.917
92.918
92.919
92.92
92.921
92.922
92.923
92.924
92.925
92.926
92.927
92.928
92.929
92.93
92.931
92.932
92.933
92.934
92.935
92.936
92.937
92.938
92.939
92.94
92.941
92.942
92.943
92.944
92.945
92.946
92.947
92.948
92.949
92.95
92.951
92.952
92.953
92.954
92.955
92.956
92.957
92.958
92.959
92.96
92.961
92.962
92.963
92.964
92.965
92.966
92.967
92.968
92.969
92.97
92.971
92.972
92.973
92.974
92.975
92.976
92.977
92.978
92.979
92.98
92.981
92.982
92.983
92.984
92.985
92.986
92.987
92.988
92.989
92.99
92.991
92.992
92.993
92.994
92.995
92.996
92.997
92.998
92.999
93
93.001
93.002
93.003
93.004
93.005
93.006
93.007
93.008
93.009
93.01
93.011
93.012
93.013
93.014
93.015
93.016
93.017
93.018
93.019
93.02
93.021
93.022
93.023
93.024
93.025
93.026
93.027
93.028
93.029
93.03
93.031
93.032
93.033
93.034
93.035
93.036
93.037
93.038
93.039
93.04
93.041
93.042
93.043
93.044
93.045
93.046
93.047
93.048
93.049
93.05
93.051
93.052
93.053
93.054
93.055
93.056
93.057
93.058
93.059
93.06
93.061
93.062
93.063
93.064
93.065
93.066
93.067
93.068
93.069
93.07
93.071
93.072
93.073
93.074
93.075
93.076
93.077
93.078
93.079
93.08
93.081
93.082
93.083
93.084
93.085
93.086
93.087
93.088
93.089
93.09
93.091
93.092
93.093
93.094
93.095
93.096
93.097
93.098
93.099
93.1
93.101
93.102
93.103
93.104
93.105
93.106
93.107
93.108
93.109
93.11
93.111
93.112
93.113
93.114
93.115
93.116
93.117
93.118
93.119
93.12
93.121
93.122
93.123
93.124
93.125
93.126
93.127
93.128
93.129
93.13
93.131
93.132
93.133
93.134
93.135
93.136
93.137
93.138
93.139
93.14
93.141
93.142
93.143
93.144
93.145
93.146
93.147
93.148
93.149
93.15
93.151
93.152
93.153
93.154
93.155
93.156
93.157
93.158
93.159
93.16
93.161
93.162
93.163
93.164
93.165
93.166
93.167
93.168
93.169
93.17
93.171
93.172
93.173
93.174
93.175
93.176
93.177
93.178
93.179
93.18
93.181
93.182
93.183
93.184
93.185
93.186
93.187
93.188
93.189
93.19
93.191
93.192
93.193
93.194
93.195
93.196
93.197
93.198
93.199
93.2
93.201
93.202
93.203
93.204
93.205
93.206
93.207
93.208
93.209
93.21
93.211
93.212
93.213
93.214
93.215
93.216
93.217
93.218
93.219
93.22
93.221
93.222
93.223
93.224
93.225
93.226
93.227
93.228
93.229
93.23
93.231
93.232
93.233
93.234
93.235
93.236
93.237
93.238
93.239
93.24
93.241
93.242
93.243
93.244
93.245
93.246
93.247
93.248
93.249
93.25
93.251
93.252
93.253
93.254
93.255
93.256
93.257
93.258
93.259
93.26
93.261
93.262
93.263
93.264
93.265
93.266
93.267
93.268
93.269
93.27
93.271
93.272
93.273
93.274
93.275
93.276
93.277
93.278
93.279
93.28
93.281
93.282
93.283
93.284
93.285
93.286
93.287
93.288
93.289
93.29
93.291
93.292
93.293
93.294
93.295
93.296
93.297
93.298
93.299
93.3
93.301
93.302
93.303
93.304
93.305
93.306
93.307
93.308
93.309
93.31
93.311
93.312
93.313
93.314
93.315
93.316
93.317
93.318
93.319
93.32
93.321
93.322
93.323
93.324
93.325
93.326
93.327
93.328
93.329
93.33
93.331
93.332
93.333
93.334
93.335
93.336
93.337
93.338
93.339
93.34
93.341
93.342
93.343
93.344
93.345
93.346
93.347
93.348
93.349
93.35
93.351
93.352
93.353
93.354
93.355
93.356
93.357
93.358
93.359
93.36
93.361
93.362
93.363
93.364
93.365
93.366
93.367
93.368
93.369
93.37
93.371
93.372
93.373
93.374
93.375
93.376
93.377
93.378
93.379
93.38
93.381
93.382
93.383
93.384
93.385
93.386
93.387
93.388
93.389
93.39
93.391
93.392
93.393
93.394
93.395
93.396
93.397
93.398
93.399
93.4
93.401
93.402
93.403
93.404
93.405
93.406
93.407
93.408
93.409
93.41
93.411
93.412
93.413
93.414
93.415
93.416
93.417
93.418
93.419
93.42
93.421
93.422
93.423
93.424
93.425
93.426
93.427
93.428
93.429
93.43
93.431
93.432
93.433
93.434
93.435
93.436
93.437
93.438
93.439
93.44
93.441
93.442
93.443
93.444
93.445
93.446
93.447
93.448
93.449
93.45
93.451
93.452
93.453
93.454
93.455
93.456
93.457
93.458
93.459
93.46
93.461
93.462
93.463
93.464
93.465
93.466
93.467
93.468
93.469
93.47
93.471
93.472
93.473
93.474
93.475
93.476
93.477
93.478
93.479
93.48
93.481
93.482
93.483
93.484
93.485
93.486
93.487
93.488
93.489
93.49
93.491
93.492
93.493
93.494
93.495
93.496
93.497
93.498
93.499
93.5
93.501
93.502
93.503
93.504
93.505
93.506
93.507
93.508
93.509
93.51
93.511
93.512
93.513
93.514
93.515
93.516
93.517
93.518
93.519
93.52
93.521
93.522
93.523
93.524
93.525
93.526
93.527
93.528
93.529
93.53
93.531
93.532
93.533
93.534
93.535
93.536
93.537
93.538
93.539
93.54
93.541
93.542
93.543
93.544
93.545
93.546
93.547
93.548
93.549
93.55
93.551
93.552
93.553
93.554
93.555
93.556
93.557
93.558
93.559
93.56
93.561
93.562
93.563
93.564
93.565
93.566
93.567
93.568
93.569
93.57
93.571
93.572
93.573
93.574
93.575
93.576
93.577
93.578
93.579
93.58
93.581
93.582
93.583
93.584
93.585
93.586
93.587
93.588
93.589
93.59
93.591
93.592
93.593
93.594
93.595
93.596
93.597
93.598
93.599
93.6
93.601
93.602
93.603
93.604
93.605
93.606
93.607
93.608
93.609
93.61
93.611
93.612
93.613
93.614
93.615
93.616
93.617
93.618
93.619
93.62
93.621
93.622
93.623
93.624
93.625
93.626
93.627
93.628
93.629
93.63
93.631
93.632
93.633
93.634
93.635
93.636
93.637
93.638
93.639
93.64
93.641
93.642
93.643
93.644
93.645
93.646
93.647
93.648
93.649
93.65
93.651
93.652
93.653
93.654
93.655
93.656
93.657
93.658
93.659
93.66
93.661
93.662
93.663
93.664
93.665
93.666
93.667
93.668
93.669
93.67
93.671
93.672
93.673
93.674
93.675
93.676
93.677
93.678
93.679
93.68
93.681
93.682
93.683
93.684
93.685
93.686
93.687
93.688
93.689
93.69
93.691
93.692
93.693
93.694
93.695
93.696
93.697
93.698
93.699
93.7
93.701
93.702
93.703
93.704
93.705
93.706
93.707
93.708
93.709
93.71
93.711
93.712
93.713
93.714
93.715
93.716
93.717
93.718
93.719
93.72
93.721
93.722
93.723
93.724
93.725
93.726
93.727
93.728
93.729
93.73
93.731
93.732
93.733
93.734
93.735
93.736
93.737
93.738
93.739
93.74
93.741
93.742
93.743
93.744
93.745
93.746
93.747
93.748
93.749
93.75
93.751
93.752
93.753
93.754
93.755
93.756
93.757
93.758
93.759
93.76
93.761
93.762
93.763
93.764
93.765
93.766
93.767
93.768
93.769
93.77
93.771
93.772
93.773
93.774
93.775
93.776
93.777
93.778
93.779
93.78
93.781
93.782
93.783
93.784
93.785
93.786
93.787
93.788
93.789
93.79
93.791
93.792
93.793
93.794
93.795
93.796
93.797
93.798
93.799
93.8
93.801
93.802
93.803
93.804
93.805
93.806
93.807
93.808
93.809
93.81
93.811
93.812
93.813
93.814
93.815
93.816
93.817
93.818
93.819
93.82
93.821
93.822
93.823
93.824
93.825
93.826
93.827
93.828
93.829
93.83
93.831
93.832
93.833
93.834
93.835
93.836
93.837
93.838
93.839
93.84
93.841
93.842
93.843
93.844
93.845
93.846
93.847
93.848
93.849
93.85
93.851
93.852
93.853
93.854
93.855
93.856
93.857
93.858
93.859
93.86
93.861
93.862
93.863
93.864
93.865
93.866
93.867
93.868
93.869
93.87
93.871
93.872
93.873
93.874
93.875
93.876
93.877
93.878
93.879
93.88
93.881
93.882
93.883
93.884
93.885
93.886
93.887
93.888
93.889
93.89
93.891
93.892
93.893
93.894
93.895
93.896
93.897
93.898
93.899
93.9
93.901
93.902
93.903
93.904
93.905
93.906
93.907
93.908
93.909
93.91
93.911
93.912
93.913
93.914
93.915
93.916
93.917
93.918
93.919
93.92
93.921
93.922
93.923
93.924
93.925
93.926
93.927
93.928
93.929
93.93
93.931
93.932
93.933
93.934
93.935
93.936
93.937
93.938
93.939
93.94
93.941
93.942
93.943
93.944
93.945
93.946
93.947
93.948
93.949
93.95
93.951
93.952
93.953
93.954
93.955
93.956
93.957
93.958
93.959
93.96
93.961
93.962
93.963
93.964
93.965
93.966
93.967
93.968
93.969
93.97
93.971
93.972
93.973
93.974
93.975
93.976
93.977
93.978
93.979
93.98
93.981
93.982
93.983
93.984
93.985
93.986
93.987
93.988
93.989
93.99
93.991
93.992
93.993
93.994
93.995
93.996
93.997
93.998
93.999
94
94.001
94.002
94.003
94.004
94.005
94.006
94.007
94.008
94.009
94.01
94.011
94.012
94.013
94.014
94.015
94.016
94.017
94.018
94.019
94.02
94.021
94.022
94.023
94.024
94.025
94.026
94.027
94.028
94.029
94.03
94.031
94.032
94.033
94.034
94.035
94.036
94.037
94.038
94.039
94.04
94.041
94.042
94.043
94.044
94.045
94.046
94.047
94.048
94.049
94.05
94.051
94.052
94.053
94.054
94.055
94.056
94.057
94.058
94.059
94.06
94.061
94.062
94.063
94.064
94.065
94.066
94.067
94.068
94.069
94.07
94.071
94.072
94.073
94.074
94.075
94.076
94.077
94.078
94.079
94.08
94.081
94.082
94.083
94.084
94.085
94.086
94.087
94.088
94.089
94.09
94.091
94.092
94.093
94.094
94.095
94.096
94.097
94.098
94.099
94.1
94.101
94.102
94.103
94.104
94.105
94.106
94.107
94.108
94.109
94.11
94.111
94.112
94.113
94.114
94.115
94.116
94.117
94.118
94.119
94.12
94.121
94.122
94.123
94.124
94.125
94.126
94.127
94.128
94.129
94.13
94.131
94.132
94.133
94.134
94.135
94.136
94.137
94.138
94.139
94.14
94.141
94.142
94.143
94.144
94.145
94.146
94.147
94.148
94.149
94.15
94.151
94.152
94.153
94.154
94.155
94.156
94.157
94.158
94.159
94.16
94.161
94.162
94.163
94.164
94.165
94.166
94.167
94.168
94.169
94.17
94.171
94.172
94.173
94.174
94.175
94.176
94.177
94.178
94.179
94.18
94.181
94.182
94.183
94.184
94.185
94.186
94.187
94.188
94.189
94.19
94.191
94.192
94.193
94.194
94.195
94.196
94.197
94.198
94.199
94.2
94.201
94.202
94.203
94.204
94.205
94.206
94.207
94.208
94.209
94.21
94.211
94.212
94.213
94.214
94.215
94.216
94.217
94.218
94.219
94.22
94.221
94.222
94.223
94.224
94.225
94.226
94.227
94.228
94.229
94.23
94.231
94.232
94.233
94.234
94.235
94.236
94.237
94.238
94.239
94.24
94.241
94.242
94.243
94.244
94.245
94.246
94.247
94.248
94.249
94.25
94.251
94.252
94.253
94.254
94.255
94.256
94.257
94.258
94.259
94.26
94.261
94.262
94.263
94.264
94.265
94.266
94.267
94.268
94.269
94.27
94.271
94.272
94.273
94.274
94.275
94.276
94.277
94.278
94.279
94.28
94.281
94.282
94.283
94.284
94.285
94.286
94.287
94.288
94.289
94.29
94.291
94.292
94.293
94.294
94.295
94.296
94.297
94.298
94.299
94.3
94.301
94.302
94.303
94.304
94.305
94.306
94.307
94.308
94.309
94.31
94.311
94.312
94.313
94.314
94.315
94.316
94.317
94.318
94.319
94.32
94.321
94.322
94.323
94.324
94.325
94.326
94.327
94.328
94.329
94.33
94.331
94.332
94.333
94.334
94.335
94.336
94.337
94.338
94.339
94.34
94.341
94.342
94.343
94.344
94.345
94.346
94.347
94.348
94.349
94.35
94.351
94.352
94.353
94.354
94.355
94.356
94.357
94.358
94.359
94.36
94.361
94.362
94.363
94.364
94.365
94.366
94.367
94.368
94.369
94.37
94.371
94.372
94.373
94.374
94.375
94.376
94.377
94.378
94.379
94.38
94.381
94.382
94.383
94.384
94.385
94.386
94.387
94.388
94.389
94.39
94.391
94.392
94.393
94.394
94.395
94.396
94.397
94.398
94.399
94.4
94.401
94.402
94.403
94.404
94.405
94.406
94.407
94.408
94.409
94.41
94.411
94.412
94.413
94.414
94.415
94.416
94.417
94.418
94.419
94.42
94.421
94.422
94.423
94.424
94.425
94.426
94.427
94.428
94.429
94.43
94.431
94.432
94.433
94.434
94.435
94.436
94.437
94.438
94.439
94.44
94.441
94.442
94.443
94.444
94.445
94.446
94.447
94.448
94.449
94.45
94.451
94.452
94.453
94.454
94.455
94.456
94.457
94.458
94.459
94.46
94.461
94.462
94.463
94.464
94.465
94.466
94.467
94.468
94.469
94.47
94.471
94.472
94.473
94.474
94.475
94.476
94.477
94.478
94.479
94.48
94.481
94.482
94.483
94.484
94.485
94.486
94.487
94.488
94.489
94.49
94.491
94.492
94.493
94.494
94.495
94.496
94.497
94.498
94.499
94.5
94.501
94.502
94.503
94.504
94.505
94.506
94.507
94.508
94.509
94.51
94.511
94.512
94.513
94.514
94.515
94.516
94.517
94.518
94.519
94.52
94.521
94.522
94.523
94.524
94.525
94.526
94.527
94.528
94.529
94.53
94.531
94.532
94.533
94.534
94.535
94.536
94.537
94.538
94.539
94.54
94.541
94.542
94.543
94.544
94.545
94.546
94.547
94.548
94.549
94.55
94.551
94.552
94.553
94.554
94.555
94.556
94.557
94.558
94.559
94.56
94.561
94.562
94.563
94.564
94.565
94.566
94.567
94.568
94.569
94.57
94.571
94.572
94.573
94.574
94.575
94.576
94.577
94.578
94.579
94.58
94.581
94.582
94.583
94.584
94.585
94.586
94.587
94.588
94.589
94.59
94.591
94.592
94.593
94.594
94.595
94.596
94.597
94.598
94.599
94.6
94.601
94.602
94.603
94.604
94.605
94.606
94.607
94.608
94.609
94.61
94.611
94.612
94.613
94.614
94.615
94.616
94.617
94.618
94.619
94.62
94.621
94.622
94.623
94.624
94.625
94.626
94.627
94.628
94.629
94.63
94.631
94.632
94.633
94.634
94.635
94.636
94.637
94.638
94.639
94.64
94.641
94.642
94.643
94.644
94.645
94.646
94.647
94.648
94.649
94.65
94.651
94.652
94.653
94.654
94.655
94.656
94.657
94.658
94.659
94.66
94.661
94.662
94.663
94.664
94.665
94.666
94.667
94.668
94.669
94.67
94.671
94.672
94.673
94.674
94.675
94.676
94.677
94.678
94.679
94.68
94.681
94.682
94.683
94.684
94.685
94.686
94.687
94.688
94.689
94.69
94.691
94.692
94.693
94.694
94.695
94.696
94.697
94.698
94.699
94.7
94.701
94.702
94.703
94.704
94.705
94.706
94.707
94.708
94.709
94.71
94.711
94.712
94.713
94.714
94.715
94.716
94.717
94.718
94.719
94.72
94.721
94.722
94.723
94.724
94.725
94.726
94.727
94.728
94.729
94.73
94.731
94.732
94.733
94.734
94.735
94.736
94.737
94.738
94.739
94.74
94.741
94.742
94.743
94.744
94.745
94.746
94.747
94.748
94.749
94.75
94.751
94.752
94.753
94.754
94.755
94.756
94.757
94.758
94.759
94.76
94.761
94.762
94.763
94.764
94.765
94.766
94.767
94.768
94.769
94.77
94.771
94.772
94.773
94.774
94.775
94.776
94.777
94.778
94.779
94.78
94.781
94.782
94.783
94.784
94.785
94.786
94.787
94.788
94.789
94.79
94.791
94.792
94.793
94.794
94.795
94.796
94.797
94.798
94.799
94.8
94.801
94.802
94.803
94.804
94.805
94.806
94.807
94.808
94.809
94.81
94.811
94.812
94.813
94.814
94.815
94.816
94.817
94.818
94.819
94.82
94.821
94.822
94.823
94.824
94.825
94.826
94.827
94.828
94.829
94.83
94.831
94.832
94.833
94.834
94.835
94.836
94.837
94.838
94.839
94.84
94.841
94.842
94.843
94.844
94.845
94.846
94.847
94.848
94.849
94.85
94.851
94.852
94.853
94.854
94.855
94.856
94.857
94.858
94.859
94.86
94.861
94.862
94.863
94.864
94.865
94.866
94.867
94.868
94.869
94.87
94.871
94.872
94.873
94.874
94.875
94.876
94.877
94.878
94.879
94.88
94.881
94.882
94.883
94.884
94.885
94.886
94.887
94.888
94.889
94.89
94.891
94.892
94.893
94.894
94.895
94.896
94.897
94.898
94.899
94.9
94.901
94.902
94.903
94.904
94.905
94.906
94.907
94.908
94.909
94.91
94.911
94.912
94.913
94.914
94.915
94.916
94.917
94.918
94.919
94.92
94.921
94.922
94.923
94.924
94.925
94.926
94.927
94.928
94.929
94.93
94.931
94.932
94.933
94.934
94.935
94.936
94.937
94.938
94.939
94.94
94.941
94.942
94.943
94.944
94.945
94.946
94.947
94.948
94.949
94.95
94.951
94.952
94.953
94.954
94.955
94.956
94.957
94.958
94.959
94.96
94.961
94.962
94.963
94.964
94.965
94.966
94.967
94.968
94.969
94.97
94.971
94.972
94.973
94.974
94.975
94.976
94.977
94.978
94.979
94.98
94.981
94.982
94.983
94.984
94.985
94.986
94.987
94.988
94.989
94.99
94.991
94.992
94.993
94.994
94.995
94.996
94.997
94.998
94.999
95
95.001
95.002
95.003
95.004
95.005
95.006
95.007
95.008
95.009
95.01
95.011
95.012
95.013
95.014
95.015
95.016
95.017
95.018
95.019
95.02
95.021
95.022
95.023
95.024
95.025
95.026
95.027
95.028
95.029
95.03
95.031
95.032
95.033
95.034
95.035
95.036
95.037
95.038
95.039
95.04
95.041
95.042
95.043
95.044
95.045
95.046
95.047
95.048
95.049
95.05
95.051
95.052
95.053
95.054
95.055
95.056
95.057
95.058
95.059
95.06
95.061
95.062
95.063
95.064
95.065
95.066
95.067
95.068
95.069
95.07
95.071
95.072
95.073
95.074
95.075
95.076
95.077
95.078
95.079
95.08
95.081
95.082
95.083
95.084
95.085
95.086
95.087
95.088
95.089
95.09
95.091
95.092
95.093
95.094
95.095
95.096
95.097
95.098
95.099
95.1
95.101
95.102
95.103
95.104
95.105
95.106
95.107
95.108
95.109
95.11
95.111
95.112
95.113
95.114
95.115
95.116
95.117
95.118
95.119
95.12
95.121
95.122
95.123
95.124
95.125
95.126
95.127
95.128
95.129
95.13
95.131
95.132
95.133
95.134
95.135
95.136
95.137
95.138
95.139
95.14
95.141
95.142
95.143
95.144
95.145
95.146
95.147
95.148
95.149
95.15
95.151
95.152
95.153
95.154
95.155
95.156
95.157
95.158
95.159
95.16
95.161
95.162
95.163
95.164
95.165
95.166
95.167
95.168
95.169
95.17
95.171
95.172
95.173
95.174
95.175
95.176
95.177
95.178
95.179
95.18
95.181
95.182
95.183
95.184
95.185
95.186
95.187
95.188
95.189
95.19
95.191
95.192
95.193
95.194
95.195
95.196
95.197
95.198
95.199
95.2
95.201
95.202
95.203
95.204
95.205
95.206
95.207
95.208
95.209
95.21
95.211
95.212
95.213
95.214
95.215
95.216
95.217
95.218
95.219
95.22
95.221
95.222
95.223
95.224
95.225
95.226
95.227
95.228
95.229
95.23
95.231
95.232
95.233
95.234
95.235
95.236
95.237
95.238
95.239
95.24
95.241
95.242
95.243
95.244
95.245
95.246
95.247
95.248
95.249
95.25
95.251
95.252
95.253
95.254
95.255
95.256
95.257
95.258
95.259
95.26
95.261
95.262
95.263
95.264
95.265
95.266
95.267
95.268
95.269
95.27
95.271
95.272
95.273
95.274
95.275
95.276
95.277
95.278
95.279
95.28
95.281
95.282
95.283
95.284
95.285
95.286
95.287
95.288
95.289
95.29
95.291
95.292
95.293
95.294
95.295
95.296
95.297
95.298
95.299
95.3
95.301
95.302
95.303
95.304
95.305
95.306
95.307
95.308
95.309
95.31
95.311
95.312
95.313
95.314
95.315
95.316
95.317
95.318
95.319
95.32
95.321
95.322
95.323
95.324
95.325
95.326
95.327
95.328
95.329
95.33
95.331
95.332
95.333
95.334
95.335
95.336
95.337
95.338
95.339
95.34
95.341
95.342
95.343
95.344
95.345
95.346
95.347
95.348
95.349
95.35
95.351
95.352
95.353
95.354
95.355
95.356
95.357
95.358
95.359
95.36
95.361
95.362
95.363
95.364
95.365
95.366
95.367
95.368
95.369
95.37
95.371
95.372
95.373
95.374
95.375
95.376
95.377
95.378
95.379
95.38
95.381
95.382
95.383
95.384
95.385
95.386
95.387
95.388
95.389
95.39
95.391
95.392
95.393
95.394
95.395
95.396
95.397
95.398
95.399
95.4
95.401
95.402
95.403
95.404
95.405
95.406
95.407
95.408
95.409
95.41
95.411
95.412
95.413
95.414
95.415
95.416
95.417
95.418
95.419
95.42
95.421
95.422
95.423
95.424
95.425
95.426
95.427
95.428
95.429
95.43
95.431
95.432
95.433
95.434
95.435
95.436
95.437
95.438
95.439
95.44
95.441
95.442
95.443
95.444
95.445
95.446
95.447
95.448
95.449
95.45
95.451
95.452
95.453
95.454
95.455
95.456
95.457
95.458
95.459
95.46
95.461
95.462
95.463
95.464
95.465
95.466
95.467
95.468
95.469
95.47
95.471
95.472
95.473
95.474
95.475
95.476
95.477
95.478
95.479
95.48
95.481
95.482
95.483
95.484
95.485
95.486
95.487
95.488
95.489
95.49
95.491
95.492
95.493
95.494
95.495
95.496
95.497
95.498
95.499
95.5
95.501
95.502
95.503
95.504
95.505
95.506
95.507
95.508
95.509
95.51
95.511
95.512
95.513
95.514
95.515
95.516
95.517
95.518
95.519
95.52
95.521
95.522
95.523
95.524
95.525
95.526
95.527
95.528
95.529
95.53
95.531
95.532
95.533
95.534
95.535
95.536
95.537
95.538
95.539
95.54
95.541
95.542
95.543
95.544
95.545
95.546
95.547
95.548
95.549
95.55
95.551
95.552
95.553
95.554
95.555
95.556
95.557
95.558
95.559
95.56
95.561
95.562
95.563
95.564
95.565
95.566
95.567
95.568
95.569
95.57
95.571
95.572
95.573
95.574
95.575
95.576
95.577
95.578
95.579
95.58
95.581
95.582
95.583
95.584
95.585
95.586
95.587
95.588
95.589
95.59
95.591
95.592
95.593
95.594
95.595
95.596
95.597
95.598
95.599
95.6
95.601
95.602
95.603
95.604
95.605
95.606
95.607
95.608
95.609
95.61
95.611
95.612
95.613
95.614
95.615
95.616
95.617
95.618
95.619
95.62
95.621
95.622
95.623
95.624
95.625
95.626
95.627
95.628
95.629
95.63
95.631
95.632
95.633
95.634
95.635
95.636
95.637
95.638
95.639
95.64
95.641
95.642
95.643
95.644
95.645
95.646
95.647
95.648
95.649
95.65
95.651
95.652
95.653
95.654
95.655
95.656
95.657
95.658
95.659
95.66
95.661
95.662
95.663
95.664
95.665
95.666
95.667
95.668
95.669
95.67
95.671
95.672
95.673
95.674
95.675
95.676
95.677
95.678
95.679
95.68
95.681
95.682
95.683
95.684
95.685
95.686
95.687
95.688
95.689
95.69
95.691
95.692
95.693
95.694
95.695
95.696
95.697
95.698
95.699
95.7
95.701
95.702
95.703
95.704
95.705
95.706
95.707
95.708
95.709
95.71
95.711
95.712
95.713
95.714
95.715
95.716
95.717
95.718
95.719
95.72
95.721
95.722
95.723
95.724
95.725
95.726
95.727
95.728
95.729
95.73
95.731
95.732
95.733
95.734
95.735
95.736
95.737
95.738
95.739
95.74
95.741
95.742
95.743
95.744
95.745
95.746
95.747
95.748
95.749
95.75
95.751
95.752
95.753
95.754
95.755
95.756
95.757
95.758
95.759
95.76
95.761
95.762
95.763
95.764
95.765
95.766
95.767
95.768
95.769
95.77
95.771
95.772
95.773
95.774
95.775
95.776
95.777
95.778
95.779
95.78
95.781
95.782
95.783
95.784
95.785
95.786
95.787
95.788
95.789
95.79
95.791
95.792
95.793
95.794
95.795
95.796
95.797
95.798
95.799
95.8
95.801
95.802
95.803
95.804
95.805
95.806
95.807
95.808
95.809
95.81
95.811
95.812
95.813
95.814
95.815
95.816
95.817
95.818
95.819
95.82
95.821
95.822
95.823
95.824
95.825
95.826
95.827
95.828
95.829
95.83
95.831
95.832
95.833
95.834
95.835
95.836
95.837
95.838
95.839
95.84
95.841
95.842
95.843
95.844
95.845
95.846
95.847
95.848
95.849
95.85
95.851
95.852
95.853
95.854
95.855
95.856
95.857
95.858
95.859
95.86
95.861
95.862
95.863
95.864
95.865
95.866
95.867
95.868
95.869
95.87
95.871
95.872
95.873
95.874
95.875
95.876
95.877
95.878
95.879
95.88
95.881
95.882
95.883
95.884
95.885
95.886
95.887
95.888
95.889
95.89
95.891
95.892
95.893
95.894
95.895
95.896
95.897
95.898
95.899
95.9
95.901
95.902
95.903
95.904
95.905
95.906
95.907
95.908
95.909
95.91
95.911
95.912
95.913
95.914
95.915
95.916
95.917
95.918
95.919
95.92
95.921
95.922
95.923
95.924
95.925
95.926
95.927
95.928
95.929
95.93
95.931
95.932
95.933
95.934
95.935
95.936
95.937
95.938
95.939
95.94
95.941
95.942
95.943
95.944
95.945
95.946
95.947
95.948
95.949
95.95
95.951
95.952
95.953
95.954
95.955
95.956
95.957
95.958
95.959
95.96
95.961
95.962
95.963
95.964
95.965
95.966
95.967
95.968
95.969
95.97
95.971
95.972
95.973
95.974
95.975
95.976
95.977
95.978
95.979
95.98
95.981
95.982
95.983
95.984
95.985
95.986
95.987
95.988
95.989
95.99
95.991
95.992
95.993
95.994
95.995
95.996
95.997
95.998
95.999
96
96.001
96.002
96.003
96.004
96.005
96.006
96.007
96.008
96.009
96.01
96.011
96.012
96.013
96.014
96.015
96.016
96.017
96.018
96.019
96.02
96.021
96.022
96.023
96.024
96.025
96.026
96.027
96.028
96.029
96.03
96.031
96.032
96.033
96.034
96.035
96.036
96.037
96.038
96.039
96.04
96.041
96.042
96.043
96.044
96.045
96.046
96.047
96.048
96.049
96.05
96.051
96.052
96.053
96.054
96.055
96.056
96.057
96.058
96.059
96.06
96.061
96.062
96.063
96.064
96.065
96.066
96.067
96.068
96.069
96.07
96.071
96.072
96.073
96.074
96.075
96.076
96.077
96.078
96.079
96.08
96.081
96.082
96.083
96.084
96.085
96.086
96.087
96.088
96.089
96.09
96.091
96.092
96.093
96.094
96.095
96.096
96.097
96.098
96.099
96.1
96.101
96.102
96.103
96.104
96.105
96.106
96.107
96.108
96.109
96.11
96.111
96.112
96.113
96.114
96.115
96.116
96.117
96.118
96.119
96.12
96.121
96.122
96.123
96.124
96.125
96.126
96.127
96.128
96.129
96.13
96.131
96.132
96.133
96.134
96.135
96.136
96.137
96.138
96.139
96.14
96.141
96.142
96.143
96.144
96.145
96.146
96.147
96.148
96.149
96.15
96.151
96.152
96.153
96.154
96.155
96.156
96.157
96.158
96.159
96.16
96.161
96.162
96.163
96.164
96.165
96.166
96.167
96.168
96.169
96.17
96.171
96.172
96.173
96.174
96.175
96.176
96.177
96.178
96.179
96.18
96.181
96.182
96.183
96.184
96.185
96.186
96.187
96.188
96.189
96.19
96.191
96.192
96.193
96.194
96.195
96.196
96.197
96.198
96.199
96.2
96.201
96.202
96.203
96.204
96.205
96.206
96.207
96.208
96.209
96.21
96.211
96.212
96.213
96.214
96.215
96.216
96.217
96.218
96.219
96.22
96.221
96.222
96.223
96.224
96.225
96.226
96.227
96.228
96.229
96.23
96.231
96.232
96.233
96.234
96.235
96.236
96.237
96.238
96.239
96.24
96.241
96.242
96.243
96.244
96.245
96.246
96.247
96.248
96.249
96.25
96.251
96.252
96.253
96.254
96.255
96.256
96.257
96.258
96.259
96.26
96.261
96.262
96.263
96.264
96.265
96.266
96.267
96.268
96.269
96.27
96.271
96.272
96.273
96.274
96.275
96.276
96.277
96.278
96.279
96.28
96.281
96.282
96.283
96.284
96.285
96.286
96.287
96.288
96.289
96.29
96.291
96.292
96.293
96.294
96.295
96.296
96.297
96.298
96.299
96.3
96.301
96.302
96.303
96.304
96.305
96.306
96.307
96.308
96.309
96.31
96.311
96.312
96.313
96.314
96.315
96.316
96.317
96.318
96.319
96.32
96.321
96.322
96.323
96.324
96.325
96.326
96.327
96.328
96.329
96.33
96.331
96.332
96.333
96.334
96.335
96.336
96.337
96.338
96.339
96.34
96.341
96.342
96.343
96.344
96.345
96.346
96.347
96.348
96.349
96.35
96.351
96.352
96.353
96.354
96.355
96.356
96.357
96.358
96.359
96.36
96.361
96.362
96.363
96.364
96.365
96.366
96.367
96.368
96.369
96.37
96.371
96.372
96.373
96.374
96.375
96.376
96.377
96.378
96.379
96.38
96.381
96.382
96.383
96.384
96.385
96.386
96.387
96.388
96.389
96.39
96.391
96.392
96.393
96.394
96.395
96.396
96.397
96.398
96.399
96.4
96.401
96.402
96.403
96.404
96.405
96.406
96.407
96.408
96.409
96.41
96.411
96.412
96.413
96.414
96.415
96.416
96.417
96.418
96.419
96.42
96.421
96.422
96.423
96.424
96.425
96.426
96.427
96.428
96.429
96.43
96.431
96.432
96.433
96.434
96.435
96.436
96.437
96.438
96.439
96.44
96.441
96.442
96.443
96.444
96.445
96.446
96.447
96.448
96.449
96.45
96.451
96.452
96.453
96.454
96.455
96.456
96.457
96.458
96.459
96.46
96.461
96.462
96.463
96.464
96.465
96.466
96.467
96.468
96.469
96.47
96.471
96.472
96.473
96.474
96.475
96.476
96.477
96.478
96.479
96.48
96.481
96.482
96.483
96.484
96.485
96.486
96.487
96.488
96.489
96.49
96.491
96.492
96.493
96.494
96.495
96.496
96.497
96.498
96.499
96.5
96.501
96.502
96.503
96.504
96.505
96.506
96.507
96.508
96.509
96.51
96.511
96.512
96.513
96.514
96.515
96.516
96.517
96.518
96.519
96.52
96.521
96.522
96.523
96.524
96.525
96.526
96.527
96.528
96.529
96.53
96.531
96.532
96.533
96.534
96.535
96.536
96.537
96.538
96.539
96.54
96.541
96.542
96.543
96.544
96.545
96.546
96.547
96.548
96.549
96.55
96.551
96.552
96.553
96.554
96.555
96.556
96.557
96.558
96.559
96.56
96.561
96.562
96.563
96.564
96.565
96.566
96.567
96.568
96.569
96.57
96.571
96.572
96.573
96.574
96.575
96.576
96.577
96.578
96.579
96.58
96.581
96.582
96.583
96.584
96.585
96.586
96.587
96.588
96.589
96.59
96.591
96.592
96.593
96.594
96.595
96.596
96.597
96.598
96.599
96.6
96.601
96.602
96.603
96.604
96.605
96.606
96.607
96.608
96.609
96.61
96.611
96.612
96.613
96.614
96.615
96.616
96.617
96.618
96.619
96.62
96.621
96.622
96.623
96.624
96.625
96.626
96.627
96.628
96.629
96.63
96.631
96.632
96.633
96.634
96.635
96.636
96.637
96.638
96.639
96.64
96.641
96.642
96.643
96.644
96.645
96.646
96.647
96.648
96.649
96.65
96.651
96.652
96.653
96.654
96.655
96.656
96.657
96.658
96.659
96.66
96.661
96.662
96.663
96.664
96.665
96.666
96.667
96.668
96.669
96.67
96.671
96.672
96.673
96.674
96.675
96.676
96.677
96.678
96.679
96.68
96.681
96.682
96.683
96.684
96.685
96.686
96.687
96.688
96.689
96.69
96.691
96.692
96.693
96.694
96.695
96.696
96.697
96.698
96.699
96.7
96.701
96.702
96.703
96.704
96.705
96.706
96.707
96.708
96.709
96.71
96.711
96.712
96.713
96.714
96.715
96.716
96.717
96.718
96.719
96.72
96.721
96.722
96.723
96.724
96.725
96.726
96.727
96.728
96.729
96.73
96.731
96.732
96.733
96.734
96.735
96.736
96.737
96.738
96.739
96.74
96.741
96.742
96.743
96.744
96.745
96.746
96.747
96.748
96.749
96.75
96.751
96.752
96.753
96.754
96.755
96.756
96.757
96.758
96.759
96.76
96.761
96.762
96.763
96.764
96.765
96.766
96.767
96.768
96.769
96.77
96.771
96.772
96.773
96.774
96.775
96.776
96.777
96.778
96.779
96.78
96.781
96.782
96.783
96.784
96.785
96.786
96.787
96.788
96.789
96.79
96.791
96.792
96.793
96.794
96.795
96.796
96.797
96.798
96.799
96.8
96.801
96.802
96.803
96.804
96.805
96.806
96.807
96.808
96.809
96.81
96.811
96.812
96.813
96.814
96.815
96.816
96.817
96.818
96.819
96.82
96.821
96.822
96.823
96.824
96.825
96.826
96.827
96.828
96.829
96.83
96.831
96.832
96.833
96.834
96.835
96.836
96.837
96.838
96.839
96.84
96.841
96.842
96.843
96.844
96.845
96.846
96.847
96.848
96.849
96.85
96.851
96.852
96.853
96.854
96.855
96.856
96.857
96.858
96.859
96.86
96.861
96.862
96.863
96.864
96.865
96.866
96.867
96.868
96.869
96.87
96.871
96.872
96.873
96.874
96.875
96.876
96.877
96.878
96.879
96.88
96.881
96.882
96.883
96.884
96.885
96.886
96.887
96.888
96.889
96.89
96.891
96.892
96.893
96.894
96.895
96.896
96.897
96.898
96.899
96.9
96.901
96.902
96.903
96.904
96.905
96.906
96.907
96.908
96.909
96.91
96.911
96.912
96.913
96.914
96.915
96.916
96.917
96.918
96.919
96.92
96.921
96.922
96.923
96.924
96.925
96.926
96.927
96.928
96.929
96.93
96.931
96.932
96.933
96.934
96.935
96.936
96.937
96.938
96.939
96.94
96.941
96.942
96.943
96.944
96.945
96.946
96.947
96.948
96.949
96.95
96.951
96.952
96.953
96.954
96.955
96.956
96.957
96.958
96.959
96.96
96.961
96.962
96.963
96.964
96.965
96.966
96.967
96.968
96.969
96.97
96.971
96.972
96.973
96.974
96.975
96.976
96.977
96.978
96.979
96.98
96.981
96.982
96.983
96.984
96.985
96.986
96.987
96.988
96.989
96.99
96.991
96.992
96.993
96.994
96.995
96.996
96.997
96.998
96.999
97
97.001
97.002
97.003
97.004
97.005
97.006
97.007
97.008
97.009
97.01
97.011
97.012
97.013
97.014
97.015
97.016
97.017
97.018
97.019
97.02
97.021
97.022
97.023
97.024
97.025
97.026
97.027
97.028
97.029
97.03
97.031
97.032
97.033
97.034
97.035
97.036
97.037
97.038
97.039
97.04
97.041
97.042
97.043
97.044
97.045
97.046
97.047
97.048
97.049
97.05
97.051
97.052
97.053
97.054
97.055
97.056
97.057
97.058
97.059
97.06
97.061
97.062
97.063
97.064
97.065
97.066
97.067
97.068
97.069
97.07
97.071
97.072
97.073
97.074
97.075
97.076
97.077
97.078
97.079
97.08
97.081
97.082
97.083
97.084
97.085
97.086
97.087
97.088
97.089
97.09
97.091
97.092
97.093
97.094
97.095
97.096
97.097
97.098
97.099
97.1
97.101
97.102
97.103
97.104
97.105
97.106
97.107
97.108
97.109
97.11
97.111
97.112
97.113
97.114
97.115
97.116
97.117
97.118
97.119
97.12
97.121
97.122
97.123
97.124
97.125
97.126
97.127
97.128
97.129
97.13
97.131
97.132
97.133
97.134
97.135
97.136
97.137
97.138
97.139
97.14
97.141
97.142
97.143
97.144
97.145
97.146
97.147
97.148
97.149
97.15
97.151
97.152
97.153
97.154
97.155
97.156
97.157
97.158
97.159
97.16
97.161
97.162
97.163
97.164
97.165
97.166
97.167
97.168
97.169
97.17
97.171
97.172
97.173
97.174
97.175
97.176
97.177
97.178
97.179
97.18
97.181
97.182
97.183
97.184
97.185
97.186
97.187
97.188
97.189
97.19
97.191
97.192
97.193
97.194
97.195
97.196
97.197
97.198
97.199
97.2
97.201
97.202
97.203
97.204
97.205
97.206
97.207
97.208
97.209
97.21
97.211
97.212
97.213
97.214
97.215
97.216
97.217
97.218
97.219
97.22
97.221
97.222
97.223
97.224
97.225
97.226
97.227
97.228
97.229
97.23
97.231
97.232
97.233
97.234
97.235
97.236
97.237
97.238
97.239
97.24
97.241
97.242
97.243
97.244
97.245
97.246
97.247
97.248
97.249
97.25
97.251
97.252
97.253
97.254
97.255
97.256
97.257
97.258
97.259
97.26
97.261
97.262
97.263
97.264
97.265
97.266
97.267
97.268
97.269
97.27
97.271
97.272
97.273
97.274
97.275
97.276
97.277
97.278
97.279
97.28
97.281
97.282
97.283
97.284
97.285
97.286
97.287
97.288
97.289
97.29
97.291
97.292
97.293
97.294
97.295
97.296
97.297
97.298
97.299
97.3
97.301
97.302
97.303
97.304
97.305
97.306
97.307
97.308
97.309
97.31
97.311
97.312
97.313
97.314
97.315
97.316
97.317
97.318
97.319
97.32
97.321
97.322
97.323
97.324
97.325
97.326
97.327
97.328
97.329
97.33
97.331
97.332
97.333
97.334
97.335
97.336
97.337
97.338
97.339
97.34
97.341
97.342
97.343
97.344
97.345
97.346
97.347
97.348
97.349
97.35
97.351
97.352
97.353
97.354
97.355
97.356
97.357
97.358
97.359
97.36
97.361
97.362
97.363
97.364
97.365
97.366
97.367
97.368
97.369
97.37
97.371
97.372
97.373
97.374
97.375
97.376
97.377
97.378
97.379
97.38
97.381
97.382
97.383
97.384
97.385
97.386
97.387
97.388
97.389
97.39
97.391
97.392
97.393
97.394
97.395
97.396
97.397
97.398
97.399
97.4
97.401
97.402
97.403
97.404
97.405
97.406
97.407
97.408
97.409
97.41
97.411
97.412
97.413
97.414
97.415
97.416
97.417
97.418
97.419
97.42
97.421
97.422
97.423
97.424
97.425
97.426
97.427
97.428
97.429
97.43
97.431
97.432
97.433
97.434
97.435
97.436
97.437
97.438
97.439
97.44
97.441
97.442
97.443
97.444
97.445
97.446
97.447
97.448
97.449
97.45
97.451
97.452
97.453
97.454
97.455
97.456
97.457
97.458
97.459
97.46
97.461
97.462
97.463
97.464
97.465
97.466
97.467
97.468
97.469
97.47
97.471
97.472
97.473
97.474
97.475
97.476
97.477
97.478
97.479
97.48
97.481
97.482
97.483
97.484
97.485
97.486
97.487
97.488
97.489
97.49
97.491
97.492
97.493
97.494
97.495
97.496
97.497
97.498
97.499
97.5
97.501
97.502
97.503
97.504
97.505
97.506
97.507
97.508
97.509
97.51
97.511
97.512
97.513
97.514
97.515
97.516
97.517
97.518
97.519
97.52
97.521
97.522
97.523
97.524
97.525
97.526
97.527
97.528
97.529
97.53
97.531
97.532
97.533
97.534
97.535
97.536
97.537
97.538
97.539
97.54
97.541
97.542
97.543
97.544
97.545
97.546
97.547
97.548
97.549
97.55
97.551
97.552
97.553
97.554
97.555
97.556
97.557
97.558
97.559
97.56
97.561
97.562
97.563
97.564
97.565
97.566
97.567
97.568
97.569
97.57
97.571
97.572
97.573
97.574
97.575
97.576
97.577
97.578
97.579
97.58
97.581
97.582
97.583
97.584
97.585
97.586
97.587
97.588
97.589
97.59
97.591
97.592
97.593
97.594
97.595
97.596
97.597
97.598
97.599
97.6
97.601
97.602
97.603
97.604
97.605
97.606
97.607
97.608
97.609
97.61
97.611
97.612
97.613
97.614
97.615
97.616
97.617
97.618
97.619
97.62
97.621
97.622
97.623
97.624
97.625
97.626
97.627
97.628
97.629
97.63
97.631
97.632
97.633
97.634
97.635
97.636
97.637
97.638
97.639
97.64
97.641
97.642
97.643
97.644
97.645
97.646
97.647
97.648
97.649
97.65
97.651
97.652
97.653
97.654
97.655
97.656
97.657
97.658
97.659
97.66
97.661
97.662
97.663
97.664
97.665
97.666
97.667
97.668
97.669
97.67
97.671
97.672
97.673
97.674
97.675
97.676
97.677
97.678
97.679
97.68
97.681
97.682
97.683
97.684
97.685
97.686
97.687
97.688
97.689
97.69
97.691
97.692
97.693
97.694
97.695
97.696
97.697
97.698
97.699
97.7
97.701
97.702
97.703
97.704
97.705
97.706
97.707
97.708
97.709
97.71
97.711
97.712
97.713
97.714
97.715
97.716
97.717
97.718
97.719
97.72
97.721
97.722
97.723
97.724
97.725
97.726
97.727
97.728
97.729
97.73
97.731
97.732
97.733
97.734
97.735
97.736
97.737
97.738
97.739
97.74
97.741
97.742
97.743
97.744
97.745
97.746
97.747
97.748
97.749
97.75
97.751
97.752
97.753
97.754
97.755
97.756
97.757
97.758
97.759
97.76
97.761
97.762
97.763
97.764
97.765
97.766
97.767
97.768
97.769
97.77
97.771
97.772
97.773
97.774
97.775
97.776
97.777
97.778
97.779
97.78
97.781
97.782
97.783
97.784
97.785
97.786
97.787
97.788
97.789
97.79
97.791
97.792
97.793
97.794
97.795
97.796
97.797
97.798
97.799
97.8
97.801
97.802
97.803
97.804
97.805
97.806
97.807
97.808
97.809
97.81
97.811
97.812
97.813
97.814
97.815
97.816
97.817
97.818
97.819
97.82
97.821
97.822
97.823
97.824
97.825
97.826
97.827
97.828
97.829
97.83
97.831
97.832
97.833
97.834
97.835
97.836
97.837
97.838
97.839
97.84
97.841
97.842
97.843
97.844
97.845
97.846
97.847
97.848
97.849
97.85
97.851
97.852
97.853
97.854
97.855
97.856
97.857
97.858
97.859
97.86
97.861
97.862
97.863
97.864
97.865
97.866
97.867
97.868
97.869
97.87
97.871
97.872
97.873
97.874
97.875
97.876
97.877
97.878
97.879
97.88
97.881
97.882
97.883
97.884
97.885
97.886
97.887
97.888
97.889
97.89
97.891
97.892
97.893
97.894
97.895
97.896
97.897
97.898
97.899
97.9
97.901
97.902
97.903
97.904
97.905
97.906
97.907
97.908
97.909
97.91
97.911
97.912
97.913
97.914
97.915
97.916
97.917
97.918
97.919
97.92
97.921
97.922
97.923
97.924
97.925
97.926
97.927
97.928
97.929
97.93
97.931
97.932
97.933
97.934
97.935
97.936
97.937
97.938
97.939
97.94
97.941
97.942
97.943
97.944
97.945
97.946
97.947
97.948
97.949
97.95
97.951
97.952
97.953
97.954
97.955
97.956
97.957
97.958
97.959
97.96
97.961
97.962
97.963
97.964
97.965
97.966
97.967
97.968
97.969
97.97
97.971
97.972
97.973
97.974
97.975
97.976
97.977
97.978
97.979
97.98
97.981
97.982
97.983
97.984
97.985
97.986
97.987
97.988
97.989
97.99
97.991
97.992
97.993
97.994
97.995
97.996
97.997
97.998
97.999
98
98.001
98.002
98.003
98.004
98.005
98.006
98.007
98.008
98.009
98.01
98.011
98.012
98.013
98.014
98.015
98.016
98.017
98.018
98.019
98.02
98.021
98.022
98.023
98.024
98.025
98.026
98.027
98.028
98.029
98.03
98.031
98.032
98.033
98.034
98.035
98.036
98.037
98.038
98.039
98.04
98.041
98.042
98.043
98.044
98.045
98.046
98.047
98.048
98.049
98.05
98.051
98.052
98.053
98.054
98.055
98.056
98.057
98.058
98.059
98.06
98.061
98.062
98.063
98.064
98.065
98.066
98.067
98.068
98.069
98.07
98.071
98.072
98.073
98.074
98.075
98.076
98.077
98.078
98.079
98.08
98.081
98.082
98.083
98.084
98.085
98.086
98.087
98.088
98.089
98.09
98.091
98.092
98.093
98.094
98.095
98.096
98.097
98.098
98.099
98.1
98.101
98.102
98.103
98.104
98.105
98.106
98.107
98.108
98.109
98.11
98.111
98.112
98.113
98.114
98.115
98.116
98.117
98.118
98.119
98.12
98.121
98.122
98.123
98.124
98.125
98.126
98.127
98.128
98.129
98.13
98.131
98.132
98.133
98.134
98.135
98.136
98.137
98.138
98.139
98.14
98.141
98.142
98.143
98.144
98.145
98.146
98.147
98.148
98.149
98.15
98.151
98.152
98.153
98.154
98.155
98.156
98.157
98.158
98.159
98.16
98.161
98.162
98.163
98.164
98.165
98.166
98.167
98.168
98.169
98.17
98.171
98.172
98.173
98.174
98.175
98.176
98.177
98.178
98.179
98.18
98.181
98.182
98.183
98.184
98.185
98.186
98.187
98.188
98.189
98.19
98.191
98.192
98.193
98.194
98.195
98.196
98.197
98.198
98.199
98.2
98.201
98.202
98.203
98.204
98.205
98.206
98.207
98.208
98.209
98.21
98.211
98.212
98.213
98.214
98.215
98.216
98.217
98.218
98.219
98.22
98.221
98.222
98.223
98.224
98.225
98.226
98.227
98.228
98.229
98.23
98.231
98.232
98.233
98.234
98.235
98.236
98.237
98.238
98.239
98.24
98.241
98.242
98.243
98.244
98.245
98.246
98.247
98.248
98.249
98.25
98.251
98.252
98.253
98.254
98.255
98.256
98.257
98.258
98.259
98.26
98.261
98.262
98.263
98.264
98.265
98.266
98.267
98.268
98.269
98.27
98.271
98.272
98.273
98.274
98.275
98.276
98.277
98.278
98.279
98.28
98.281
98.282
98.283
98.284
98.285
98.286
98.287
98.288
98.289
98.29
98.291
98.292
98.293
98.294
98.295
98.296
98.297
98.298
98.299
98.3
98.301
98.302
98.303
98.304
98.305
98.306
98.307
98.308
98.309
98.31
98.311
98.312
98.313
98.314
98.315
98.316
98.317
98.318
98.319
98.32
98.321
98.322
98.323
98.324
98.325
98.326
98.327
98.328
98.329
98.33
98.331
98.332
98.333
98.334
98.335
98.336
98.337
98.338
98.339
98.34
98.341
98.342
98.343
98.344
98.345
98.346
98.347
98.348
98.349
98.35
98.351
98.352
98.353
98.354
98.355
98.356
98.357
98.358
98.359
98.36
98.361
98.362
98.363
98.364
98.365
98.366
98.367
98.368
98.369
98.37
98.371
98.372
98.373
98.374
98.375
98.376
98.377
98.378
98.379
98.38
98.381
98.382
98.383
98.384
98.385
98.386
98.387
98.388
98.389
98.39
98.391
98.392
98.393
98.394
98.395
98.396
98.397
98.398
98.399
98.4
98.401
98.402
98.403
98.404
98.405
98.406
98.407
98.408
98.409
98.41
98.411
98.412
98.413
98.414
98.415
98.416
98.417
98.418
98.419
98.42
98.421
98.422
98.423
98.424
98.425
98.426
98.427
98.428
98.429
98.43
98.431
98.432
98.433
98.434
98.435
98.436
98.437
98.438
98.439
98.44
98.441
98.442
98.443
98.444
98.445
98.446
98.447
98.448
98.449
98.45
98.451
98.452
98.453
98.454
98.455
98.456
98.457
98.458
98.459
98.46
98.461
98.462
98.463
98.464
98.465
98.466
98.467
98.468
98.469
98.47
98.471
98.472
98.473
98.474
98.475
98.476
98.477
98.478
98.479
98.48
98.481
98.482
98.483
98.484
98.485
98.486
98.487
98.488
98.489
98.49
98.491
98.492
98.493
98.494
98.495
98.496
98.497
98.498
98.499
98.5
98.501
98.502
98.503
98.504
98.505
98.506
98.507
98.508
98.509
98.51
98.511
98.512
98.513
98.514
98.515
98.516
98.517
98.518
98.519
98.52
98.521
98.522
98.523
98.524
98.525
98.526
98.527
98.528
98.529
98.53
98.531
98.532
98.533
98.534
98.535
98.536
98.537
98.538
98.539
98.54
98.541
98.542
98.543
98.544
98.545
98.546
98.547
98.548
98.549
98.55
98.551
98.552
98.553
98.554
98.555
98.556
98.557
98.558
98.559
98.56
98.561
98.562
98.563
98.564
98.565
98.566
98.567
98.568
98.569
98.57
98.571
98.572
98.573
98.574
98.575
98.576
98.577
98.578
98.579
98.58
98.581
98.582
98.583
98.584
98.585
98.586
98.587
98.588
98.589
98.59
98.591
98.592
98.593
98.594
98.595
98.596
98.597
98.598
98.599
98.6
98.601
98.602
98.603
98.604
98.605
98.606
98.607
98.608
98.609
98.61
98.611
98.612
98.613
98.614
98.615
98.616
98.617
98.618
98.619
98.62
98.621
98.622
98.623
98.624
98.625
98.626
98.627
98.628
98.629
98.63
98.631
98.632
98.633
98.634
98.635
98.636
98.637
98.638
98.639
98.64
98.641
98.642
98.643
98.644
98.645
98.646
98.647
98.648
98.649
98.65
98.651
98.652
98.653
98.654
98.655
98.656
98.657
98.658
98.659
98.66
98.661
98.662
98.663
98.664
98.665
98.666
98.667
98.668
98.669
98.67
98.671
98.672
98.673
98.674
98.675
98.676
98.677
98.678
98.679
98.68
98.681
98.682
98.683
98.684
98.685
98.686
98.687
98.688
98.689
98.69
98.691
98.692
98.693
98.694
98.695
98.696
98.697
98.698
98.699
98.7
98.701
98.702
98.703
98.704
98.705
98.706
98.707
98.708
98.709
98.71
98.711
98.712
98.713
98.714
98.715
98.716
98.717
98.718
98.719
98.72
98.721
98.722
98.723
98.724
98.725
98.726
98.727
98.728
98.729
98.73
98.731
98.732
98.733
98.734
98.735
98.736
98.737
98.738
98.739
98.74
98.741
98.742
98.743
98.744
98.745
98.746
98.747
98.748
98.749
98.75
98.751
98.752
98.753
98.754
98.755
98.756
98.757
98.758
98.759
98.76
98.761
98.762
98.763
98.764
98.765
98.766
98.767
98.768
98.769
98.77
98.771
98.772
98.773
98.774
98.775
98.776
98.777
98.778
98.779
98.78
98.781
98.782
98.783
98.784
98.785
98.786
98.787
98.788
98.789
98.79
98.791
98.792
98.793
98.794
98.795
98.796
98.797
98.798
98.799
98.8
98.801
98.802
98.803
98.804
98.805
98.806
98.807
98.808
98.809
98.81
98.811
98.812
98.813
98.814
98.815
98.816
98.817
98.818
98.819
98.82
98.821
98.822
98.823
98.824
98.825
98.826
98.827
98.828
98.829
98.83
98.831
98.832
98.833
98.834
98.835
98.836
98.837
98.838
98.839
98.84
98.841
98.842
98.843
98.844
98.845
98.846
98.847
98.848
98.849
98.85
98.851
98.852
98.853
98.854
98.855
98.856
98.857
98.858
98.859
98.86
98.861
98.862
98.863
98.864
98.865
98.866
98.867
98.868
98.869
98.87
98.871
98.872
98.873
98.874
98.875
98.876
98.877
98.878
98.879
98.88
98.881
98.882
98.883
98.884
98.885
98.886
98.887
98.888
98.889
98.89
98.891
98.892
98.893
98.894
98.895
98.896
98.897
98.898
98.899
98.9
98.901
98.902
98.903
98.904
98.905
98.906
98.907
98.908
98.909
98.91
98.911
98.912
98.913
98.914
98.915
98.916
98.917
98.918
98.919
98.92
98.921
98.922
98.923
98.924
98.925
98.926
98.927
98.928
98.929
98.93
98.931
98.932
98.933
98.934
98.935
98.936
98.937
98.938
98.939
98.94
98.941
98.942
98.943
98.944
98.945
98.946
98.947
98.948
98.949
98.95
98.951
98.952
98.953
98.954
98.955
98.956
98.957
98.958
98.959
98.96
98.961
98.962
98.963
98.964
98.965
98.966
98.967
98.968
98.969
98.97
98.971
98.972
98.973
98.974
98.975
98.976
98.977
98.978
98.979
98.98
98.981
98.982
98.983
98.984
98.985
98.986
98.987
98.988
98.989
98.99
98.991
98.992
98.993
98.994
98.995
98.996
98.997
98.998
98.999
99
99.001
99.002
99.003
99.004
99.005
99.006
99.007
99.008
99.009
99.01
99.011
99.012
99.013
99.014
99.015
99.016
99.017
99.018
99.019
99.02
99.021
99.022
99.023
99.024
99.025
99.026
99.027
99.028
99.029
99.03
99.031
99.032
99.033
99.034
99.035
99.036
99.037
99.038
99.039
99.04
99.041
99.042
99.043
99.044
99.045
99.046
99.047
99.048
99.049
99.05
99.051
99.052
99.053
99.054
99.055
99.056
99.057
99.058
99.059
99.06
99.061
99.062
99.063
99.064
99.065
99.066
99.067
99.068
99.069
99.07
99.071
99.072
99.073
99.074
99.075
99.076
99.077
99.078
99.079
99.08
99.081
99.082
99.083
99.084
99.085
99.086
99.087
99.088
99.089
99.09
99.091
99.092
99.093
99.094
99.095
99.096
99.097
99.098
99.099
99.1
99.101
99.102
99.103
99.104
99.105
99.106
99.107
99.108
99.109
99.11
99.111
99.112
99.113
99.114
99.115
99.116
99.117
99.118
99.119
99.12
99.121
99.122
99.123
99.124
99.125
99.126
99.127
99.128
99.129
99.13
99.131
99.132
99.133
99.134
99.135
99.136
99.137
99.138
99.139
99.14
99.141
99.142
99.143
99.144
99.145
99.146
99.147
99.148
99.149
99.15
99.151
99.152
99.153
99.154
99.155
99.156
99.157
99.158
99.159
99.16
99.161
99.162
99.163
99.164
99.165
99.166
99.167
99.168
99.169
99.17
99.171
99.172
99.173
99.174
99.175
99.176
99.177
99.178
99.179
99.18
99.181
99.182
99.183
99.184
99.185
99.186
99.187
99.188
99.189
99.19
99.191
99.192
99.193
99.194
99.195
99.196
99.197
99.198
99.199
99.2
99.201
99.202
99.203
99.204
99.205
99.206
99.207
99.208
99.209
99.21
99.211
99.212
99.213
99.214
99.215
99.216
99.217
99.218
99.219
99.22
99.221
99.222
99.223
99.224
99.225
99.226
99.227
99.228
99.229
99.23
99.231
99.232
99.233
99.234
99.235
99.236
99.237
99.238
99.239
99.24
99.241
99.242
99.243
99.244
99.245
99.246
99.247
99.248
99.249
99.25
99.251
99.252
99.253
99.254
99.255
99.256
99.257
99.258
99.259
99.26
99.261
99.262
99.263
99.264
99.265
99.266
99.267
99.268
99.269
99.27
99.271
99.272
99.273
99.274
99.275
99.276
99.277
99.278
99.279
99.28
99.281
99.282
99.283
99.284
99.285
99.286
99.287
99.288
99.289
99.29
99.291
99.292
99.293
99.294
99.295
99.296
99.297
99.298
99.299
99.3
99.301
99.302
99.303
99.304
99.305
99.306
99.307
99.308
99.309
99.31
99.311
99.312
99.313
99.314
99.315
99.316
99.317
99.318
99.319
99.32
99.321
99.322
99.323
99.324
99.325
99.326
99.327
99.328
99.329
99.33
99.331
99.332
99.333
99.334
99.335
99.336
99.337
99.338
99.339
99.34
99.341
99.342
99.343
99.344
99.345
99.346
99.347
99.348
99.349
99.35
99.351
99.352
99.353
99.354
99.355
99.356
99.357
99.358
99.359
99.36
99.361
99.362
99.363
99.364
99.365
99.366
99.367
99.368
99.369
99.37
99.371
99.372
99.373
99.374
99.375
99.376
99.377
99.378
99.379
99.38
99.381
99.382
99.383
99.384
99.385
99.386
99.387
99.388
99.389
99.39
99.391
99.392
99.393
99.394
99.395
99.396
99.397
99.398
99.399
99.4
99.401
99.402
99.403
99.404
99.405
99.406
99.407
99.408
99.409
99.41
99.411
99.412
99.413
99.414
99.415
99.416
99.417
99.418
99.419
99.42
99.421
99.422
99.423
99.424
99.425
99.426
99.427
99.428
99.429
99.43
99.431
99.432
99.433
99.434
99.435
99.436
99.437
99.438
99.439
99.44
99.441
99.442
99.443
99.444
99.445
99.446
99.447
99.448
99.449
99.45
99.451
99.452
99.453
99.454
99.455
99.456
99.457
99.458
99.459
99.46
99.461
99.462
99.463
99.464
99.465
99.466
99.467
99.468
99.469
99.47
99.471
99.472
99.473
99.474
99.475
99.476
99.477
99.478
99.479
99.48
99.481
99.482
99.483
99.484
99.485
99.486
99.487
99.488
99.489
99.49
99.491
99.492
99.493
99.494
99.495
99.496
99.497
99.498
99.499
99.5
99.501
99.502
99.503
99.504
99.505
99.506
99.507
99.508
99.509
99.51
99.511
99.512
99.513
99.514
99.515
99.516
99.517
99.518
99.519
99.52
99.521
99.522
99.523
99.524
99.525
99.526
99.527
99.528
99.529
99.53
99.531
99.532
99.533
99.534
99.535
99.536
99.537
99.538
99.539
99.54
99.541
99.542
99.543
99.544
99.545
99.546
99.547
99.548
99.549
99.55
99.551
99.552
99.553
99.554
99.555
99.556
99.557
99.558
99.559
99.56
99.561
99.562
99.563
99.564
99.565
99.566
99.567
99.568
99.569
99.57
99.571
99.572
99.573
99.574
99.575
99.576
99.577
99.578
99.579
99.58
99.581
99.582
99.583
99.584
99.585
99.586
99.587
99.588
99.589
99.59
99.591
99.592
99.593
99.594
99.595
99.596
99.597
99.598
99.599
99.6
99.601
99.602
99.603
99.604
99.605
99.606
99.607
99.608
99.609
99.61
99.611
99.612
99.613
99.614
99.615
99.616
99.617
99.618
99.619
99.62
99.621
99.622
99.623
99.624
99.625
99.626
99.627
99.628
99.629
99.63
99.631
99.632
99.633
99.634
99.635
99.636
99.637
99.638
99.639
99.64
99.641
99.642
99.643
99.644
99.645
99.646
99.647
99.648
99.649
99.65
99.651
99.652
99.653
99.654
99.655
99.656
99.657
99.658
99.659
99.66
99.661
99.662
99.663
99.664
99.665
99.666
99.667
99.668
99.669
99.67
99.671
99.672
99.673
99.674
99.675
99.676
99.677
99.678
99.679
99.68
99.681
99.682
99.683
99.684
99.685
99.686
99.687
99.688
99.689
99.69
99.691
99.692
99.693
99.694
99.695
99.696
99.697
99.698
99.699
99.7
99.701
99.702
99.703
99.704
99.705
99.706
99.707
99.708
99.709
99.71
99.711
99.712
99.713
99.714
99.715
99.716
99.717
99.718
99.719
99.72
99.721
99.722
99.723
99.724
99.725
99.726
99.727
99.728
99.729
99.73
99.731
99.732
99.733
99.734
99.735
99.736
99.737
99.738
99.739
99.74
99.741
99.742
99.743
99.744
99.745
99.746
99.747
99.748
99.749
99.75
99.751
99.752
99.753
99.754
99.755
99.756
99.757
99.758
99.759
99.76
99.761
99.762
99.763
99.764
99.765
99.766
99.767
99.768
99.769
99.77
99.771
99.772
99.773
99.774
99.775
99.776
99.777
99.778
99.779
99.78
99.781
99.782
99.783
99.784
99.785
99.786
99.787
99.788
99.789
99.79
99.791
99.792
99.793
99.794
99.795
99.796
99.797
99.798
99.799
99.8
99.801
99.802
99.803
99.804
99.805
99.806
99.807
99.808
99.809
99.81
99.811
99.812
99.813
99.814
99.815
99.816
99.817
99.818
99.819
99.82
99.821
99.822
99.823
99.824
99.825
99.826
99.827
99.828
99.829
99.83
99.831
99.832
99.833
99.834
99.835
99.836
99.837
99.838
99.839
99.84
99.841
99.842
99.843
99.844
99.845
99.846
99.847
99.848
99.849
99.85
99.851
99.852
99.853
99.854
99.855
99.856
99.857
99.858
99.859
99.86
99.861
99.862
99.863
99.864
99.865
99.866
99.867
99.868
99.869
99.87
99.871
99.872
99.873
99.874
99.875
99.876
99.877
99.878
99.879
99.88
99.881
99.882
99.883
99.884
99.885
99.886
99.887
99.888
99.889
99.89
99.891
99.892
99.893
99.894
99.895
99.896
99.897
99.898
99.899
99.9
99.901
99.902
99.903
99.904
99.905
99.906
99.907
99.908
99.909
99.91
99.911
99.912
99.913
99.914
99.915
99.916
99.917
99.918
99.919
99.92
99.921
99.922
99.923
99.924
99.925
99.926
99.927
99.928
99.929
99.93
99.931
99.932
99.933
99.934
99.935
99.936
99.937
99.938
99.939
99.94
99.941
99.942
99.943
99.944
99.945
99.946
99.947
99.948
99.949
99.95
99.951
99.952
99.953
99.954
99.955
99.956
99.957
99.958
99.959
99.96
99.961
99.962
99.963
99.964
99.965
99.966
99.967
99.968
99.969
99.97
99.971
99.972
99.973
99.974
99.975
99.976
99.977
99.978
99.979
99.98
99.981
99.982
99.983
99.984
99.985
99.986
99.987
99.988
99.989
99.99
99.991
99.992
99.993
99.994
99.995
99.996
99.997
99.998
99.999
100
100.001
100.002
100.003
100.004
100.005
100.006
100.007
100.008
100.009
100.01
100.011
100.012
100.013
100.014
100.015
100.016
100.017
100.018
100.019
100.02
100.021
100.022
100.023
100.024
100.025
100.026
100.027
100.028
100.029
100.03
100.031
100.032
100.033
100.034
100.035
100.036
100.037
100.038
100.039
100.04
100.041
100.042
100.043
100.044
100.045
100.046
100.047
100.048
100.049
100.05
100.051
100.052
100.053
100.054
100.055
100.056
100.057
100.058
100.059
100.06
100.061
100.062
100.063
100.064
100.065
100.066
100.067
100.068
100.069
100.07
100.071
100.072
100.073
100.074
100.075
100.076
100.077
100.078
100.079
100.08
100.081
100.082
100.083
100.084
100.085
100.086
100.087
100.088
100.089
100.09
100.091
100.092
100.093
100.094
100.095
100.096
100.097
100.098
100.099
100.1
100.101
100.102
100.103
100.104
100.105
100.106
100.107
100.108
100.109
100.11
100.111
100.112
100.113
100.114
100.115
100.116
100.117
100.118
100.119
100.12
100.121
100.122
100.123
100.124
100.125
100.126
100.127
100.128
100.129
100.13
100.131
100.132
100.133
100.134
100.135
100.136
100.137
100.138
100.139
100.14
100.141
100.142
100.143
100.144
100.145
100.146
100.147
100.148
100.149
100.15
100.151
100.152
100.153
100.154
100.155
100.156
100.157
100.158
100.159
100.16
100.161
100.162
100.163
100.164
100.165
100.166
100.167
100.168
100.169
100.17
100.171
100.172
100.173
100.174
100.175
100.176
100.177
100.178
100.179
100.18
100.181
100.182
100.183
100.184
100.185
100.186
100.187
100.188
100.189
100.19
100.191
100.192
100.193
100.194
100.195
100.196
100.197
100.198
100.199
100.2
100.201
100.202
100.203
100.204
100.205
100.206
100.207
100.208
100.209
100.21
100.211
100.212
100.213
100.214
100.215
100.216
100.217
100.218
100.219
100.22
100.221
100.222
100.223
100.224
100.225
100.226
100.227
100.228
100.229
100.23
100.231
100.232
100.233
100.234
100.235
100.236
100.237
100.238
100.239
100.24
100.241
100.242
100.243
100.244
100.245
100.246
100.247
100.248
100.249
100.25
100.251
100.252
100.253
100.254
100.255
100.256
100.257
100.258
100.259
100.26
100.261
100.262
100.263
100.264
100.265
100.266
100.267
100.268
100.269
100.27
100.271
100.272
100.273
100.274
100.275
100.276
100.277
100.278
100.279
100.28
100.281
100.282
100.283
100.284
100.285
100.286
100.287
100.288
100.289
100.29
100.291
100.292
100.293
100.294
100.295
100.296
100.297
100.298
100.299
100.3
100.301
100.302
100.303
100.304
100.305
100.306
100.307
100.308
100.309
100.31
100.311
100.312
100.313
100.314
100.315
100.316
100.317
100.318
100.319
100.32
100.321
100.322
100.323
100.324
100.325
100.326
100.327
100.328
100.329
100.33
100.331
100.332
100.333
100.334
100.335
100.336
100.337
100.338
100.339
100.34
100.341
100.342
100.343
100.344
100.345
100.346
100.347
100.348
100.349
100.35
100.351
100.352
100.353
100.354
100.355
100.356
100.357
100.358
100.359
100.36
100.361
100.362
100.363
100.364
100.365
100.366
100.367
100.368
100.369
100.37
100.371
100.372
100.373
100.374
100.375
100.376
100.377
100.378
100.379
100.38
100.381
100.382
100.383
100.384
100.385
100.386
100.387
100.388
100.389
100.39
100.391
100.392
100.393
100.394
100.395
100.396
100.397
100.398
100.399
100.4
100.401
100.402
100.403
100.404
100.405
100.406
100.407
100.408
100.409
100.41
100.411
100.412
100.413
100.414
100.415
100.416
100.417
100.418
100.419
100.42
100.421
100.422
100.423
100.424
100.425
100.426
100.427
100.428
100.429
100.43
100.431
100.432
100.433
100.434
100.435
100.436
100.437
100.438
100.439
100.44
100.441
100.442
100.443
100.444
100.445
100.446
100.447
100.448
100.449
100.45
100.451
100.452
100.453
100.454
100.455
100.456
100.457
100.458
100.459
100.46
100.461
100.462
100.463
100.464
100.465
100.466
100.467
100.468
100.469
100.47
100.471
100.472
100.473
100.474
100.475
100.476
100.477
100.478
100.479
100.48
100.481
100.482
100.483
100.484
100.485
100.486
100.487
100.488
100.489
100.49
100.491
100.492
100.493
100.494
100.495
100.496
100.497
100.498
100.499
100.5
100.501
100.502
100.503
100.504
100.505
100.506
100.507
100.508
100.509
100.51
100.511
100.512
100.513
100.514
100.515
100.516
100.517
100.518
100.519
100.52
100.521
100.522
100.523
100.524
100.525
100.526
100.527
100.528
100.529
100.53
100.531
100.532
100.533
100.534
100.535
100.536
100.537
100.538
100.539
100.54
100.541
100.542
100.543
100.544
100.545
100.546
100.547
100.548
100.549
100.55
100.551
100.552
100.553
100.554
100.555
100.556
100.557
100.558
100.559
100.56
100.561
100.562
100.563
100.564
100.565
100.566
100.567
100.568
100.569
100.57
100.571
100.572
100.573
100.574
100.575
100.576
100.577
100.578
100.579
100.58
100.581
100.582
100.583
100.584
100.585
100.586
100.587
100.588
100.589
100.59
100.591
100.592
100.593
100.594
100.595
100.596
100.597
100.598
100.599
100.6
100.601
100.602
100.603
100.604
100.605
100.606
100.607
100.608
100.609
100.61
100.611
100.612
100.613
100.614
100.615
100.616
100.617
100.618
100.619
100.62
100.621
100.622
100.623
100.624
100.625
100.626
100.627
100.628
100.629
100.63
100.631
100.632
100.633
100.634
100.635
100.636
100.637
100.638
100.639
100.64
100.641
100.642
100.643
100.644
100.645
100.646
100.647
100.648
100.649
100.65
100.651
100.652
100.653
100.654
100.655
100.656
100.657
100.658
100.659
100.66
100.661
100.662
100.663
100.664
100.665
100.666
100.667
100.668
100.669
100.67
100.671
100.672
100.673
100.674
100.675
100.676
100.677
100.678
100.679
100.68
100.681
100.682
100.683
100.684
100.685
100.686
100.687
100.688
100.689
100.69
100.691
100.692
100.693
100.694
100.695
100.696
100.697
100.698
100.699
100.7
100.701
100.702
100.703
100.704
100.705
100.706
100.707
100.708
100.709
100.71
100.711
100.712
100.713
100.714
100.715
100.716
100.717
100.718
100.719
100.72
100.721
100.722
100.723
100.724
100.725
100.726
100.727
100.728
100.729
100.73
100.731
100.732
100.733
100.734
100.735
100.736
100.737
100.738
100.739
100.74
100.741
100.742
100.743
100.744
100.745
100.746
100.747
100.748
100.749
100.75
100.751
100.752
100.753
100.754
100.755
100.756
100.757
100.758
100.759
100.76
100.761
100.762
100.763
100.764
100.765
100.766
100.767
100.768
100.769
100.77
100.771
100.772
100.773
100.774
100.775
100.776
100.777
100.778
100.779
100.78
100.781
100.782
100.783
100.784
100.785
100.786
100.787
100.788
100.789
100.79
100.791
100.792
100.793
100.794
100.795
100.796
100.797
100.798
100.799
100.8
100.801
100.802
100.803
100.804
100.805
100.806
100.807
100.808
100.809
100.81
100.811
100.812
100.813
100.814
100.815
100.816
100.817
100.818
100.819
100.82
100.821
100.822
100.823
100.824
100.825
100.826
100.827
100.828
100.829
100.83
100.831
100.832
100.833
100.834
100.835
100.836
100.837
100.838
100.839
100.84
100.841
100.842
100.843
100.844
100.845
100.846
100.847
100.848
100.849
100.85
100.851
100.852
100.853
100.854
100.855
100.856
100.857
100.858
100.859
100.86
100.861
100.862
100.863
100.864
100.865
100.866
100.867
100.868
100.869
100.87
100.871
100.872
100.873
100.874
100.875
100.876
100.877
100.878
100.879
100.88
100.881
100.882
100.883
100.884
100.885
100.886
100.887
100.888
100.889
100.89
100.891
100.892
100.893
100.894
100.895
100.896
100.897
100.898
100.899
100.9
100.901
100.902
100.903
100.904
100.905
100.906
100.907
100.908
100.909
100.91
100.911
100.912
100.913
100.914
100.915
100.916
100.917
100.918
100.919
100.92
100.921
100.922
100.923
100.924
100.925
100.926
100.927
100.928
100.929
100.93
100.931
100.932
100.933
100.934
100.935
100.936
100.937
100.938
100.939
100.94
100.941
100.942
100.943
100.944
100.945
100.946
100.947
100.948
100.949
100.95
100.951
100.952
100.953
100.954
100.955
100.956
100.957
100.958
100.959
100.96
100.961
100.962
100.963
100.964
100.965
100.966
100.967
100.968
100.969
100.97
100.971
100.972
100.973
100.974
100.975
100.976
100.977
100.978
100.979
100.98
100.981
100.982
100.983
100.984
100.985
100.986
100.987
100.988
100.989
100.99
100.991
100.992
100.993
100.994
100.995
100.996
100.997
100.998
100.999
101
101.001
101.002
101.003
101.004
101.005
101.006
101.007
101.008
101.009
101.01
101.011
101.012
101.013
101.014
101.015
101.016
101.017
101.018
101.019
101.02
101.021
101.022
101.023
101.024
101.025
101.026
101.027
101.028
101.029
101.03
101.031
101.032
101.033
101.034
101.035
101.036
101.037
101.038
101.039
101.04
101.041
101.042
101.043
101.044
101.045
101.046
101.047
101.048
101.049
101.05
101.051
101.052
101.053
101.054
101.055
101.056
101.057
101.058
101.059
101.06
101.061
101.062
101.063
101.064
101.065
101.066
101.067
101.068
101.069
101.07
101.071
101.072
101.073
101.074
101.075
101.076
101.077
101.078
101.079
101.08
101.081
101.082
101.083
101.084
101.085
101.086
101.087
101.088
101.089
101.09
101.091
101.092
101.093
101.094
101.095
101.096
101.097
101.098
101.099
101.1
101.101
101.102
101.103
101.104
101.105
101.106
101.107
101.108
101.109
101.11
101.111
101.112
101.113
101.114
101.115
101.116
101.117
101.118
101.119
101.12
101.121
101.122
101.123
101.124
101.125
101.126
101.127
101.128
101.129
101.13
101.131
101.132
101.133
101.134
101.135
101.136
101.137
101.138
101.139
101.14
101.141
101.142
101.143
101.144
101.145
101.146
101.147
101.148
101.149
101.15
101.151
101.152
101.153
101.154
101.155
101.156
101.157
101.158
101.159
101.16
101.161
101.162
101.163
101.164
101.165
101.166
101.167
101.168
101.169
101.17
101.171
101.172
101.173
101.174
101.175
101.176
101.177
101.178
101.179
101.18
101.181
101.182
101.183
101.184
101.185
101.186
101.187
101.188
101.189
101.19
101.191
101.192
101.193
101.194
101.195
101.196
101.197
101.198
101.199
101.2
101.201
101.202
101.203
101.204
101.205
101.206
101.207
101.208
101.209
101.21
101.211
101.212
101.213
101.214
101.215
101.216
101.217
101.218
101.219
101.22
101.221
101.222
101.223
101.224
101.225
101.226
101.227
101.228
101.229
101.23
101.231
101.232
101.233
101.234
101.235
101.236
101.237
101.238
101.239
101.24
101.241
101.242
101.243
101.244
101.245
101.246
101.247
101.248
101.249
101.25
101.251
101.252
101.253
101.254
101.255
101.256
101.257
101.258
101.259
101.26
101.261
101.262
101.263
101.264
101.265
101.266
101.267
101.268
101.269
101.27
101.271
101.272
101.273
101.274
101.275
101.276
101.277
101.278
101.279
101.28
101.281
101.282
101.283
101.284
101.285
101.286
101.287
101.288
101.289
101.29
101.291
101.292
101.293
101.294
101.295
101.296
101.297
101.298
101.299
101.3
101.301
101.302
101.303
101.304
101.305
101.306
101.307
101.308
101.309
101.31
101.311
101.312
101.313
101.314
101.315
101.316
101.317
101.318
101.319
101.32
101.321
101.322
101.323
101.324
101.325
101.326
101.327
101.328
101.329
101.33
101.331
101.332
101.333
101.334
101.335
101.336
101.337
101.338
101.339
101.34
101.341
101.342
101.343
101.344
101.345
101.346
101.347
101.348
101.349
101.35
101.351
101.352
101.353
101.354
101.355
101.356
101.357
101.358
101.359
101.36
101.361
101.362
101.363
101.364
101.365
101.366
101.367
101.368
101.369
101.37
101.371
101.372
101.373
101.374
101.375
101.376
101.377
101.378
101.379
101.38
101.381
101.382
101.383
101.384
101.385
101.386
101.387
101.388
101.389
101.39
101.391
101.392
101.393
101.394
101.395
101.396
101.397
101.398
101.399
101.4
101.401
101.402
101.403
101.404
101.405
101.406
101.407
101.408
101.409
101.41
101.411
101.412
101.413
101.414
101.415
101.416
101.417
101.418
101.419
101.42
101.421
101.422
101.423
101.424
101.425
101.426
101.427
101.428
101.429
101.43
101.431
101.432
101.433
101.434
101.435
101.436
101.437
101.438
101.439
101.44
101.441
101.442
101.443
101.444
101.445
101.446
101.447
101.448
101.449
101.45
101.451
101.452
101.453
101.454
101.455
101.456
101.457
101.458
101.459
101.46
101.461
101.462
101.463
101.464
101.465
101.466
101.467
101.468
101.469
101.47
101.471
101.472
101.473
101.474
101.475
101.476
101.477
101.478
101.479
101.48
101.481
101.482
101.483
101.484
101.485
101.486
101.487
101.488
101.489
101.49
101.491
101.492
101.493
101.494
101.495
101.496
101.497
101.498
101.499
101.5
101.501
101.502
101.503
101.504
101.505
101.506
101.507
101.508
101.509
101.51
101.511
101.512
101.513
101.514
101.515
101.516
101.517
101.518
101.519
101.52
101.521
101.522
101.523
101.524
101.525
101.526
101.527
101.528
101.529
101.53
101.531
101.532
101.533
101.534
101.535
101.536
101.537
101.538
101.539
101.54
101.541
101.542
101.543
101.544
101.545
101.546
101.547
101.548
101.549
101.55
101.551
101.552
101.553
101.554
101.555
101.556
101.557
101.558
101.559
101.56
101.561
101.562
101.563
101.564
101.565
101.566
101.567
101.568
101.569
101.57
101.571
101.572
101.573
101.574
101.575
101.576
101.577
101.578
101.579
101.58
101.581
101.582
101.583
101.584
101.585
101.586
101.587
101.588
101.589
101.59
101.591
101.592
101.593
101.594
101.595
101.596
101.597
101.598
101.599
101.6
101.601
101.602
101.603
101.604
101.605
101.606
101.607
101.608
101.609
101.61
101.611
101.612
101.613
101.614
101.615
101.616
101.617
101.618
101.619
101.62
101.621
101.622
101.623
101.624
101.625
101.626
101.627
101.628
101.629
101.63
101.631
101.632
101.633
101.634
101.635
101.636
101.637
101.638
101.639
101.64
101.641
101.642
101.643
101.644
101.645
101.646
101.647
101.648
101.649
101.65
101.651
101.652
101.653
101.654
101.655
101.656
101.657
101.658
101.659
101.66
101.661
101.662
101.663
101.664
101.665
101.666
101.667
101.668
101.669
101.67
101.671
101.672
101.673
101.674
101.675
101.676
101.677
101.678
101.679
101.68
101.681
101.682
101.683
101.684
101.685
101.686
101.687
101.688
101.689
101.69
101.691
101.692
101.693
101.694
101.695
101.696
101.697
101.698
101.699
101.7
101.701
101.702
101.703
101.704
101.705
101.706
101.707
101.708
101.709
101.71
101.711
101.712
101.713
101.714
101.715
101.716
101.717
101.718
101.719
101.72
101.721
101.722
101.723
101.724
101.725
101.726
101.727
101.728
101.729
101.73
101.731
101.732
101.733
101.734
101.735
101.736
101.737
101.738
101.739
101.74
101.741
101.742
101.743
101.744
101.745
101.746
101.747
101.748
101.749
101.75
101.751
101.752
101.753
101.754
101.755
101.756
101.757
101.758
101.759
101.76
101.761
101.762
101.763
101.764
101.765
101.766
101.767
101.768
101.769
101.77
101.771
101.772
101.773
101.774
101.775
101.776
101.777
101.778
101.779
101.78
101.781
101.782
101.783
101.784
101.785
101.786
101.787
101.788
101.789
101.79
101.791
101.792
101.793
101.794
101.795
101.796
101.797
101.798
101.799
101.8
101.801
101.802
101.803
101.804
101.805
101.806
101.807
101.808
101.809
101.81
101.811
101.812
101.813
101.814
101.815
101.816
101.817
101.818
101.819
101.82
101.821
101.822
101.823
101.824
101.825
101.826
101.827
101.828
101.829
101.83
101.831
101.832
101.833
101.834
101.835
101.836
101.837
101.838
101.839
101.84
101.841
101.842
101.843
101.844
101.845
101.846
101.847
101.848
101.849
101.85
101.851
101.852
101.853
101.854
101.855
101.856
101.857
101.858
101.859
101.86
101.861
101.862
101.863
101.864
101.865
101.866
101.867
101.868
101.869
101.87
101.871
101.872
101.873
101.874
101.875
101.876
101.877
101.878
101.879
101.88
101.881
101.882
101.883
101.884
101.885
101.886
101.887
101.888
101.889
101.89
101.891
101.892
101.893
101.894
101.895
101.896
101.897
101.898
101.899
101.9
101.901
101.902
101.903
101.904
101.905
101.906
101.907
101.908
101.909
101.91
101.911
101.912
101.913
101.914
101.915
101.916
101.917
101.918
101.919
101.92
101.921
101.922
101.923
101.924
101.925
101.926
101.927
101.928
101.929
101.93
101.931
101.932
101.933
101.934
101.935
101.936
101.937
101.938
101.939
101.94
101.941
101.942
101.943
101.944
101.945
101.946
101.947
101.948
101.949
101.95
101.951
101.952
101.953
101.954
101.955
101.956
101.957
101.958
101.959
101.96
101.961
101.962
101.963
101.964
101.965
101.966
101.967
101.968
101.969
101.97
101.971
101.972
101.973
101.974
101.975
101.976
101.977
101.978
101.979
101.98
101.981
101.982
101.983
101.984
101.985
101.986
101.987
101.988
101.989
101.99
101.991
101.992
101.993
101.994
101.995
101.996
101.997
101.998
101.999
102
102.001
102.002
102.003
102.004
102.005
102.006
102.007
102.008
102.009
102.01
102.011
102.012
102.013
102.014
102.015
102.016
102.017
102.018
102.019
102.02
102.021
102.022
102.023
102.024
102.025
102.026
102.027
102.028
102.029
102.03
102.031
102.032
102.033
102.034
102.035
102.036
102.037
102.038
102.039
102.04
102.041
102.042
102.043
102.044
102.045
102.046
102.047
102.048
102.049
102.05
102.051
102.052
102.053
102.054
102.055
102.056
102.057
102.058
102.059
102.06
102.061
102.062
102.063
102.064
102.065
102.066
102.067
102.068
102.069
102.07
102.071
102.072
102.073
102.074
102.075
102.076
102.077
102.078
102.079
102.08
102.081
102.082
102.083
102.084
102.085
102.086
102.087
102.088
102.089
102.09
102.091
102.092
102.093
102.094
102.095
102.096
102.097
102.098
102.099
102.1
102.101
102.102
102.103
102.104
102.105
102.106
102.107
102.108
102.109
102.11
102.111
102.112
102.113
102.114
102.115
102.116
102.117
102.118
102.119
102.12
102.121
102.122
102.123
102.124
102.125
102.126
102.127
102.128
102.129
102.13
102.131
102.132
102.133
102.134
102.135
102.136
102.137
102.138
102.139
102.14
102.141
102.142
102.143
102.144
102.145
102.146
102.147
102.148
102.149
102.15
102.151
102.152
102.153
102.154
102.155
102.156
102.157
102.158
102.159
102.16
102.161
102.162
102.163
102.164
102.165
102.166
102.167
102.168
102.169
102.17
102.171
102.172
102.173
102.174
102.175
102.176
102.177
102.178
102.179
102.18
102.181
102.182
102.183
102.184
102.185
102.186
102.187
102.188
102.189
102.19
102.191
102.192
102.193
102.194
102.195
102.196
102.197
102.198
102.199
102.2
102.201
102.202
102.203
102.204
102.205
102.206
102.207
102.208
102.209
102.21
102.211
102.212
102.213
102.214
102.215
102.216
102.217
102.218
102.219
102.22
102.221
102.222
102.223
102.224
102.225
102.226
102.227
102.228
102.229
102.23
102.231
102.232
102.233
102.234
102.235
102.236
102.237
102.238
102.239
102.24
102.241
102.242
102.243
102.244
102.245
102.246
102.247
102.248
102.249
102.25
102.251
102.252
102.253
102.254
102.255
102.256
102.257
102.258
102.259
102.26
102.261
102.262
102.263
102.264
102.265
102.266
102.267
102.268
102.269
102.27
102.271
102.272
102.273
102.274
102.275
102.276
102.277
102.278
102.279
102.28
102.281
102.282
102.283
102.284
102.285
102.286
102.287
102.288
102.289
102.29
102.291
102.292
102.293
102.294
102.295
102.296
102.297
102.298
102.299
102.3
102.301
102.302
102.303
102.304
102.305
102.306
102.307
102.308
102.309
102.31
102.311
102.312
102.313
102.314
102.315
102.316
102.317
102.318
102.319
102.32
102.321
102.322
102.323
102.324
102.325
102.326
102.327
102.328
102.329
102.33
102.331
102.332
102.333
102.334
102.335
102.336
102.337
102.338
102.339
102.34
102.341
102.342
102.343
102.344
102.345
102.346
102.347
102.348
102.349
102.35
102.351
102.352
102.353
102.354
102.355
102.356
102.357
102.358
102.359
102.36
102.361
102.362
102.363
102.364
102.365
102.366
102.367
102.368
102.369
102.37
102.371
102.372
102.373
102.374
102.375
102.376
102.377
102.378
102.379
102.38
102.381
102.382
102.383
102.384
102.385
102.386
102.387
102.388
102.389
102.39
102.391
102.392
102.393
102.394
102.395
102.396
102.397
102.398
102.399
102.4
102.401
102.402
102.403
102.404
102.405
102.406
102.407
102.408
102.409
102.41
102.411
102.412
102.413
102.414
102.415
102.416
102.417
102.418
102.419
102.42
102.421
102.422
102.423
102.424
102.425
102.426
102.427
102.428
102.429
102.43
102.431
102.432
102.433
102.434
102.435
102.436
102.437
102.438
102.439
102.44
102.441
102.442
102.443
102.444
102.445
102.446
102.447
102.448
102.449
102.45
102.451
102.452
102.453
102.454
102.455
102.456
102.457
102.458
102.459
102.46
102.461
102.462
102.463
102.464
102.465
102.466
102.467
102.468
102.469
102.47
102.471
102.472
102.473
102.474
102.475
102.476
102.477
102.478
102.479
102.48
102.481
102.482
102.483
102.484
102.485
102.486
102.487
102.488
102.489
102.49
102.491
102.492
102.493
102.494
102.495
102.496
102.497
102.498
102.499
102.5
102.501
102.502
102.503
102.504
102.505
102.506
102.507
102.508
102.509
102.51
102.511
102.512
102.513
102.514
102.515
102.516
102.517
102.518
102.519
102.52
102.521
102.522
102.523
102.524
102.525
102.526
102.527
102.528
102.529
102.53
102.531
102.532
102.533
102.534
102.535
102.536
102.537
102.538
102.539
102.54
102.541
102.542
102.543
102.544
102.545
102.546
102.547
102.548
102.549
102.55
102.551
102.552
102.553
102.554
102.555
102.556
102.557
102.558
102.559
102.56
102.561
102.562
102.563
102.564
102.565
102.566
102.567
102.568
102.569
102.57
102.571
102.572
102.573
102.574
102.575
102.576
102.577
102.578
102.579
102.58
102.581
102.582
102.583
102.584
102.585
102.586
102.587
102.588
102.589
102.59
102.591
102.592
102.593
102.594
102.595
102.596
102.597
102.598
102.599
102.6
102.601
102.602
102.603
102.604
102.605
102.606
102.607
102.608
102.609
102.61
102.611
102.612
102.613
102.614
102.615
102.616
102.617
102.618
102.619
102.62
102.621
102.622
102.623
102.624
102.625
102.626
102.627
102.628
102.629
102.63
102.631
102.632
102.633
102.634
102.635
102.636
102.637
102.638
102.639
102.64
102.641
102.642
102.643
102.644
102.645
102.646
102.647
102.648
102.649
102.65
102.651
102.652
102.653
102.654
102.655
102.656
102.657
102.658
102.659
102.66
102.661
102.662
102.663
102.664
102.665
102.666
102.667
102.668
102.669
102.67
102.671
102.672
102.673
102.674
102.675
102.676
102.677
102.678
102.679
102.68
102.681
102.682
102.683
102.684
102.685
102.686
102.687
102.688
102.689
102.69
102.691
102.692
102.693
102.694
102.695
102.696
102.697
102.698
102.699
102.7
102.701
102.702
102.703
102.704
102.705
102.706
102.707
102.708
102.709
102.71
102.711
102.712
102.713
102.714
102.715
102.716
102.717
102.718
102.719
102.72
102.721
102.722
102.723
102.724
102.725
102.726
102.727
102.728
102.729
102.73
102.731
102.732
102.733
102.734
102.735
102.736
102.737
102.738
102.739
102.74
102.741
102.742
102.743
102.744
102.745
102.746
102.747
102.748
102.749
102.75
102.751
102.752
102.753
102.754
102.755
102.756
102.757
102.758
102.759
102.76
102.761
102.762
102.763
102.764
102.765
102.766
102.767
102.768
102.769
102.77
102.771
102.772
102.773
102.774
102.775
102.776
102.777
102.778
102.779
102.78
102.781
102.782
102.783
102.784
102.785
102.786
102.787
102.788
102.789
102.79
102.791
102.792
102.793
102.794
102.795
102.796
102.797
102.798
102.799
102.8
102.801
102.802
102.803
102.804
102.805
102.806
102.807
102.808
102.809
102.81
102.811
102.812
102.813
102.814
102.815
102.816
102.817
102.818
102.819
102.82
102.821
102.822
102.823
102.824
102.825
102.826
102.827
102.828
102.829
102.83
102.831
102.832
102.833
102.834
102.835
102.836
102.837
102.838
102.839
102.84
102.841
102.842
102.843
102.844
102.845
102.846
102.847
102.848
102.849
102.85
102.851
102.852
102.853
102.854
102.855
102.856
102.857
102.858
102.859
102.86
102.861
102.862
102.863
102.864
102.865
102.866
102.867
102.868
102.869
102.87
102.871
102.872
102.873
102.874
102.875
102.876
102.877
102.878
102.879
102.88
102.881
102.882
102.883
102.884
102.885
102.886
102.887
102.888
102.889
102.89
102.891
102.892
102.893
102.894
102.895
102.896
102.897
102.898
102.899
102.9
102.901
102.902
102.903
102.904
102.905
102.906
102.907
102.908
102.909
102.91
102.911
102.912
102.913
102.914
102.915
102.916
102.917
102.918
102.919
102.92
102.921
102.922
102.923
102.924
102.925
102.926
102.927
102.928
102.929
102.93
102.931
102.932
102.933
102.934
102.935
102.936
102.937
102.938
102.939
102.94
102.941
102.942
102.943
102.944
102.945
102.946
102.947
102.948
102.949
102.95
102.951
102.952
102.953
102.954
102.955
102.956
102.957
102.958
102.959
102.96
102.961
102.962
102.963
102.964
102.965
102.966
102.967
102.968
102.969
102.97
102.971
102.972
102.973
102.974
102.975
102.976
102.977
102.978
102.979
102.98
102.981
102.982
102.983
102.984
102.985
102.986
102.987
102.988
102.989
102.99
102.991
102.992
102.993
102.994
102.995
102.996
102.997
102.998
102.999
103
103.001
103.002
103.003
103.004
103.005
103.006
103.007
103.008
103.009
103.01
103.011
103.012
103.013
103.014
103.015
103.016
103.017
103.018
103.019
103.02
103.021
103.022
103.023
103.024
103.025
103.026
103.027
103.028
103.029
103.03
103.031
103.032
103.033
103.034
103.035
103.036
103.037
103.038
103.039
103.04
103.041
103.042
103.043
103.044
103.045
103.046
103.047
103.048
103.049
103.05
103.051
103.052
103.053
103.054
103.055
103.056
103.057
103.058
103.059
103.06
103.061
103.062
103.063
103.064
103.065
103.066
103.067
103.068
103.069
103.07
103.071
103.072
103.073
103.074
103.075
103.076
103.077
103.078
103.079
103.08
103.081
103.082
103.083
103.084
103.085
103.086
103.087
103.088
103.089
103.09
103.091
103.092
103.093
103.094
103.095
103.096
103.097
103.098
103.099
103.1
103.101
103.102
103.103
103.104
103.105
103.106
103.107
103.108
103.109
103.11
103.111
103.112
103.113
103.114
103.115
103.116
103.117
103.118
103.119
103.12
103.121
103.122
103.123
103.124
103.125
103.126
103.127
103.128
103.129
103.13
103.131
103.132
103.133
103.134
103.135
103.136
103.137
103.138
103.139
103.14
103.141
103.142
103.143
103.144
103.145
103.146
103.147
103.148
103.149
103.15
103.151
103.152
103.153
103.154
103.155
103.156
103.157
103.158
103.159
103.16
103.161
103.162
103.163
103.164
103.165
103.166
103.167
103.168
103.169
103.17
103.171
103.172
103.173
103.174
103.175
103.176
103.177
103.178
103.179
103.18
103.181
103.182
103.183
103.184
103.185
103.186
103.187
103.188
103.189
103.19
103.191
103.192
103.193
103.194
103.195
103.196
103.197
103.198
103.199
103.2
103.201
103.202
103.203
103.204
103.205
103.206
103.207
103.208
103.209
103.21
103.211
103.212
103.213
103.214
103.215
103.216
103.217
103.218
103.219
103.22
103.221
103.222
103.223
103.224
103.225
103.226
103.227
103.228
103.229
103.23
103.231
103.232
103.233
103.234
103.235
103.236
103.237
103.238
103.239
103.24
103.241
103.242
103.243
103.244
103.245
103.246
103.247
103.248
103.249
103.25
103.251
103.252
103.253
103.254
103.255
103.256
103.257
103.258
103.259
103.26
103.261
103.262
103.263
103.264
103.265
103.266
103.267
103.268
103.269
103.27
103.271
103.272
103.273
103.274
103.275
103.276
103.277
103.278
103.279
103.28
103.281
103.282
103.283
103.284
103.285
103.286
103.287
103.288
103.289
103.29
103.291
103.292
103.293
103.294
103.295
103.296
103.297
103.298
103.299
103.3
103.301
103.302
103.303
103.304
103.305
103.306
103.307
103.308
103.309
103.31
103.311
103.312
103.313
103.314
103.315
103.316
103.317
103.318
103.319
103.32
103.321
103.322
103.323
103.324
103.325
103.326
103.327
103.328
103.329
103.33
103.331
103.332
103.333
103.334
103.335
103.336
103.337
103.338
103.339
103.34
103.341
103.342
103.343
103.344
103.345
103.346
103.347
103.348
103.349
103.35
103.351
103.352
103.353
103.354
103.355
103.356
103.357
103.358
103.359
103.36
103.361
103.362
103.363
103.364
103.365
103.366
103.367
103.368
103.369
103.37
103.371
103.372
103.373
103.374
103.375
103.376
103.377
103.378
103.379
103.38
103.381
103.382
103.383
103.384
103.385
103.386
103.387
103.388
103.389
103.39
103.391
103.392
103.393
103.394
103.395
103.396
103.397
103.398
103.399
103.4
103.401
103.402
103.403
103.404
103.405
103.406
103.407
103.408
103.409
103.41
103.411
103.412
103.413
103.414
103.415
103.416
103.417
103.418
103.419
103.42
103.421
103.422
103.423
103.424
103.425
103.426
103.427
103.428
103.429
103.43
103.431
103.432
103.433
103.434
103.435
103.436
103.437
103.438
103.439
103.44
103.441
103.442
103.443
103.444
103.445
103.446
103.447
103.448
103.449
103.45
103.451
103.452
103.453
103.454
103.455
103.456
103.457
103.458
103.459
103.46
103.461
103.462
103.463
103.464
103.465
103.466
103.467
103.468
103.469
103.47
103.471
103.472
103.473
103.474
103.475
103.476
103.477
103.478
103.479
103.48
103.481
103.482
103.483
103.484
103.485
103.486
103.487
103.488
103.489
103.49
103.491
103.492
103.493
103.494
103.495
103.496
103.497
103.498
103.499
103.5
103.501
103.502
103.503
103.504
103.505
103.506
103.507
103.508
103.509
103.51
103.511
103.512
103.513
103.514
103.515
103.516
103.517
103.518
103.519
103.52
103.521
103.522
103.523
103.524
103.525
103.526
103.527
103.528
103.529
103.53
103.531
103.532
103.533
103.534
103.535
103.536
103.537
103.538
103.539
103.54
103.541
103.542
103.543
103.544
103.545
103.546
103.547
103.548
103.549
103.55
103.551
103.552
103.553
103.554
103.555
103.556
103.557
103.558
103.559
103.56
103.561
103.562
103.563
103.564
103.565
103.566
103.567
103.568
103.569
103.57
103.571
103.572
103.573
103.574
103.575
103.576
103.577
103.578
103.579
103.58
103.581
103.582
103.583
103.584
103.585
103.586
103.587
103.588
103.589
103.59
103.591
103.592
103.593
103.594
103.595
103.596
103.597
103.598
103.599
103.6
103.601
103.602
103.603
103.604
103.605
103.606
103.607
103.608
103.609
103.61
103.611
103.612
103.613
103.614
103.615
103.616
103.617
103.618
103.619
103.62
103.621
103.622
103.623
103.624
103.625
103.626
103.627
103.628
103.629
103.63
103.631
103.632
103.633
103.634
103.635
103.636
103.637
103.638
103.639
103.64
103.641
103.642
103.643
103.644
103.645
103.646
103.647
103.648
103.649
103.65
103.651
103.652
103.653
103.654
103.655
103.656
103.657
103.658
103.659
103.66
103.661
103.662
103.663
103.664
103.665
103.666
103.667
103.668
103.669
103.67
103.671
103.672
103.673
103.674
103.675
103.676
103.677
103.678
103.679
103.68
103.681
103.682
103.683
103.684
103.685
103.686
103.687
103.688
103.689
103.69
103.691
103.692
103.693
103.694
103.695
103.696
103.697
103.698
103.699
103.7
103.701
103.702
103.703
103.704
103.705
103.706
103.707
103.708
103.709
103.71
103.711
103.712
103.713
103.714
103.715
103.716
103.717
103.718
103.719
103.72
103.721
103.722
103.723
103.724
103.725
103.726
103.727
103.728
103.729
103.73
103.731
103.732
103.733
103.734
103.735
103.736
103.737
103.738
103.739
103.74
103.741
103.742
103.743
103.744
103.745
103.746
103.747
103.748
103.749
103.75
103.751
103.752
103.753
103.754
103.755
103.756
103.757
103.758
103.759
103.76
103.761
103.762
103.763
103.764
103.765
103.766
103.767
103.768
103.769
103.77
103.771
103.772
103.773
103.774
103.775
103.776
103.777
103.778
103.779
103.78
103.781
103.782
103.783
103.784
103.785
103.786
103.787
103.788
103.789
103.79
103.791
103.792
103.793
103.794
103.795
103.796
103.797
103.798
103.799
103.8
103.801
103.802
103.803
103.804
103.805
103.806
103.807
103.808
103.809
103.81
103.811
103.812
103.813
103.814
103.815
103.816
103.817
103.818
103.819
103.82
103.821
103.822
103.823
103.824
103.825
103.826
103.827
103.828
103.829
103.83
103.831
103.832
103.833
103.834
103.835
103.836
103.837
103.838
103.839
103.84
103.841
103.842
103.843
103.844
103.845
103.846
103.847
103.848
103.849
103.85
103.851
103.852
103.853
103.854
103.855
103.856
103.857
103.858
103.859
103.86
103.861
103.862
103.863
103.864
103.865
103.866
103.867
103.868
103.869
103.87
103.871
103.872
103.873
103.874
103.875
103.876
103.877
103.878
103.879
103.88
103.881
103.882
103.883
103.884
103.885
103.886
103.887
103.888
103.889
103.89
103.891
103.892
103.893
103.894
103.895
103.896
103.897
103.898
103.899
103.9
103.901
103.902
103.903
103.904
103.905
103.906
103.907
103.908
103.909
103.91
103.911
103.912
103.913
103.914
103.915
103.916
103.917
103.918
103.919
103.92
103.921
103.922
103.923
103.924
103.925
103.926
103.927
103.928
103.929
103.93
103.931
103.932
103.933
103.934
103.935
103.936
103.937
103.938
103.939
103.94
103.941
103.942
103.943
103.944
103.945
103.946
103.947
103.948
103.949
103.95
103.951
103.952
103.953
103.954
103.955
103.956
103.957
103.958
103.959
103.96
103.961
103.962
103.963
103.964
103.965
103.966
103.967
103.968
103.969
103.97
103.971
103.972
103.973
103.974
103.975
103.976
103.977
103.978
103.979
103.98
103.981
103.982
103.983
103.984
103.985
103.986
103.987
103.988
103.989
103.99
103.991
103.992
103.993
103.994
103.995
103.996
103.997
103.998
103.999
104
104.001
104.002
104.003
104.004
104.005
104.006
104.007
104.008
104.009
104.01
104.011
104.012
104.013
104.014
104.015
104.016
104.017
104.018
104.019
104.02
104.021
104.022
104.023
104.024
104.025
104.026
104.027
104.028
104.029
104.03
104.031
104.032
104.033
104.034
104.035
104.036
104.037
104.038
104.039
104.04
104.041
104.042
104.043
104.044
104.045
104.046
104.047
104.048
104.049
104.05
104.051
104.052
104.053
104.054
104.055
104.056
104.057
104.058
104.059
104.06
104.061
104.062
104.063
104.064
104.065
104.066
104.067
104.068
104.069
104.07
104.071
104.072
104.073
104.074
104.075
104.076
104.077
104.078
104.079
104.08
104.081
104.082
104.083
104.084
104.085
104.086
104.087
104.088
104.089
104.09
104.091
104.092
104.093
104.094
104.095
104.096
104.097
104.098
104.099
104.1
104.101
104.102
104.103
104.104
104.105
104.106
104.107
104.108
104.109
104.11
104.111
104.112
104.113
104.114
104.115
104.116
104.117
104.118
104.119
104.12
104.121
104.122
104.123
104.124
104.125
104.126
104.127
104.128
104.129
104.13
104.131
104.132
104.133
104.134
104.135
104.136
104.137
104.138
104.139
104.14
104.141
104.142
104.143
104.144
104.145
104.146
104.147
104.148
104.149
104.15
104.151
104.152
104.153
104.154
104.155
104.156
104.157
104.158
104.159
104.16
104.161
104.162
104.163
104.164
104.165
104.166
104.167
104.168
104.169
104.17
104.171
104.172
104.173
104.174
104.175
104.176
104.177
104.178
104.179
104.18
104.181
104.182
104.183
104.184
104.185
104.186
104.187
104.188
104.189
104.19
104.191
104.192
104.193
104.194
104.195
104.196
104.197
104.198
104.199
104.2
104.201
104.202
104.203
104.204
104.205
104.206
104.207
104.208
104.209
104.21
104.211
104.212
104.213
104.214
104.215
104.216
104.217
104.218
104.219
104.22
104.221
104.222
104.223
104.224
104.225
104.226
104.227
104.228
104.229
104.23
104.231
104.232
104.233
104.234
104.235
104.236
104.237
104.238
104.239
104.24
104.241
104.242
104.243
104.244
104.245
104.246
104.247
104.248
104.249
104.25
104.251
104.252
104.253
104.254
104.255
104.256
104.257
104.258
104.259
104.26
104.261
104.262
104.263
104.264
104.265
104.266
104.267
104.268
104.269
104.27
104.271
104.272
104.273
104.274
104.275
104.276
104.277
104.278
104.279
104.28
104.281
104.282
104.283
104.284
104.285
104.286
104.287
104.288
104.289
104.29
104.291
104.292
104.293
104.294
104.295
104.296
104.297
104.298
104.299
104.3
104.301
104.302
104.303
104.304
104.305
104.306
104.307
104.308
104.309
104.31
104.311
104.312
104.313
104.314
104.315
104.316
104.317
104.318
104.319
104.32
104.321
104.322
104.323
104.324
104.325
104.326
104.327
104.328
104.329
104.33
104.331
104.332
104.333
104.334
104.335
104.336
104.337
104.338
104.339
104.34
104.341
104.342
104.343
104.344
104.345
104.346
104.347
104.348
104.349
104.35
104.351
104.352
104.353
104.354
104.355
104.356
104.357
104.358
104.359
104.36
104.361
104.362
104.363
104.364
104.365
104.366
104.367
104.368
104.369
104.37
104.371
104.372
104.373
104.374
104.375
104.376
104.377
104.378
104.379
104.38
104.381
104.382
104.383
104.384
104.385
104.386
104.387
104.388
104.389
104.39
104.391
104.392
104.393
104.394
104.395
104.396
104.397
104.398
104.399
104.4
104.401
104.402
104.403
104.404
104.405
104.406
104.407
104.408
104.409
104.41
104.411
104.412
104.413
104.414
104.415
104.416
104.417
104.418
104.419
104.42
104.421
104.422
104.423
104.424
104.425
104.426
104.427
104.428
104.429
104.43
104.431
104.432
104.433
104.434
104.435
104.436
104.437
104.438
104.439
104.44
104.441
104.442
104.443
104.444
104.445
104.446
104.447
104.448
104.449
104.45
104.451
104.452
104.453
104.454
104.455
104.456
104.457
104.458
104.459
104.46
104.461
104.462
104.463
104.464
104.465
104.466
104.467
104.468
104.469
104.47
104.471
104.472
104.473
104.474
104.475
104.476
104.477
104.478
104.479
104.48
104.481
104.482
104.483
104.484
104.485
104.486
104.487
104.488
104.489
104.49
104.491
104.492
104.493
104.494
104.495
104.496
104.497
104.498
104.499
104.5
104.501
104.502
104.503
104.504
104.505
104.506
104.507
104.508
104.509
104.51
104.511
104.512
104.513
104.514
104.515
104.516
104.517
104.518
104.519
104.52
104.521
104.522
104.523
104.524
104.525
104.526
104.527
104.528
104.529
104.53
104.531
104.532
104.533
104.534
104.535
104.536
104.537
104.538
104.539
104.54
104.541
104.542
104.543
104.544
104.545
104.546
104.547
104.548
104.549
104.55
104.551
104.552
104.553
104.554
104.555
104.556
104.557
104.558
104.559
104.56
104.561
104.562
104.563
104.564
104.565
104.566
104.567
104.568
104.569
104.57
104.571
104.572
104.573
104.574
104.575
104.576
104.577
104.578
104.579
104.58
104.581
104.582
104.583
104.584
104.585
104.586
104.587
104.588
104.589
104.59
104.591
104.592
104.593
104.594
104.595
104.596
104.597
104.598
104.599
104.6
104.601
104.602
104.603
104.604
104.605
104.606
104.607
104.608
104.609
104.61
104.611
104.612
104.613
104.614
104.615
104.616
104.617
104.618
104.619
104.62
104.621
104.622
104.623
104.624
104.625
104.626
104.627
104.628
104.629
104.63
104.631
104.632
104.633
104.634
104.635
104.636
104.637
104.638
104.639
104.64
104.641
104.642
104.643
104.644
104.645
104.646
104.647
104.648
104.649
104.65
104.651
104.652
104.653
104.654
104.655
104.656
104.657
104.658
104.659
104.66
104.661
104.662
104.663
104.664
104.665
104.666
104.667
104.668
104.669
104.67
104.671
104.672
104.673
104.674
104.675
104.676
104.677
104.678
104.679
104.68
104.681
104.682
104.683
104.684
104.685
104.686
104.687
104.688
104.689
104.69
104.691
104.692
104.693
104.694
104.695
104.696
104.697
104.698
104.699
104.7
104.701
104.702
104.703
104.704
104.705
104.706
104.707
104.708
104.709
104.71
104.711
104.712
104.713
104.714
104.715
104.716
104.717
104.718
104.719
104.72
104.721
104.722
104.723
104.724
104.725
104.726
104.727
104.728
104.729
104.73
104.731
104.732
104.733
104.734
104.735
104.736
104.737
104.738
104.739
104.74
104.741
104.742
104.743
104.744
104.745
104.746
104.747
104.748
104.749
104.75
104.751
104.752
104.753
104.754
104.755
104.756
104.757
104.758
104.759
104.76
104.761
104.762
104.763
104.764
104.765
104.766
104.767
104.768
104.769
104.77
104.771
104.772
104.773
104.774
104.775
104.776
104.777
104.778
104.779
104.78
104.781
104.782
104.783
104.784
104.785
104.786
104.787
104.788
104.789
104.79
104.791
104.792
104.793
104.794
104.795
104.796
104.797
104.798
104.799
104.8
104.801
104.802
104.803
104.804
104.805
104.806
104.807
104.808
104.809
104.81
104.811
104.812
104.813
104.814
104.815
104.816
104.817
104.818
104.819
104.82
104.821
104.822
104.823
104.824
104.825
104.826
104.827
104.828
104.829
104.83
104.831
104.832
104.833
104.834
104.835
104.836
104.837
104.838
104.839
104.84
104.841
104.842
104.843
104.844
104.845
104.846
104.847
104.848
104.849
104.85
104.851
104.852
104.853
104.854
104.855
104.856
104.857
104.858
104.859
104.86
104.861
104.862
104.863
104.864
104.865
104.866
104.867
104.868
104.869
104.87
104.871
104.872
104.873
104.874
104.875
104.876
104.877
104.878
104.879
104.88
104.881
104.882
104.883
104.884
104.885
104.886
104.887
104.888
104.889
104.89
104.891
104.892
104.893
104.894
104.895
104.896
104.897
104.898
104.899
104.9
104.901
104.902
104.903
104.904
104.905
104.906
104.907
104.908
104.909
104.91
104.911
104.912
104.913
104.914
104.915
104.916
104.917
104.918
104.919
104.92
104.921
104.922
104.923
104.924
104.925
104.926
104.927
104.928
104.929
104.93
104.931
104.932
104.933
104.934
104.935
104.936
104.937
104.938
104.939
104.94
104.941
104.942
104.943
104.944
104.945
104.946
104.947
104.948
104.949
104.95
104.951
104.952
104.953
104.954
104.955
104.956
104.957
104.958
104.959
104.96
104.961
104.962
104.963
104.964
104.965
104.966
104.967
104.968
104.969
104.97
104.971
104.972
104.973
104.974
104.975
104.976
104.977
104.978
104.979
104.98
104.981
104.982
104.983
104.984
104.985
104.986
104.987
104.988
104.989
104.99
104.991
104.992
104.993
104.994
104.995
104.996
104.997
104.998
104.999
105
105.001
105.002
105.003
105.004
105.005
105.006
105.007
105.008
105.009
105.01
105.011
105.012
105.013
105.014
105.015
105.016
105.017
105.018
105.019
105.02
105.021
105.022
105.023
105.024
105.025
105.026
105.027
105.028
105.029
105.03
105.031
105.032
105.033
105.034
105.035
105.036
105.037
105.038
105.039
105.04
105.041
105.042
105.043
105.044
105.045
105.046
105.047
105.048
105.049
105.05
105.051
105.052
105.053
105.054
105.055
105.056
105.057
105.058
105.059
105.06
105.061
105.062
105.063
105.064
105.065
105.066
105.067
105.068
105.069
105.07
105.071
105.072
105.073
105.074
105.075
105.076
105.077
105.078
105.079
105.08
105.081
105.082
105.083
105.084
105.085
105.086
105.087
105.088
105.089
105.09
105.091
105.092
105.093
105.094
105.095
105.096
105.097
105.098
105.099
105.1
105.101
105.102
105.103
105.104
105.105
105.106
105.107
105.108
105.109
105.11
105.111
105.112
105.113
105.114
105.115
105.116
105.117
105.118
105.119
105.12
105.121
105.122
105.123
105.124
105.125
105.126
105.127
105.128
105.129
105.13
105.131
105.132
105.133
105.134
105.135
105.136
105.137
105.138
105.139
105.14
105.141
105.142
105.143
105.144
105.145
105.146
105.147
105.148
105.149
105.15
105.151
105.152
105.153
105.154
105.155
105.156
105.157
105.158
105.159
105.16
105.161
105.162
105.163
105.164
105.165
105.166
105.167
105.168
105.169
105.17
105.171
105.172
105.173
105.174
105.175
105.176
105.177
105.178
105.179
105.18
105.181
105.182
105.183
105.184
105.185
105.186
105.187
105.188
105.189
105.19
105.191
105.192
105.193
105.194
105.195
105.196
105.197
105.198
105.199
105.2
105.201
105.202
105.203
105.204
105.205
105.206
105.207
105.208
105.209
105.21
105.211
105.212
105.213
105.214
105.215
105.216
105.217
105.218
105.219
105.22
105.221
105.222
105.223
105.224
105.225
105.226
105.227
105.228
105.229
105.23
105.231
105.232
105.233
105.234
105.235
105.236
105.237
105.238
105.239
105.24
105.241
105.242
105.243
105.244
105.245
105.246
105.247
105.248
105.249
105.25
105.251
105.252
105.253
105.254
105.255
105.256
105.257
105.258
105.259
105.26
105.261
105.262
105.263
105.264
105.265
105.266
105.267
105.268
105.269
105.27
105.271
105.272
105.273
105.274
105.275
105.276
105.277
105.278
105.279
105.28
105.281
105.282
105.283
105.284
105.285
105.286
105.287
105.288
105.289
105.29
105.291
105.292
105.293
105.294
105.295
105.296
105.297
105.298
105.299
105.3
105.301
105.302
105.303
105.304
105.305
105.306
105.307
105.308
105.309
105.31
105.311
105.312
105.313
105.314
105.315
105.316
105.317
105.318
105.319
105.32
105.321
105.322
105.323
105.324
105.325
105.326
105.327
105.328
105.329
105.33
105.331
105.332
105.333
105.334
105.335
105.336
105.337
105.338
105.339
105.34
105.341
105.342
105.343
105.344
105.345
105.346
105.347
105.348
105.349
105.35
105.351
105.352
105.353
105.354
105.355
105.356
105.357
105.358
105.359
105.36
105.361
105.362
105.363
105.364
105.365
105.366
105.367
105.368
105.369
105.37
105.371
105.372
105.373
105.374
105.375
105.376
105.377
105.378
105.379
105.38
105.381
105.382
105.383
105.384
105.385
105.386
105.387
105.388
105.389
105.39
105.391
105.392
105.393
105.394
105.395
105.396
105.397
105.398
105.399
105.4
105.401
105.402
105.403
105.404
105.405
105.406
105.407
105.408
105.409
105.41
105.411
105.412
105.413
105.414
105.415
105.416
105.417
105.418
105.419
105.42
105.421
105.422
105.423
105.424
105.425
105.426
105.427
105.428
105.429
105.43
105.431
105.432
105.433
105.434
105.435
105.436
105.437
105.438
105.439
105.44
105.441
105.442
105.443
105.444
105.445
105.446
105.447
105.448
105.449
105.45
105.451
105.452
105.453
105.454
105.455
105.456
105.457
105.458
105.459
105.46
105.461
105.462
105.463
105.464
105.465
105.466
105.467
105.468
105.469
105.47
105.471
105.472
105.473
105.474
105.475
105.476
105.477
105.478
105.479
105.48
105.481
105.482
105.483
105.484
105.485
105.486
105.487
105.488
105.489
105.49
105.491
105.492
105.493
105.494
105.495
105.496
105.497
105.498
105.499
105.5
105.501
105.502
105.503
105.504
105.505
105.506
105.507
105.508
105.509
105.51
105.511
105.512
105.513
105.514
105.515
105.516
105.517
105.518
105.519
105.52
105.521
105.522
105.523
105.524
105.525
105.526
105.527
105.528
105.529
105.53
105.531
105.532
105.533
105.534
105.535
105.536
105.537
105.538
105.539
105.54
105.541
105.542
105.543
105.544
105.545
105.546
105.547
105.548
105.549
105.55
105.551
105.552
105.553
105.554
105.555
105.556
105.557
105.558
105.559
105.56
105.561
105.562
105.563
105.564
105.565
105.566
105.567
105.568
105.569
105.57
105.571
105.572
105.573
105.574
105.575
105.576
105.577
105.578
105.579
105.58
105.581
105.582
105.583
105.584
105.585
105.586
105.587
105.588
105.589
105.59
105.591
105.592
105.593
105.594
105.595
105.596
105.597
105.598
105.599
105.6
105.601
105.602
105.603
105.604
105.605
105.606
105.607
105.608
105.609
105.61
105.611
105.612
105.613
105.614
105.615
105.616
105.617
105.618
105.619
105.62
105.621
105.622
105.623
105.624
105.625
105.626
105.627
105.628
105.629
105.63
105.631
105.632
105.633
105.634
105.635
105.636
105.637
105.638
105.639
105.64
105.641
105.642
105.643
105.644
105.645
105.646
105.647
105.648
105.649
105.65
105.651
105.652
105.653
105.654
105.655
105.656
105.657
105.658
105.659
105.66
105.661
105.662
105.663
105.664
105.665
105.666
105.667
105.668
105.669
105.67
105.671
105.672
105.673
105.674
105.675
105.676
105.677
105.678
105.679
105.68
105.681
105.682
105.683
105.684
105.685
105.686
105.687
105.688
105.689
105.69
105.691
105.692
105.693
105.694
105.695
105.696
105.697
105.698
105.699
105.7
105.701
105.702
105.703
105.704
105.705
105.706
105.707
105.708
105.709
105.71
105.711
105.712
105.713
105.714
105.715
105.716
105.717
105.718
105.719
105.72
105.721
105.722
105.723
105.724
105.725
105.726
105.727
105.728
105.729
105.73
105.731
105.732
105.733
105.734
105.735
105.736
105.737
105.738
105.739
105.74
105.741
105.742
105.743
105.744
105.745
105.746
105.747
105.748
105.749
105.75
105.751
105.752
105.753
105.754
105.755
105.756
105.757
105.758
105.759
105.76
105.761
105.762
105.763
105.764
105.765
105.766
105.767
105.768
105.769
105.77
105.771
105.772
105.773
105.774
105.775
105.776
105.777
105.778
105.779
105.78
105.781
105.782
105.783
105.784
105.785
105.786
105.787
105.788
105.789
105.79
105.791
105.792
105.793
105.794
105.795
105.796
105.797
105.798
105.799
105.8
105.801
105.802
105.803
105.804
105.805
105.806
105.807
105.808
105.809
105.81
105.811
105.812
105.813
105.814
105.815
105.816
105.817
105.818
105.819
105.82
105.821
105.822
105.823
105.824
105.825
105.826
105.827
105.828
105.829
105.83
105.831
105.832
105.833
105.834
105.835
105.836
105.837
105.838
105.839
105.84
105.841
105.842
105.843
105.844
105.845
105.846
105.847
105.848
105.849
105.85
105.851
105.852
105.853
105.854
105.855
105.856
105.857
105.858
105.859
105.86
105.861
105.862
105.863
105.864
105.865
105.866
105.867
105.868
105.869
105.87
105.871
105.872
105.873
105.874
105.875
105.876
105.877
105.878
105.879
105.88
105.881
105.882
105.883
105.884
105.885
105.886
105.887
105.888
105.889
105.89
105.891
105.892
105.893
105.894
105.895
105.896
105.897
105.898
105.899
105.9
105.901
105.902
105.903
105.904
105.905
105.906
105.907
105.908
105.909
105.91
105.911
105.912
105.913
105.914
105.915
105.916
105.917
105.918
105.919
105.92
105.921
105.922
105.923
105.924
105.925
105.926
105.927
105.928
105.929
105.93
105.931
105.932
105.933
105.934
105.935
105.936
105.937
105.938
105.939
105.94
105.941
105.942
105.943
105.944
105.945
105.946
105.947
105.948
105.949
105.95
105.951
105.952
105.953
105.954
105.955
105.956
105.957
105.958
105.959
105.96
105.961
105.962
105.963
105.964
105.965
105.966
105.967
105.968
105.969
105.97
105.971
105.972
105.973
105.974
105.975
105.976
105.977
105.978
105.979
105.98
105.981
105.982
105.983
105.984
105.985
105.986
105.987
105.988
105.989
105.99
105.991
105.992
105.993
105.994
105.995
105.996
105.997
105.998
105.999
106
106.001
106.002
106.003
106.004
106.005
106.006
106.007
106.008
106.009
106.01
106.011
106.012
106.013
106.014
106.015
106.016
106.017
106.018
106.019
106.02
106.021
106.022
106.023
106.024
106.025
106.026
106.027
106.028
106.029
106.03
106.031
106.032
106.033
106.034
106.035
106.036
106.037
106.038
106.039
106.04
106.041
106.042
106.043
106.044
106.045
106.046
106.047
106.048
106.049
106.05
106.051
106.052
106.053
106.054
106.055
106.056
106.057
106.058
106.059
106.06
106.061
106.062
106.063
106.064
106.065
106.066
106.067
106.068
106.069
106.07
106.071
106.072
106.073
106.074
106.075
106.076
106.077
106.078
106.079
106.08
106.081
106.082
106.083
106.084
106.085
106.086
106.087
106.088
106.089
106.09
106.091
106.092
106.093
106.094
106.095
106.096
106.097
106.098
106.099
106.1
106.101
106.102
106.103
106.104
106.105
106.106
106.107
106.108
106.109
106.11
106.111
106.112
106.113
106.114
106.115
106.116
106.117
106.118
106.119
106.12
106.121
106.122
106.123
106.124
106.125
106.126
106.127
106.128
106.129
106.13
106.131
106.132
106.133
106.134
106.135
106.136
106.137
106.138
106.139
106.14
106.141
106.142
106.143
106.144
106.145
106.146
106.147
106.148
106.149
106.15
106.151
106.152
106.153
106.154
106.155
106.156
106.157
106.158
106.159
106.16
106.161
106.162
106.163
106.164
106.165
106.166
106.167
106.168
106.169
106.17
106.171
106.172
106.173
106.174
106.175
106.176
106.177
106.178
106.179
106.18
106.181
106.182
106.183
106.184
106.185
106.186
106.187
106.188
106.189
106.19
106.191
106.192
106.193
106.194
106.195
106.196
106.197
106.198
106.199
106.2
106.201
106.202
106.203
106.204
106.205
106.206
106.207
106.208
106.209
106.21
106.211
106.212
106.213
106.214
106.215
106.216
106.217
106.218
106.219
106.22
106.221
106.222
106.223
106.224
106.225
106.226
106.227
106.228
106.229
106.23
106.231
106.232
106.233
106.234
106.235
106.236
106.237
106.238
106.239
106.24
106.241
106.242
106.243
106.244
106.245
106.246
106.247
106.248
106.249
106.25
106.251
106.252
106.253
106.254
106.255
106.256
106.257
106.258
106.259
106.26
106.261
106.262
106.263
106.264
106.265
106.266
106.267
106.268
106.269
106.27
106.271
106.272
106.273
106.274
106.275
106.276
106.277
106.278
106.279
106.28
106.281
106.282
106.283
106.284
106.285
106.286
106.287
106.288
106.289
106.29
106.291
106.292
106.293
106.294
106.295
106.296
106.297
106.298
106.299
106.3
106.301
106.302
106.303
106.304
106.305
106.306
106.307
106.308
106.309
106.31
106.311
106.312
106.313
106.314
106.315
106.316
106.317
106.318
106.319
106.32
106.321
106.322
106.323
106.324
106.325
106.326
106.327
106.328
106.329
106.33
106.331
106.332
106.333
106.334
106.335
106.336
106.337
106.338
106.339
106.34
106.341
106.342
106.343
106.344
106.345
106.346
106.347
106.348
106.349
106.35
106.351
106.352
106.353
106.354
106.355
106.356
106.357
106.358
106.359
106.36
106.361
106.362
106.363
106.364
106.365
106.366
106.367
106.368
106.369
106.37
106.371
106.372
106.373
106.374
106.375
106.376
106.377
106.378
106.379
106.38
106.381
106.382
106.383
106.384
106.385
106.386
106.387
106.388
106.389
106.39
106.391
106.392
106.393
106.394
106.395
106.396
106.397
106.398
106.399
106.4
106.401
106.402
106.403
106.404
106.405
106.406
106.407
106.408
106.409
106.41
106.411
106.412
106.413
106.414
106.415
106.416
106.417
106.418
106.419
106.42
106.421
106.422
106.423
106.424
106.425
106.426
106.427
106.428
106.429
106.43
106.431
106.432
106.433
106.434
106.435
106.436
106.437
106.438
106.439
106.44
106.441
106.442
106.443
106.444
106.445
106.446
106.447
106.448
106.449
106.45
106.451
106.452
106.453
106.454
106.455
106.456
106.457
106.458
106.459
106.46
106.461
106.462
106.463
106.464
106.465
106.466
106.467
106.468
106.469
106.47
106.471
106.472
106.473
106.474
106.475
106.476
106.477
106.478
106.479
106.48
106.481
106.482
106.483
106.484
106.485
106.486
106.487
106.488
106.489
106.49
106.491
106.492
106.493
106.494
106.495
106.496
106.497
106.498
106.499
106.5
106.501
106.502
106.503
106.504
106.505
106.506
106.507
106.508
106.509
106.51
106.511
106.512
106.513
106.514
106.515
106.516
106.517
106.518
106.519
106.52
106.521
106.522
106.523
106.524
106.525
106.526
106.527
106.528
106.529
106.53
106.531
106.532
106.533
106.534
106.535
106.536
106.537
106.538
106.539
106.54
106.541
106.542
106.543
106.544
106.545
106.546
106.547
106.548
106.549
106.55
106.551
106.552
106.553
106.554
106.555
106.556
106.557
106.558
106.559
106.56
106.561
106.562
106.563
106.564
106.565
106.566
106.567
106.568
106.569
106.57
106.571
106.572
106.573
106.574
106.575
106.576
106.577
106.578
106.579
106.58
106.581
106.582
106.583
106.584
106.585
106.586
106.587
106.588
106.589
106.59
106.591
106.592
106.593
106.594
106.595
106.596
106.597
106.598
106.599
106.6
106.601
106.602
106.603
106.604
106.605
106.606
106.607
106.608
106.609
106.61
106.611
106.612
106.613
106.614
106.615
106.616
106.617
106.618
106.619
106.62
106.621
106.622
106.623
106.624
106.625
106.626
106.627
106.628
106.629
106.63
106.631
106.632
106.633
106.634
106.635
106.636
106.637
106.638
106.639
106.64
106.641
106.642
106.643
106.644
106.645
106.646
106.647
106.648
106.649
106.65
106.651
106.652
106.653
106.654
106.655
106.656
106.657
106.658
106.659
106.66
106.661
106.662
106.663
106.664
106.665
106.666
106.667
106.668
106.669
106.67
106.671
106.672
106.673
106.674
106.675
106.676
106.677
106.678
106.679
106.68
106.681
106.682
106.683
106.684
106.685
106.686
106.687
106.688
106.689
106.69
106.691
106.692
106.693
106.694
106.695
106.696
106.697
106.698
106.699
106.7
106.701
106.702
106.703
106.704
106.705
106.706
106.707
106.708
106.709
106.71
106.711
106.712
106.713
106.714
106.715
106.716
106.717
106.718
106.719
106.72
106.721
106.722
106.723
106.724
106.725
106.726
106.727
106.728
106.729
106.73
106.731
106.732
106.733
106.734
106.735
106.736
106.737
106.738
106.739
106.74
106.741
106.742
106.743
106.744
106.745
106.746
106.747
106.748
106.749
106.75
106.751
106.752
106.753
106.754
106.755
106.756
106.757
106.758
106.759
106.76
106.761
106.762
106.763
106.764
106.765
106.766
106.767
106.768
106.769
106.77
106.771
106.772
106.773
106.774
106.775
106.776
106.777
106.778
106.779
106.78
106.781
106.782
106.783
106.784
106.785
106.786
106.787
106.788
106.789
106.79
106.791
106.792
106.793
106.794
106.795
106.796
106.797
106.798
106.799
106.8
106.801
106.802
106.803
106.804
106.805
106.806
106.807
106.808
106.809
106.81
106.811
106.812
106.813
106.814
106.815
106.816
106.817
106.818
106.819
106.82
106.821
106.822
106.823
106.824
106.825
106.826
106.827
106.828
106.829
106.83
106.831
106.832
106.833
106.834
106.835
106.836
106.837
106.838
106.839
106.84
106.841
106.842
106.843
106.844
106.845
106.846
106.847
106.848
106.849
106.85
106.851
106.852
106.853
106.854
106.855
106.856
106.857
106.858
106.859
106.86
106.861
106.862
106.863
106.864
106.865
106.866
106.867
106.868
106.869
106.87
106.871
106.872
106.873
106.874
106.875
106.876
106.877
106.878
106.879
106.88
106.881
106.882
106.883
106.884
106.885
106.886
106.887
106.888
106.889
106.89
106.891
106.892
106.893
106.894
106.895
106.896
106.897
106.898
106.899
106.9
106.901
106.902
106.903
106.904
106.905
106.906
106.907
106.908
106.909
106.91
106.911
106.912
106.913
106.914
106.915
106.916
106.917
106.918
106.919
106.92
106.921
106.922
106.923
106.924
106.925
106.926
106.927
106.928
106.929
106.93
106.931
106.932
106.933
106.934
106.935
106.936
106.937
106.938
106.939
106.94
106.941
106.942
106.943
106.944
106.945
106.946
106.947
106.948
106.949
106.95
106.951
106.952
106.953
106.954
106.955
106.956
106.957
106.958
106.959
106.96
106.961
106.962
106.963
106.964
106.965
106.966
106.967
106.968
106.969
106.97
106.971
106.972
106.973
106.974
106.975
106.976
106.977
106.978
106.979
106.98
106.981
106.982
106.983
106.984
106.985
106.986
106.987
106.988
106.989
106.99
106.991
106.992
106.993
106.994
106.995
106.996
106.997
106.998
106.999
107
107.001
107.002
107.003
107.004
107.005
107.006
107.007
107.008
107.009
107.01
107.011
107.012
107.013
107.014
107.015
107.016
107.017
107.018
107.019
107.02
107.021
107.022
107.023
107.024
107.025
107.026
107.027
107.028
107.029
107.03
107.031
107.032
107.033
107.034
107.035
107.036
107.037
107.038
107.039
107.04
107.041
107.042
107.043
107.044
107.045
107.046
107.047
107.048
107.049
107.05
107.051
107.052
107.053
107.054
107.055
107.056
107.057
107.058
107.059
107.06
107.061
107.062
107.063
107.064
107.065
107.066
107.067
107.068
107.069
107.07
107.071
107.072
107.073
107.074
107.075
107.076
107.077
107.078
107.079
107.08
107.081
107.082
107.083
107.084
107.085
107.086
107.087
107.088
107.089
107.09
107.091
107.092
107.093
107.094
107.095
107.096
107.097
107.098
107.099
107.1
107.101
107.102
107.103
107.104
107.105
107.106
107.107
107.108
107.109
107.11
107.111
107.112
107.113
107.114
107.115
107.116
107.117
107.118
107.119
107.12
107.121
107.122
107.123
107.124
107.125
107.126
107.127
107.128
107.129
107.13
107.131
107.132
107.133
107.134
107.135
107.136
107.137
107.138
107.139
107.14
107.141
107.142
107.143
107.144
107.145
107.146
107.147
107.148
107.149
107.15
107.151
107.152
107.153
107.154
107.155
107.156
107.157
107.158
107.159
107.16
107.161
107.162
107.163
107.164
107.165
107.166
107.167
107.168
107.169
107.17
107.171
107.172
107.173
107.174
107.175
107.176
107.177
107.178
107.179
107.18
107.181
107.182
107.183
107.184
107.185
107.186
107.187
107.188
107.189
107.19
107.191
107.192
107.193
107.194
107.195
107.196
107.197
107.198
107.199
107.2
107.201
107.202
107.203
107.204
107.205
107.206
107.207
107.208
107.209
107.21
107.211
107.212
107.213
107.214
107.215
107.216
107.217
107.218
107.219
107.22
107.221
107.222
107.223
107.224
107.225
107.226
107.227
107.228
107.229
107.23
107.231
107.232
107.233
107.234
107.235
107.236
107.237
107.238
107.239
107.24
107.241
107.242
107.243
107.244
107.245
107.246
107.247
107.248
107.249
107.25
107.251
107.252
107.253
107.254
107.255
107.256
107.257
107.258
107.259
107.26
107.261
107.262
107.263
107.264
107.265
107.266
107.267
107.268
107.269
107.27
107.271
107.272
107.273
107.274
107.275
107.276
107.277
107.278
107.279
107.28
107.281
107.282
107.283
107.284
107.285
107.286
107.287
107.288
107.289
107.29
107.291
107.292
107.293
107.294
107.295
107.296
107.297
107.298
107.299
107.3
107.301
107.302
107.303
107.304
107.305
107.306
107.307
107.308
107.309
107.31
107.311
107.312
107.313
107.314
107.315
107.316
107.317
107.318
107.319
107.32
107.321
107.322
107.323
107.324
107.325
107.326
107.327
107.328
107.329
107.33
107.331
107.332
107.333
107.334
107.335
107.336
107.337
107.338
107.339
107.34
107.341
107.342
107.343
107.344
107.345
107.346
107.347
107.348
107.349
107.35
107.351
107.352
107.353
107.354
107.355
107.356
107.357
107.358
107.359
107.36
107.361
107.362
107.363
107.364
107.365
107.366
107.367
107.368
107.369
107.37
107.371
107.372
107.373
107.374
107.375
107.376
107.377
107.378
107.379
107.38
107.381
107.382
107.383
107.384
107.385
107.386
107.387
107.388
107.389
107.39
107.391
107.392
107.393
107.394
107.395
107.396
107.397
107.398
107.399
107.4
107.401
107.402
107.403
107.404
107.405
107.406
107.407
107.408
107.409
107.41
107.411
107.412
107.413
107.414
107.415
107.416
107.417
107.418
107.419
107.42
107.421
107.422
107.423
107.424
107.425
107.426
107.427
107.428
107.429
107.43
107.431
107.432
107.433
107.434
107.435
107.436
107.437
107.438
107.439
107.44
107.441
107.442
107.443
107.444
107.445
107.446
107.447
107.448
107.449
107.45
107.451
107.452
107.453
107.454
107.455
107.456
107.457
107.458
107.459
107.46
107.461
107.462
107.463
107.464
107.465
107.466
107.467
107.468
107.469
107.47
107.471
107.472
107.473
107.474
107.475
107.476
107.477
107.478
107.479
107.48
107.481
107.482
107.483
107.484
107.485
107.486
107.487
107.488
107.489
107.49
107.491
107.492
107.493
107.494
107.495
107.496
107.497
107.498
107.499
107.5
107.501
107.502
107.503
107.504
107.505
107.506
107.507
107.508
107.509
107.51
107.511
107.512
107.513
107.514
107.515
107.516
107.517
107.518
107.519
107.52
107.521
107.522
107.523
107.524
107.525
107.526
107.527
107.528
107.529
107.53
107.531
107.532
107.533
107.534
107.535
107.536
107.537
107.538
107.539
107.54
107.541
107.542
107.543
107.544
107.545
107.546
107.547
107.548
107.549
107.55
107.551
107.552
107.553
107.554
107.555
107.556
107.557
107.558
107.559
107.56
107.561
107.562
107.563
107.564
107.565
107.566
107.567
107.568
107.569
107.57
107.571
107.572
107.573
107.574
107.575
107.576
107.577
107.578
107.579
107.58
107.581
107.582
107.583
107.584
107.585
107.586
107.587
107.588
107.589
107.59
107.591
107.592
107.593
107.594
107.595
107.596
107.597
107.598
107.599
107.6
107.601
107.602
107.603
107.604
107.605
107.606
107.607
107.608
107.609
107.61
107.611
107.612
107.613
107.614
107.615
107.616
107.617
107.618
107.619
107.62
107.621
107.622
107.623
107.624
107.625
107.626
107.627
107.628
107.629
107.63
107.631
107.632
107.633
107.634
107.635
107.636
107.637
107.638
107.639
107.64
107.641
107.642
107.643
107.644
107.645
107.646
107.647
107.648
107.649
107.65
107.651
107.652
107.653
107.654
107.655
107.656
107.657
107.658
107.659
107.66
107.661
107.662
107.663
107.664
107.665
107.666
107.667
107.668
107.669
107.67
107.671
107.672
107.673
107.674
107.675
107.676
107.677
107.678
107.679
107.68
107.681
107.682
107.683
107.684
107.685
107.686
107.687
107.688
107.689
107.69
107.691
107.692
107.693
107.694
107.695
107.696
107.697
107.698
107.699
107.7
107.701
107.702
107.703
107.704
107.705
107.706
107.707
107.708
107.709
107.71
107.711
107.712
107.713
107.714
107.715
107.716
107.717
107.718
107.719
107.72
107.721
107.722
107.723
107.724
107.725
107.726
107.727
107.728
107.729
107.73
107.731
107.732
107.733
107.734
107.735
107.736
107.737
107.738
107.739
107.74
107.741
107.742
107.743
107.744
107.745
107.746
107.747
107.748
107.749
107.75
107.751
107.752
107.753
107.754
107.755
107.756
107.757
107.758
107.759
107.76
107.761
107.762
107.763
107.764
107.765
107.766
107.767
107.768
107.769
107.77
107.771
107.772
107.773
107.774
107.775
107.776
107.777
107.778
107.779
107.78
107.781
107.782
107.783
107.784
107.785
107.786
107.787
107.788
107.789
107.79
107.791
107.792
107.793
107.794
107.795
107.796
107.797
107.798
107.799
107.8
107.801
107.802
107.803
107.804
107.805
107.806
107.807
107.808
107.809
107.81
107.811
107.812
107.813
107.814
107.815
107.816
107.817
107.818
107.819
107.82
107.821
107.822
107.823
107.824
107.825
107.826
107.827
107.828
107.829
107.83
107.831
107.832
107.833
107.834
107.835
107.836
107.837
107.838
107.839
107.84
107.841
107.842
107.843
107.844
107.845
107.846
107.847
107.848
107.849
107.85
107.851
107.852
107.853
107.854
107.855
107.856
107.857
107.858
107.859
107.86
107.861
107.862
107.863
107.864
107.865
107.866
107.867
107.868
107.869
107.87
107.871
107.872
107.873
107.874
107.875
107.876
107.877
107.878
107.879
107.88
107.881
107.882
107.883
107.884
107.885
107.886
107.887
107.888
107.889
107.89
107.891
107.892
107.893
107.894
107.895
107.896
107.897
107.898
107.899
107.9
107.901
107.902
107.903
107.904
107.905
107.906
107.907
107.908
107.909
107.91
107.911
107.912
107.913
107.914
107.915
107.916
107.917
107.918
107.919
107.92
107.921
107.922
107.923
107.924
107.925
107.926
107.927
107.928
107.929
107.93
107.931
107.932
107.933
107.934
107.935
107.936
107.937
107.938
107.939
107.94
107.941
107.942
107.943
107.944
107.945
107.946
107.947
107.948
107.949
107.95
107.951
107.952
107.953
107.954
107.955
107.956
107.957
107.958
107.959
107.96
107.961
107.962
107.963
107.964
107.965
107.966
107.967
107.968
107.969
107.97
107.971
107.972
107.973
107.974
107.975
107.976
107.977
107.978
107.979
107.98
107.981
107.982
107.983
107.984
107.985
107.986
107.987
107.988
107.989
107.99
107.991
107.992
107.993
107.994
107.995
107.996
107.997
107.998
107.999
108
108.001
108.002
108.003
108.004
108.005
108.006
108.007
108.008
108.009
108.01
108.011
108.012
108.013
108.014
108.015
108.016
108.017
108.018
108.019
108.02
108.021
108.022
108.023
108.024
108.025
108.026
108.027
108.028
108.029
108.03
108.031
108.032
108.033
108.034
108.035
108.036
108.037
108.038
108.039
108.04
108.041
108.042
108.043
108.044
108.045
108.046
108.047
108.048
108.049
108.05
108.051
108.052
108.053
108.054
108.055
108.056
108.057
108.058
108.059
108.06
108.061
108.062
108.063
108.064
108.065
108.066
108.067
108.068
108.069
108.07
108.071
108.072
108.073
108.074
108.075
108.076
108.077
108.078
108.079
108.08
108.081
108.082
108.083
108.084
108.085
108.086
108.087
108.088
108.089
108.09
108.091
108.092
108.093
108.094
108.095
108.096
108.097
108.098
108.099
108.1
108.101
108.102
108.103
108.104
108.105
108.106
108.107
108.108
108.109
108.11
108.111
108.112
108.113
108.114
108.115
108.116
108.117
108.118
108.119
108.12
108.121
108.122
108.123
108.124
108.125
108.126
108.127
108.128
108.129
108.13
108.131
108.132
108.133
108.134
108.135
108.136
108.137
108.138
108.139
108.14
108.141
108.142
108.143
108.144
108.145
108.146
108.147
108.148
108.149
108.15
108.151
108.152
108.153
108.154
108.155
108.156
108.157
108.158
108.159
108.16
108.161
108.162
108.163
108.164
108.165
108.166
108.167
108.168
108.169
108.17
108.171
108.172
108.173
108.174
108.175
108.176
108.177
108.178
108.179
108.18
108.181
108.182
108.183
108.184
108.185
108.186
108.187
108.188
108.189
108.19
108.191
108.192
108.193
108.194
108.195
108.196
108.197
108.198
108.199
108.2
108.201
108.202
108.203
108.204
108.205
108.206
108.207
108.208
108.209
108.21
108.211
108.212
108.213
108.214
108.215
108.216
108.217
108.218
108.219
108.22
108.221
108.222
108.223
108.224
108.225
108.226
108.227
108.228
108.229
108.23
108.231
108.232
108.233
108.234
108.235
108.236
108.237
108.238
108.239
108.24
108.241
108.242
108.243
108.244
108.245
108.246
108.247
108.248
108.249
108.25
108.251
108.252
108.253
108.254
108.255
108.256
108.257
108.258
108.259
108.26
108.261
108.262
108.263
108.264
108.265
108.266
108.267
108.268
108.269
108.27
108.271
108.272
108.273
108.274
108.275
108.276
108.277
108.278
108.279
108.28
108.281
108.282
108.283
108.284
108.285
108.286
108.287
108.288
108.289
108.29
108.291
108.292
108.293
108.294
108.295
108.296
108.297
108.298
108.299
108.3
108.301
108.302
108.303
108.304
108.305
108.306
108.307
108.308
108.309
108.31
108.311
108.312
108.313
108.314
108.315
108.316
108.317
108.318
108.319
108.32
108.321
108.322
108.323
108.324
108.325
108.326
108.327
108.328
108.329
108.33
108.331
108.332
108.333
108.334
108.335
108.336
108.337
108.338
108.339
108.34
108.341
108.342
108.343
108.344
108.345
108.346
108.347
108.348
108.349
108.35
108.351
108.352
108.353
108.354
108.355
108.356
108.357
108.358
108.359
108.36
108.361
108.362
108.363
108.364
108.365
108.366
108.367
108.368
108.369
108.37
108.371
108.372
108.373
108.374
108.375
108.376
108.377
108.378
108.379
108.38
108.381
108.382
108.383
108.384
108.385
108.386
108.387
108.388
108.389
108.39
108.391
108.392
108.393
108.394
108.395
108.396
108.397
108.398
108.399
108.4
108.401
108.402
108.403
108.404
108.405
108.406
108.407
108.408
108.409
108.41
108.411
108.412
108.413
108.414
108.415
108.416
108.417
108.418
108.419
108.42
108.421
108.422
108.423
108.424
108.425
108.426
108.427
108.428
108.429
108.43
108.431
108.432
108.433
108.434
108.435
108.436
108.437
108.438
108.439
108.44
108.441
108.442
108.443
108.444
108.445
108.446
108.447
108.448
108.449
108.45
108.451
108.452
108.453
108.454
108.455
108.456
108.457
108.458
108.459
108.46
108.461
108.462
108.463
108.464
108.465
108.466
108.467
108.468
108.469
108.47
108.471
108.472
108.473
108.474
108.475
108.476
108.477
108.478
108.479
108.48
108.481
108.482
108.483
108.484
108.485
108.486
108.487
108.488
108.489
108.49
108.491
108.492
108.493
108.494
108.495
108.496
108.497
108.498
108.499
108.5
108.501
108.502
108.503
108.504
108.505
108.506
108.507
108.508
108.509
108.51
108.511
108.512
108.513
108.514
108.515
108.516
108.517
108.518
108.519
108.52
108.521
108.522
108.523
108.524
108.525
108.526
108.527
108.528
108.529
108.53
108.531
108.532
108.533
108.534
108.535
108.536
108.537
108.538
108.539
108.54
108.541
108.542
108.543
108.544
108.545
108.546
108.547
108.548
108.549
108.55
108.551
108.552
108.553
108.554
108.555
108.556
108.557
108.558
108.559
108.56
108.561
108.562
108.563
108.564
108.565
108.566
108.567
108.568
108.569
108.57
108.571
108.572
108.573
108.574
108.575
108.576
108.577
108.578
108.579
108.58
108.581
108.582
108.583
108.584
108.585
108.586
108.587
108.588
108.589
108.59
108.591
108.592
108.593
108.594
108.595
108.596
108.597
108.598
108.599
108.6
108.601
108.602
108.603
108.604
108.605
108.606
108.607
108.608
108.609
108.61
108.611
108.612
108.613
108.614
108.615
108.616
108.617
108.618
108.619
108.62
108.621
108.622
108.623
108.624
108.625
108.626
108.627
108.628
108.629
108.63
108.631
108.632
108.633
108.634
108.635
108.636
108.637
108.638
108.639
108.64
108.641
108.642
108.643
108.644
108.645
108.646
108.647
108.648
108.649
108.65
108.651
108.652
108.653
108.654
108.655
108.656
108.657
108.658
108.659
108.66
108.661
108.662
108.663
108.664
108.665
108.666
108.667
108.668
108.669
108.67
108.671
108.672
108.673
108.674
108.675
108.676
108.677
108.678
108.679
108.68
108.681
108.682
108.683
108.684
108.685
108.686
108.687
108.688
108.689
108.69
108.691
108.692
108.693
108.694
108.695
108.696
108.697
108.698
108.699
108.7
108.701
108.702
108.703
108.704
108.705
108.706
108.707
108.708
108.709
108.71
108.711
108.712
108.713
108.714
108.715
108.716
108.717
108.718
108.719
108.72
108.721
108.722
108.723
108.724
108.725
108.726
108.727
108.728
108.729
108.73
108.731
108.732
108.733
108.734
108.735
108.736
108.737
108.738
108.739
108.74
108.741
108.742
108.743
108.744
108.745
108.746
108.747
108.748
108.749
108.75
108.751
108.752
108.753
108.754
108.755
108.756
108.757
108.758
108.759
108.76
108.761
108.762
108.763
108.764
108.765
108.766
108.767
108.768
108.769
108.77
108.771
108.772
108.773
108.774
108.775
108.776
108.777
108.778
108.779
108.78
108.781
108.782
108.783
108.784
108.785
108.786
108.787
108.788
108.789
108.79
108.791
108.792
108.793
108.794
108.795
108.796
108.797
108.798
108.799
108.8
108.801
108.802
108.803
108.804
108.805
108.806
108.807
108.808
108.809
108.81
108.811
108.812
108.813
108.814
108.815
108.816
108.817
108.818
108.819
108.82
108.821
108.822
108.823
108.824
108.825
108.826
108.827
108.828
108.829
108.83
108.831
108.832
108.833
108.834
108.835
108.836
108.837
108.838
108.839
108.84
108.841
108.842
108.843
108.844
108.845
108.846
108.847
108.848
108.849
108.85
108.851
108.852
108.853
108.854
108.855
108.856
108.857
108.858
108.859
108.86
108.861
108.862
108.863
108.864
108.865
108.866
108.867
108.868
108.869
108.87
108.871
108.872
108.873
108.874
108.875
108.876
108.877
108.878
108.879
108.88
108.881
108.882
108.883
108.884
108.885
108.886
108.887
108.888
108.889
108.89
108.891
108.892
108.893
108.894
108.895
108.896
108.897
108.898
108.899
108.9
108.901
108.902
108.903
108.904
108.905
108.906
108.907
108.908
108.909
108.91
108.911
108.912
108.913
108.914
108.915
108.916
108.917
108.918
108.919
108.92
108.921
108.922
108.923
108.924
108.925
108.926
108.927
108.928
108.929
108.93
108.931
108.932
108.933
108.934
108.935
108.936
108.937
108.938
108.939
108.94
108.941
108.942
108.943
108.944
108.945
108.946
108.947
108.948
108.949
108.95
108.951
108.952
108.953
108.954
108.955
108.956
108.957
108.958
108.959
108.96
108.961
108.962
108.963
108.964
108.965
108.966
108.967
108.968
108.969
108.97
108.971
108.972
108.973
108.974
108.975
108.976
108.977
108.978
108.979
108.98
108.981
108.982
108.983
108.984
108.985
108.986
108.987
108.988
108.989
108.99
108.991
108.992
108.993
108.994
108.995
108.996
108.997
108.998
108.999
109
109.001
109.002
109.003
109.004
109.005
109.006
109.007
109.008
109.009
109.01
109.011
109.012
109.013
109.014
109.015
109.016
109.017
109.018
109.019
109.02
109.021
109.022
109.023
109.024
109.025
109.026
109.027
109.028
109.029
109.03
109.031
109.032
109.033
109.034
109.035
109.036
109.037
109.038
109.039
109.04
109.041
109.042
109.043
109.044
109.045
109.046
109.047
109.048
109.049
109.05
109.051
109.052
109.053
109.054
109.055
109.056
109.057
109.058
109.059
109.06
109.061
109.062
109.063
109.064
109.065
109.066
109.067
109.068
109.069
109.07
109.071
109.072
109.073
109.074
109.075
109.076
109.077
109.078
109.079
109.08
109.081
109.082
109.083
109.084
109.085
109.086
109.087
109.088
109.089
109.09
109.091
109.092
109.093
109.094
109.095
109.096
109.097
109.098
109.099
109.1
109.101
109.102
109.103
109.104
109.105
109.106
109.107
109.108
109.109
109.11
109.111
109.112
109.113
109.114
109.115
109.116
109.117
109.118
109.119
109.12
109.121
109.122
109.123
109.124
109.125
109.126
109.127
109.128
109.129
109.13
109.131
109.132
109.133
109.134
109.135
109.136
109.137
109.138
109.139
109.14
109.141
109.142
109.143
109.144
109.145
109.146
109.147
109.148
109.149
109.15
109.151
109.152
109.153
109.154
109.155
109.156
109.157
109.158
109.159
109.16
109.161
109.162
109.163
109.164
109.165
109.166
109.167
109.168
109.169
109.17
109.171
109.172
109.173
109.174
109.175
109.176
109.177
109.178
109.179
109.18
109.181
109.182
109.183
109.184
109.185
109.186
109.187
109.188
109.189
109.19
109.191
109.192
109.193
109.194
109.195
109.196
109.197
109.198
109.199
109.2
109.201
109.202
109.203
109.204
109.205
109.206
109.207
109.208
109.209
109.21
109.211
109.212
109.213
109.214
109.215
109.216
109.217
109.218
109.219
109.22
109.221
109.222
109.223
109.224
109.225
109.226
109.227
109.228
109.229
109.23
109.231
109.232
109.233
109.234
109.235
109.236
109.237
109.238
109.239
109.24
109.241
109.242
109.243
109.244
109.245
109.246
109.247
109.248
109.249
109.25
109.251
109.252
109.253
109.254
109.255
109.256
109.257
109.258
109.259
109.26
109.261
109.262
109.263
109.264
109.265
109.266
109.267
109.268
109.269
109.27
109.271
109.272
109.273
109.274
109.275
109.276
109.277
109.278
109.279
109.28
109.281
109.282
109.283
109.284
109.285
109.286
109.287
109.288
109.289
109.29
109.291
109.292
109.293
109.294
109.295
109.296
109.297
109.298
109.299
109.3
109.301
109.302
109.303
109.304
109.305
109.306
109.307
109.308
109.309
109.31
109.311
109.312
109.313
109.314
109.315
109.316
109.317
109.318
109.319
109.32
109.321
109.322
109.323
109.324
109.325
109.326
109.327
109.328
109.329
109.33
109.331
109.332
109.333
109.334
109.335
109.336
109.337
109.338
109.339
109.34
109.341
109.342
109.343
109.344
109.345
109.346
109.347
109.348
109.349
109.35
109.351
109.352
109.353
109.354
109.355
109.356
109.357
109.358
109.359
109.36
109.361
109.362
109.363
109.364
109.365
109.366
109.367
109.368
109.369
109.37
109.371
109.372
109.373
109.374
109.375
109.376
109.377
109.378
109.379
109.38
109.381
109.382
109.383
109.384
109.385
109.386
109.387
109.388
109.389
109.39
109.391
109.392
109.393
109.394
109.395
109.396
109.397
109.398
109.399
109.4
109.401
109.402
109.403
109.404
109.405
109.406
109.407
109.408
109.409
109.41
109.411
109.412
109.413
109.414
109.415
109.416
109.417
109.418
109.419
109.42
109.421
109.422
109.423
109.424
109.425
109.426
109.427
109.428
109.429
109.43
109.431
109.432
109.433
109.434
109.435
109.436
109.437
109.438
109.439
109.44
109.441
109.442
109.443
109.444
109.445
109.446
109.447
109.448
109.449
109.45
109.451
109.452
109.453
109.454
109.455
109.456
109.457
109.458
109.459
109.46
109.461
109.462
109.463
109.464
109.465
109.466
109.467
109.468
109.469
109.47
109.471
109.472
109.473
109.474
109.475
109.476
109.477
109.478
109.479
109.48
109.481
109.482
109.483
109.484
109.485
109.486
109.487
109.488
109.489
109.49
109.491
109.492
109.493
109.494
109.495
109.496
109.497
109.498
109.499
109.5
109.501
109.502
109.503
109.504
109.505
109.506
109.507
109.508
109.509
109.51
109.511
109.512
109.513
109.514
109.515
109.516
109.517
109.518
109.519
109.52
109.521
109.522
109.523
109.524
109.525
109.526
109.527
109.528
109.529
109.53
109.531
109.532
109.533
109.534
109.535
109.536
109.537
109.538
109.539
109.54
109.541
109.542
109.543
109.544
109.545
109.546
109.547
109.548
109.549
109.55
109.551
109.552
109.553
109.554
109.555
109.556
109.557
109.558
109.559
109.56
109.561
109.562
109.563
109.564
109.565
109.566
109.567
109.568
109.569
109.57
109.571
109.572
109.573
109.574
109.575
109.576
109.577
109.578
109.579
109.58
109.581
109.582
109.583
109.584
109.585
109.586
109.587
109.588
109.589
109.59
109.591
109.592
109.593
109.594
109.595
109.596
109.597
109.598
109.599
109.6
109.601
109.602
109.603
109.604
109.605
109.606
109.607
109.608
109.609
109.61
109.611
109.612
109.613
109.614
109.615
109.616
109.617
109.618
109.619
109.62
109.621
109.622
109.623
109.624
109.625
109.626
109.627
109.628
109.629
109.63
109.631
109.632
109.633
109.634
109.635
109.636
109.637
109.638
109.639
109.64
109.641
109.642
109.643
109.644
109.645
109.646
109.647
109.648
109.649
109.65
109.651
109.652
109.653
109.654
109.655
109.656
109.657
109.658
109.659
109.66
109.661
109.662
109.663
109.664
109.665
109.666
109.667
109.668
109.669
109.67
109.671
109.672
109.673
109.674
109.675
109.676
109.677
109.678
109.679
109.68
109.681
109.682
109.683
109.684
109.685
109.686
109.687
109.688
109.689
109.69
109.691
109.692
109.693
109.694
109.695
109.696
109.697
109.698
109.699
109.7
109.701
109.702
109.703
109.704
109.705
109.706
109.707
109.708
109.709
109.71
109.711
109.712
109.713
109.714
109.715
109.716
109.717
109.718
109.719
109.72
109.721
109.722
109.723
109.724
109.725
109.726
109.727
109.728
109.729
109.73
109.731
109.732
109.733
109.734
109.735
109.736
109.737
109.738
109.739
109.74
109.741
109.742
109.743
109.744
109.745
109.746
109.747
109.748
109.749
109.75
109.751
109.752
109.753
109.754
109.755
109.756
109.757
109.758
109.759
109.76
109.761
109.762
109.763
109.764
109.765
109.766
109.767
109.768
109.769
109.77
109.771
109.772
109.773
109.774
109.775
109.776
109.777
109.778
109.779
109.78
109.781
109.782
109.783
109.784
109.785
109.786
109.787
109.788
109.789
109.79
109.791
109.792
109.793
109.794
109.795
109.796
109.797
109.798
109.799
109.8
109.801
109.802
109.803
109.804
109.805
109.806
109.807
109.808
109.809
109.81
109.811
109.812
109.813
109.814
109.815
109.816
109.817
109.818
109.819
109.82
109.821
109.822
109.823
109.824
109.825
109.826
109.827
109.828
109.829
109.83
109.831
109.832
109.833
109.834
109.835
109.836
109.837
109.838
109.839
109.84
109.841
109.842
109.843
109.844
109.845
109.846
109.847
109.848
109.849
109.85
109.851
109.852
109.853
109.854
109.855
109.856
109.857
109.858
109.859
109.86
109.861
109.862
109.863
109.864
109.865
109.866
109.867
109.868
109.869
109.87
109.871
109.872
109.873
109.874
109.875
109.876
109.877
109.878
109.879
109.88
109.881
109.882
109.883
109.884
109.885
109.886
109.887
109.888
109.889
109.89
109.891
109.892
109.893
109.894
109.895
109.896
109.897
109.898
109.899
109.9
109.901
109.902
109.903
109.904
109.905
109.906
109.907
109.908
109.909
109.91
109.911
109.912
109.913
109.914
109.915
109.916
109.917
109.918
109.919
109.92
109.921
109.922
109.923
109.924
109.925
109.926
109.927
109.928
109.929
109.93
109.931
109.932
109.933
109.934
109.935
109.936
109.937
109.938
109.939
109.94
109.941
109.942
109.943
109.944
109.945
109.946
109.947
109.948
109.949
109.95
109.951
109.952
109.953
109.954
109.955
109.956
109.957
109.958
109.959
109.96
109.961
109.962
109.963
109.964
109.965
109.966
109.967
109.968
109.969
109.97
109.971
109.972
109.973
109.974
109.975
109.976
109.977
109.978
109.979
109.98
109.981
109.982
109.983
109.984
109.985
109.986
109.987
109.988
109.989
109.99
109.991
109.992
109.993
109.994
109.995
109.996
109.997
109.998
109.999
110
110.001
110.002
110.003
110.004
110.005
110.006
110.007
110.008
110.009
110.01
110.011
110.012
110.013
110.014
110.015
110.016
110.017
110.018
110.019
110.02
110.021
110.022
110.023
110.024
110.025
110.026
110.027
110.028
110.029
110.03
110.031
110.032
110.033
110.034
110.035
110.036
110.037
110.038
110.039
110.04
110.041
110.042
110.043
110.044
110.045
110.046
110.047
110.048
110.049
110.05
110.051
110.052
110.053
110.054
110.055
110.056
110.057
110.058
110.059
110.06
110.061
110.062
110.063
110.064
110.065
110.066
110.067
110.068
110.069
110.07
110.071
110.072
110.073
110.074
110.075
110.076
110.077
110.078
110.079
110.08
110.081
110.082
110.083
110.084
110.085
110.086
110.087
110.088
110.089
110.09
110.091
110.092
110.093
110.094
110.095
110.096
110.097
110.098
110.099
110.1
110.101
110.102
110.103
110.104
110.105
110.106
110.107
110.108
110.109
110.11
110.111
110.112
110.113
110.114
110.115
110.116
110.117
110.118
110.119
110.12
110.121
110.122
110.123
110.124
110.125
110.126
110.127
110.128
110.129
110.13
110.131
110.132
110.133
110.134
110.135
110.136
110.137
110.138
110.139
110.14
110.141
110.142
110.143
110.144
110.145
110.146
110.147
110.148
110.149
110.15
110.151
110.152
110.153
110.154
110.155
110.156
110.157
110.158
110.159
110.16
110.161
110.162
110.163
110.164
110.165
110.166
110.167
110.168
110.169
110.17
110.171
110.172
110.173
110.174
110.175
110.176
110.177
110.178
110.179
110.18
110.181
110.182
110.183
110.184
110.185
110.186
110.187
110.188
110.189
110.19
110.191
110.192
110.193
110.194
110.195
110.196
110.197
110.198
110.199
110.2
110.201
110.202
110.203
110.204
110.205
110.206
110.207
110.208
110.209
110.21
110.211
110.212
110.213
110.214
110.215
110.216
110.217
110.218
110.219
110.22
110.221
110.222
110.223
110.224
110.225
110.226
110.227
110.228
110.229
110.23
110.231
110.232
110.233
110.234
110.235
110.236
110.237
110.238
110.239
110.24
110.241
110.242
110.243
110.244
110.245
110.246
110.247
110.248
110.249
110.25
110.251
110.252
110.253
110.254
110.255
110.256
110.257
110.258
110.259
110.26
110.261
110.262
110.263
110.264
110.265
110.266
110.267
110.268
110.269
110.27
110.271
110.272
110.273
110.274
110.275
110.276
110.277
110.278
110.279
110.28
110.281
110.282
110.283
110.284
110.285
110.286
110.287
110.288
110.289
110.29
110.291
110.292
110.293
110.294
110.295
110.296
110.297
110.298
110.299
110.3
110.301
110.302
110.303
110.304
110.305
110.306
110.307
110.308
110.309
110.31
110.311
110.312
110.313
110.314
110.315
110.316
110.317
110.318
110.319
110.32
110.321
110.322
110.323
110.324
110.325
110.326
110.327
110.328
110.329
110.33
110.331
110.332
110.333
110.334
110.335
110.336
110.337
110.338
110.339
110.34
110.341
110.342
110.343
110.344
110.345
110.346
110.347
110.348
110.349
110.35
110.351
110.352
110.353
110.354
110.355
110.356
110.357
110.358
110.359
110.36
110.361
110.362
110.363
110.364
110.365
110.366
110.367
110.368
110.369
110.37
110.371
110.372
110.373
110.374
110.375
110.376
110.377
110.378
110.379
110.38
110.381
110.382
110.383
110.384
110.385
110.386
110.387
110.388
110.389
110.39
110.391
110.392
110.393
110.394
110.395
110.396
110.397
110.398
110.399
110.4
110.401
110.402
110.403
110.404
110.405
110.406
110.407
110.408
110.409
110.41
110.411
110.412
110.413
110.414
110.415
110.416
110.417
110.418
110.419
110.42
110.421
110.422
110.423
110.424
110.425
110.426
110.427
110.428
110.429
110.43
110.431
110.432
110.433
110.434
110.435
110.436
110.437
110.438
110.439
110.44
110.441
110.442
110.443
110.444
110.445
110.446
110.447
110.448
110.449
110.45
110.451
110.452
110.453
110.454
110.455
110.456
110.457
110.458
110.459
110.46
110.461
110.462
110.463
110.464
110.465
110.466
110.467
110.468
110.469
110.47
110.471
110.472
110.473
110.474
110.475
110.476
110.477
110.478
110.479
110.48
110.481
110.482
110.483
110.484
110.485
110.486
110.487
110.488
110.489
110.49
110.491
110.492
110.493
110.494
110.495
110.496
110.497
110.498
110.499
110.5
110.501
110.502
110.503
110.504
110.505
110.506
110.507
110.508
110.509
110.51
110.511
110.512
110.513
110.514
110.515
110.516
110.517
110.518
110.519
110.52
110.521
110.522
110.523
110.524
110.525
110.526
110.527
110.528
110.529
110.53
110.531
110.532
110.533
110.534
110.535
110.536
110.537
110.538
110.539
110.54
110.541
110.542
110.543
110.544
110.545
110.546
110.547
110.548
110.549
110.55
110.551
110.552
110.553
110.554
110.555
110.556
110.557
110.558
110.559
110.56
110.561
110.562
110.563
110.564
110.565
110.566
110.567
110.568
110.569
110.57
110.571
110.572
110.573
110.574
110.575
110.576
110.577
110.578
110.579
110.58
110.581
110.582
110.583
110.584
110.585
110.586
110.587
110.588
110.589
110.59
110.591
110.592
110.593
110.594
110.595
110.596
110.597
110.598
110.599
110.6
110.601
110.602
110.603
110.604
110.605
110.606
110.607
110.608
110.609
110.61
110.611
110.612
110.613
110.614
110.615
110.616
110.617
110.618
110.619
110.62
110.621
110.622
110.623
110.624
110.625
110.626
110.627
110.628
110.629
110.63
110.631
110.632
110.633
110.634
110.635
110.636
110.637
110.638
110.639
110.64
110.641
110.642
110.643
110.644
110.645
110.646
110.647
110.648
110.649
110.65
110.651
110.652
110.653
110.654
110.655
110.656
110.657
110.658
110.659
110.66
110.661
110.662
110.663
110.664
110.665
110.666
110.667
110.668
110.669
110.67
110.671
110.672
110.673
110.674
110.675
110.676
110.677
110.678
110.679
110.68
110.681
110.682
110.683
110.684
110.685
110.686
110.687
110.688
110.689
110.69
110.691
110.692
110.693
110.694
110.695
110.696
110.697
110.698
110.699
110.7
110.701
110.702
110.703
110.704
110.705
110.706
110.707
110.708
110.709
110.71
110.711
110.712
110.713
110.714
110.715
110.716
110.717
110.718
110.719
110.72
110.721
110.722
110.723
110.724
110.725
110.726
110.727
110.728
110.729
110.73
110.731
110.732
110.733
110.734
110.735
110.736
110.737
110.738
110.739
110.74
110.741
110.742
110.743
110.744
110.745
110.746
110.747
110.748
110.749
110.75
110.751
110.752
110.753
110.754
110.755
110.756
110.757
110.758
110.759
110.76
110.761
110.762
110.763
110.764
110.765
110.766
110.767
110.768
110.769
110.77
110.771
110.772
110.773
110.774
110.775
110.776
110.777
110.778
110.779
110.78
110.781
110.782
110.783
110.784
110.785
110.786
110.787
110.788
110.789
110.79
110.791
110.792
110.793
110.794
110.795
110.796
110.797
110.798
110.799
110.8
110.801
110.802
110.803
110.804
110.805
110.806
110.807
110.808
110.809
110.81
110.811
110.812
110.813
110.814
110.815
110.816
110.817
110.818
110.819
110.82
110.821
110.822
110.823
110.824
110.825
110.826
110.827
110.828
110.829
110.83
110.831
110.832
110.833
110.834
110.835
110.836
110.837
110.838
110.839
110.84
110.841
110.842
110.843
110.844
110.845
110.846
110.847
110.848
110.849
110.85
110.851
110.852
110.853
110.854
110.855
110.856
110.857
110.858
110.859
110.86
110.861
110.862
110.863
110.864
110.865
110.866
110.867
110.868
110.869
110.87
110.871
110.872
110.873
110.874
110.875
110.876
110.877
110.878
110.879
110.88
110.881
110.882
110.883
110.884
110.885
110.886
110.887
110.888
110.889
110.89
110.891
110.892
110.893
110.894
110.895
110.896
110.897
110.898
110.899
110.9
110.901
110.902
110.903
110.904
110.905
110.906
110.907
110.908
110.909
110.91
110.911
110.912
110.913
110.914
110.915
110.916
110.917
110.918
110.919
110.92
110.921
110.922
110.923
110.924
110.925
110.926
110.927
110.928
110.929
110.93
110.931
110.932
110.933
110.934
110.935
110.936
110.937
110.938
110.939
110.94
110.941
110.942
110.943
110.944
110.945
110.946
110.947
110.948
110.949
110.95
110.951
110.952
110.953
110.954
110.955
110.956
110.957
110.958
110.959
110.96
110.961
110.962
110.963
110.964
110.965
110.966
110.967
110.968
110.969
110.97
110.971
110.972
110.973
110.974
110.975
110.976
110.977
110.978
110.979
110.98
110.981
110.982
110.983
110.984
110.985
110.986
110.987
110.988
110.989
110.99
110.991
110.992
110.993
110.994
110.995
110.996
110.997
110.998
110.999
111
111.001
111.002
111.003
111.004
111.005
111.006
111.007
111.008
111.009
111.01
111.011
111.012
111.013
111.014
111.015
111.016
111.017
111.018
111.019
111.02
111.021
111.022
111.023
111.024
111.025
111.026
111.027
111.028
111.029
111.03
111.031
111.032
111.033
111.034
111.035
111.036
111.037
111.038
111.039
111.04
111.041
111.042
111.043
111.044
111.045
111.046
111.047
111.048
111.049
111.05
111.051
111.052
111.053
111.054
111.055
111.056
111.057
111.058
111.059
111.06
111.061
111.062
111.063
111.064
111.065
111.066
111.067
111.068
111.069
111.07
111.071
111.072
111.073
111.074
111.075
111.076
111.077
111.078
111.079
111.08
111.081
111.082
111.083
111.084
111.085
111.086
111.087
111.088
111.089
111.09
111.091
111.092
111.093
111.094
111.095
111.096
111.097
111.098
111.099
111.1
111.101
111.102
111.103
111.104
111.105
111.106
111.107
111.108
111.109
111.11
111.111
111.112
111.113
111.114
111.115
111.116
111.117
111.118
111.119
111.12
111.121
111.122
111.123
111.124
111.125
111.126
111.127
111.128
111.129
111.13
111.131
111.132
111.133
111.134
111.135
111.136
111.137
111.138
111.139
111.14
111.141
111.142
111.143
111.144
111.145
111.146
111.147
111.148
111.149
111.15
111.151
111.152
111.153
111.154
111.155
111.156
111.157
111.158
111.159
111.16
111.161
111.162
111.163
111.164
111.165
111.166
111.167
111.168
111.169
111.17
111.171
111.172
111.173
111.174
111.175
111.176
111.177
111.178
111.179
111.18
111.181
111.182
111.183
111.184
111.185
111.186
111.187
111.188
111.189
111.19
111.191
111.192
111.193
111.194
111.195
111.196
111.197
111.198
111.199
111.2
111.201
111.202
111.203
111.204
111.205
111.206
111.207
111.208
111.209
111.21
111.211
111.212
111.213
111.214
111.215
111.216
111.217
111.218
111.219
111.22
111.221
111.222
111.223
111.224
111.225
111.226
111.227
111.228
111.229
111.23
111.231
111.232
111.233
111.234
111.235
111.236
111.237
111.238
111.239
111.24
111.241
111.242
111.243
111.244
111.245
111.246
111.247
111.248
111.249
111.25
111.251
111.252
111.253
111.254
111.255
111.256
111.257
111.258
111.259
111.26
111.261
111.262
111.263
111.264
111.265
111.266
111.267
111.268
111.269
111.27
111.271
111.272
111.273
111.274
111.275
111.276
111.277
111.278
111.279
111.28
111.281
111.282
111.283
111.284
111.285
111.286
111.287
111.288
111.289
111.29
111.291
111.292
111.293
111.294
111.295
111.296
111.297
111.298
111.299
111.3
111.301
111.302
111.303
111.304
111.305
111.306
111.307
111.308
111.309
111.31
111.311
111.312
111.313
111.314
111.315
111.316
111.317
111.318
111.319
111.32
111.321
111.322
111.323
111.324
111.325
111.326
111.327
111.328
111.329
111.33
111.331
111.332
111.333
111.334
111.335
111.336
111.337
111.338
111.339
111.34
111.341
111.342
111.343
111.344
111.345
111.346
111.347
111.348
111.349
111.35
111.351
111.352
111.353
111.354
111.355
111.356
111.357
111.358
111.359
111.36
111.361
111.362
111.363
111.364
111.365
111.366
111.367
111.368
111.369
111.37
111.371
111.372
111.373
111.374
111.375
111.376
111.377
111.378
111.379
111.38
111.381
111.382
111.383
111.384
111.385
111.386
111.387
111.388
111.389
111.39
111.391
111.392
111.393
111.394
111.395
111.396
111.397
111.398
111.399
111.4
111.401
111.402
111.403
111.404
111.405
111.406
111.407
111.408
111.409
111.41
111.411
111.412
111.413
111.414
111.415
111.416
111.417
111.418
111.419
111.42
111.421
111.422
111.423
111.424
111.425
111.426
111.427
111.428
111.429
111.43
111.431
111.432
111.433
111.434
111.435
111.436
111.437
111.438
111.439
111.44
111.441
111.442
111.443
111.444
111.445
111.446
111.447
111.448
111.449
111.45
111.451
111.452
111.453
111.454
111.455
111.456
111.457
111.458
111.459
111.46
111.461
111.462
111.463
111.464
111.465
111.466
111.467
111.468
111.469
111.47
111.471
111.472
111.473
111.474
111.475
111.476
111.477
111.478
111.479
111.48
111.481
111.482
111.483
111.484
111.485
111.486
111.487
111.488
111.489
111.49
111.491
111.492
111.493
111.494
111.495
111.496
111.497
111.498
111.499
111.5
111.501
111.502
111.503
111.504
111.505
111.506
111.507
111.508
111.509
111.51
111.511
111.512
111.513
111.514
111.515
111.516
111.517
111.518
111.519
111.52
111.521
111.522
111.523
111.524
111.525
111.526
111.527
111.528
111.529
111.53
111.531
111.532
111.533
111.534
111.535
111.536
111.537
111.538
111.539
111.54
111.541
111.542
111.543
111.544
111.545
111.546
111.547
111.548
111.549
111.55
111.551
111.552
111.553
111.554
111.555
111.556
111.557
111.558
111.559
111.56
111.561
111.562
111.563
111.564
111.565
111.566
111.567
111.568
111.569
111.57
111.571
111.572
111.573
111.574
111.575
111.576
111.577
111.578
111.579
111.58
111.581
111.582
111.583
111.584
111.585
111.586
111.587
111.588
111.589
111.59
111.591
111.592
111.593
111.594
111.595
111.596
111.597
111.598
111.599
111.6
111.601
111.602
111.603
111.604
111.605
111.606
111.607
111.608
111.609
111.61
111.611
111.612
111.613
111.614
111.615
111.616
111.617
111.618
111.619
111.62
111.621
111.622
111.623
111.624
111.625
111.626
111.627
111.628
111.629
111.63
111.631
111.632
111.633
111.634
111.635
111.636
111.637
111.638
111.639
111.64
111.641
111.642
111.643
111.644
111.645
111.646
111.647
111.648
111.649
111.65
111.651
111.652
111.653
111.654
111.655
111.656
111.657
111.658
111.659
111.66
111.661
111.662
111.663
111.664
111.665
111.666
111.667
111.668
111.669
111.67
111.671
111.672
111.673
111.674
111.675
111.676
111.677
111.678
111.679
111.68
111.681
111.682
111.683
111.684
111.685
111.686
111.687
111.688
111.689
111.69
111.691
111.692
111.693
111.694
111.695
111.696
111.697
111.698
111.699
111.7
111.701
111.702
111.703
111.704
111.705
111.706
111.707
111.708
111.709
111.71
111.711
111.712
111.713
111.714
111.715
111.716
111.717
111.718
111.719
111.72
111.721
111.722
111.723
111.724
111.725
111.726
111.727
111.728
111.729
111.73
111.731
111.732
111.733
111.734
111.735
111.736
111.737
111.738
111.739
111.74
111.741
111.742
111.743
111.744
111.745
111.746
111.747
111.748
111.749
111.75
111.751
111.752
111.753
111.754
111.755
111.756
111.757
111.758
111.759
111.76
111.761
111.762
111.763
111.764
111.765
111.766
111.767
111.768
111.769
111.77
111.771
111.772
111.773
111.774
111.775
111.776
111.777
111.778
111.779
111.78
111.781
111.782
111.783
111.784
111.785
111.786
111.787
111.788
111.789
111.79
111.791
111.792
111.793
111.794
111.795
111.796
111.797
111.798
111.799
111.8
111.801
111.802
111.803
111.804
111.805
111.806
111.807
111.808
111.809
111.81
111.811
111.812
111.813
111.814
111.815
111.816
111.817
111.818
111.819
111.82
111.821
111.822
111.823
111.824
111.825
111.826
111.827
111.828
111.829
111.83
111.831
111.832
111.833
111.834
111.835
111.836
111.837
111.838
111.839
111.84
111.841
111.842
111.843
111.844
111.845
111.846
111.847
111.848
111.849
111.85
111.851
111.852
111.853
111.854
111.855
111.856
111.857
111.858
111.859
111.86
111.861
111.862
111.863
111.864
111.865
111.866
111.867
111.868
111.869
111.87
111.871
111.872
111.873
111.874
111.875
111.876
111.877
111.878
111.879
111.88
111.881
111.882
111.883
111.884
111.885
111.886
111.887
111.888
111.889
111.89
111.891
111.892
111.893
111.894
111.895
111.896
111.897
111.898
111.899
111.9
111.901
111.902
111.903
111.904
111.905
111.906
111.907
111.908
111.909
111.91
111.911
111.912
111.913
111.914
111.915
111.916
111.917
111.918
111.919
111.92
111.921
111.922
111.923
111.924
111.925
111.926
111.927
111.928
111.929
111.93
111.931
111.932
111.933
111.934
111.935
111.936
111.937
111.938
111.939
111.94
111.941
111.942
111.943
111.944
111.945
111.946
111.947
111.948
111.949
111.95
111.951
111.952
111.953
111.954
111.955
111.956
111.957
111.958
111.959
111.96
111.961
111.962
111.963
111.964
111.965
111.966
111.967
111.968
111.969
111.97
111.971
111.972
111.973
111.974
111.975
111.976
111.977
111.978
111.979
111.98
111.981
111.982
111.983
111.984
111.985
111.986
111.987
111.988
111.989
111.99
111.991
111.992
111.993
111.994
111.995
111.996
111.997
111.998
111.999
112
112.001
112.002
112.003
112.004
112.005
112.006
112.007
112.008
112.009
112.01
112.011
112.012
112.013
112.014
112.015
112.016
112.017
112.018
112.019
112.02
112.021
112.022
112.023
112.024
112.025
112.026
112.027
112.028
112.029
112.03
112.031
112.032
112.033
112.034
112.035
112.036
112.037
112.038
112.039
112.04
112.041
112.042
112.043
112.044
112.045
112.046
112.047
112.048
112.049
112.05
112.051
112.052
112.053
112.054
112.055
112.056
112.057
112.058
112.059
112.06
112.061
112.062
112.063
112.064
112.065
112.066
112.067
112.068
112.069
112.07
112.071
112.072
112.073
112.074
112.075
112.076
112.077
112.078
112.079
112.08
112.081
112.082
112.083
112.084
112.085
112.086
112.087
112.088
112.089
112.09
112.091
112.092
112.093
112.094
112.095
112.096
112.097
112.098
112.099
112.1
112.101
112.102
112.103
112.104
112.105
112.106
112.107
112.108
112.109
112.11
112.111
112.112
112.113
112.114
112.115
112.116
112.117
112.118
112.119
112.12
112.121
112.122
112.123
112.124
112.125
112.126
112.127
112.128
112.129
112.13
112.131
112.132
112.133
112.134
112.135
112.136
112.137
112.138
112.139
112.14
112.141
112.142
112.143
112.144
112.145
112.146
112.147
112.148
112.149
112.15
112.151
112.152
112.153
112.154
112.155
112.156
112.157
112.158
112.159
112.16
112.161
112.162
112.163
112.164
112.165
112.166
112.167
112.168
112.169
112.17
112.171
112.172
112.173
112.174
112.175
112.176
112.177
112.178
112.179
112.18
112.181
112.182
112.183
112.184
112.185
112.186
112.187
112.188
112.189
112.19
112.191
112.192
112.193
112.194
112.195
112.196
112.197
112.198
112.199
112.2
112.201
112.202
112.203
112.204
112.205
112.206
112.207
112.208
112.209
112.21
112.211
112.212
112.213
112.214
112.215
112.216
112.217
112.218
112.219
112.22
112.221
112.222
112.223
112.224
112.225
112.226
112.227
112.228
112.229
112.23
112.231
112.232
112.233
112.234
112.235
112.236
112.237
112.238
112.239
112.24
112.241
112.242
112.243
112.244
112.245
112.246
112.247
112.248
112.249
112.25
112.251
112.252
112.253
112.254
112.255
112.256
112.257
112.258
112.259
112.26
112.261
112.262
112.263
112.264
112.265
112.266
112.267
112.268
112.269
112.27
112.271
112.272
112.273
112.274
112.275
112.276
112.277
112.278
112.279
112.28
112.281
112.282
112.283
112.284
112.285
112.286
112.287
112.288
112.289
112.29
112.291
112.292
112.293
112.294
112.295
112.296
112.297
112.298
112.299
112.3
112.301
112.302
112.303
112.304
112.305
112.306
112.307
112.308
112.309
112.31
112.311
112.312
112.313
112.314
112.315
112.316
112.317
112.318
112.319
112.32
112.321
112.322
112.323
112.324
112.325
112.326
112.327
112.328
112.329
112.33
112.331
112.332
112.333
112.334
112.335
112.336
112.337
112.338
112.339
112.34
112.341
112.342
112.343
112.344
112.345
112.346
112.347
112.348
112.349
112.35
112.351
112.352
112.353
112.354
112.355
112.356
112.357
112.358
112.359
112.36
112.361
112.362
112.363
112.364
112.365
112.366
112.367
112.368
112.369
112.37
112.371
112.372
112.373
112.374
112.375
112.376
112.377
112.378
112.379
112.38
112.381
112.382
112.383
112.384
112.385
112.386
112.387
112.388
112.389
112.39
112.391
112.392
112.393
112.394
112.395
112.396
112.397
112.398
112.399
112.4
112.401
112.402
112.403
112.404
112.405
112.406
112.407
112.408
112.409
112.41
112.411
112.412
112.413
112.414
112.415
112.416
112.417
112.418
112.419
112.42
112.421
112.422
112.423
112.424
112.425
112.426
112.427
112.428
112.429
112.43
112.431
112.432
112.433
112.434
112.435
112.436
112.437
112.438
112.439
112.44
112.441
112.442
112.443
112.444
112.445
112.446
112.447
112.448
112.449
112.45
112.451
112.452
112.453
112.454
112.455
112.456
112.457
112.458
112.459
112.46
112.461
112.462
112.463
112.464
112.465
112.466
112.467
112.468
112.469
112.47
112.471
112.472
112.473
112.474
112.475
112.476
112.477
112.478
112.479
112.48
112.481
112.482
112.483
112.484
112.485
112.486
112.487
112.488
112.489
112.49
112.491
112.492
112.493
112.494
112.495
112.496
112.497
112.498
112.499
112.5
112.501
112.502
112.503
112.504
112.505
112.506
112.507
112.508
112.509
112.51
112.511
112.512
112.513
112.514
112.515
112.516
112.517
112.518
112.519
112.52
112.521
112.522
112.523
112.524
112.525
112.526
112.527
112.528
112.529
112.53
112.531
112.532
112.533
112.534
112.535
112.536
112.537
112.538
112.539
112.54
112.541
112.542
112.543
112.544
112.545
112.546
112.547
112.548
112.549
112.55
112.551
112.552
112.553
112.554
112.555
112.556
112.557
112.558
112.559
112.56
112.561
112.562
112.563
112.564
112.565
112.566
112.567
112.568
112.569
112.57
112.571
112.572
112.573
112.574
112.575
112.576
112.577
112.578
112.579
112.58
112.581
112.582
112.583
112.584
112.585
112.586
112.587
112.588
112.589
112.59
112.591
112.592
112.593
112.594
112.595
112.596
112.597
112.598
112.599
112.6
112.601
112.602
112.603
112.604
112.605
112.606
112.607
112.608
112.609
112.61
112.611
112.612
112.613
112.614
112.615
112.616
112.617
112.618
112.619
112.62
112.621
112.622
112.623
112.624
112.625
112.626
112.627
112.628
112.629
112.63
112.631
112.632
112.633
112.634
112.635
112.636
112.637
112.638
112.639
112.64
112.641
112.642
112.643
112.644
112.645
112.646
112.647
112.648
112.649
112.65
112.651
112.652
112.653
112.654
112.655
112.656
112.657
112.658
112.659
112.66
112.661
112.662
112.663
112.664
112.665
112.666
112.667
112.668
112.669
112.67
112.671
112.672
112.673
112.674
112.675
112.676
112.677
112.678
112.679
112.68
112.681
112.682
112.683
112.684
112.685
112.686
112.687
112.688
112.689
112.69
112.691
112.692
112.693
112.694
112.695
112.696
112.697
112.698
112.699
112.7
112.701
112.702
112.703
112.704
112.705
112.706
112.707
112.708
112.709
112.71
112.711
112.712
112.713
112.714
112.715
112.716
112.717
112.718
112.719
112.72
112.721
112.722
112.723
112.724
112.725
112.726
112.727
112.728
112.729
112.73
112.731
112.732
112.733
112.734
112.735
112.736
112.737
112.738
112.739
112.74
112.741
112.742
112.743
112.744
112.745
112.746
112.747
112.748
112.749
112.75
112.751
112.752
112.753
112.754
112.755
112.756
112.757
112.758
112.759
112.76
112.761
112.762
112.763
112.764
112.765
112.766
112.767
112.768
112.769
112.77
112.771
112.772
112.773
112.774
112.775
112.776
112.777
112.778
112.779
112.78
112.781
112.782
112.783
112.784
112.785
112.786
112.787
112.788
112.789
112.79
112.791
112.792
112.793
112.794
112.795
112.796
112.797
112.798
112.799
112.8
112.801
112.802
112.803
112.804
112.805
112.806
112.807
112.808
112.809
112.81
112.811
112.812
112.813
112.814
112.815
112.816
112.817
112.818
112.819
112.82
112.821
112.822
112.823
112.824
112.825
112.826
112.827
112.828
112.829
112.83
112.831
112.832
112.833
112.834
112.835
112.836
112.837
112.838
112.839
112.84
112.841
112.842
112.843
112.844
112.845
112.846
112.847
112.848
112.849
112.85
112.851
112.852
112.853
112.854
112.855
112.856
112.857
112.858
112.859
112.86
112.861
112.862
112.863
112.864
112.865
112.866
112.867
112.868
112.869
112.87
112.871
112.872
112.873
112.874
112.875
112.876
112.877
112.878
112.879
112.88
112.881
112.882
112.883
112.884
112.885
112.886
112.887
112.888
112.889
112.89
112.891
112.892
112.893
112.894
112.895
112.896
112.897
112.898
112.899
112.9
112.901
112.902
112.903
112.904
112.905
112.906
112.907
112.908
112.909
112.91
112.911
112.912
112.913
112.914
112.915
112.916
112.917
112.918
112.919
112.92
112.921
112.922
112.923
112.924
112.925
112.926
112.927
112.928
112.929
112.93
112.931
112.932
112.933
112.934
112.935
112.936
112.937
112.938
112.939
112.94
112.941
112.942
112.943
112.944
112.945
112.946
112.947
112.948
112.949
112.95
112.951
112.952
112.953
112.954
112.955
112.956
112.957
112.958
112.959
112.96
112.961
112.962
112.963
112.964
112.965
112.966
112.967
112.968
112.969
112.97
112.971
112.972
112.973
112.974
112.975
112.976
112.977
112.978
112.979
112.98
112.981
112.982
112.983
112.984
112.985
112.986
112.987
112.988
112.989
112.99
112.991
112.992
112.993
112.994
112.995
112.996
112.997
112.998
112.999
113
113.001
113.002
113.003
113.004
113.005
113.006
113.007
113.008
113.009
113.01
113.011
113.012
113.013
113.014
113.015
113.016
113.017
113.018
113.019
113.02
113.021
113.022
113.023
113.024
113.025
113.026
113.027
113.028
113.029
113.03
113.031
113.032
113.033
113.034
113.035
113.036
113.037
113.038
113.039
113.04
113.041
113.042
113.043
113.044
113.045
113.046
113.047
113.048
113.049
113.05
113.051
113.052
113.053
113.054
113.055
113.056
113.057
113.058
113.059
113.06
113.061
113.062
113.063
113.064
113.065
113.066
113.067
113.068
113.069
113.07
113.071
113.072
113.073
113.074
113.075
113.076
113.077
113.078
113.079
113.08
113.081
113.082
113.083
113.084
113.085
113.086
113.087
113.088
113.089
113.09
113.091
113.092
113.093
113.094
113.095
113.096
113.097
113.098
113.099
113.1
113.101
113.102
113.103
113.104
113.105
113.106
113.107
113.108
113.109
113.11
113.111
113.112
113.113
113.114
113.115
113.116
113.117
113.118
113.119
113.12
113.121
113.122
113.123
113.124
113.125
113.126
113.127
113.128
113.129
113.13
113.131
113.132
113.133
113.134
113.135
113.136
113.137
113.138
113.139
113.14
113.141
113.142
113.143
113.144
113.145
113.146
113.147
113.148
113.149
113.15
113.151
113.152
113.153
113.154
113.155
113.156
113.157
113.158
113.159
113.16
113.161
113.162
113.163
113.164
113.165
113.166
113.167
113.168
113.169
113.17
113.171
113.172
113.173
113.174
113.175
113.176
113.177
113.178
113.179
113.18
113.181
113.182
113.183
113.184
113.185
113.186
113.187
113.188
113.189
113.19
113.191
113.192
113.193
113.194
113.195
113.196
113.197
113.198
113.199
113.2
113.201
113.202
113.203
113.204
113.205
113.206
113.207
113.208
113.209
113.21
113.211
113.212
113.213
113.214
113.215
113.216
113.217
113.218
113.219
113.22
113.221
113.222
113.223
113.224
113.225
113.226
113.227
113.228
113.229
113.23
113.231
113.232
113.233
113.234
113.235
113.236
113.237
113.238
113.239
113.24
113.241
113.242
113.243
113.244
113.245
113.246
113.247
113.248
113.249
113.25
113.251
113.252
113.253
113.254
113.255
113.256
113.257
113.258
113.259
113.26
113.261
113.262
113.263
113.264
113.265
113.266
113.267
113.268
113.269
113.27
113.271
113.272
113.273
113.274
113.275
113.276
113.277
113.278
113.279
113.28
113.281
113.282
113.283
113.284
113.285
113.286
113.287
113.288
113.289
113.29
113.291
113.292
113.293
113.294
113.295
113.296
113.297
113.298
113.299
113.3
113.301
113.302
113.303
113.304
113.305
113.306
113.307
113.308
113.309
113.31
113.311
113.312
113.313
113.314
113.315
113.316
113.317
113.318
113.319
113.32
113.321
113.322
113.323
113.324
113.325
113.326
113.327
113.328
113.329
113.33
113.331
113.332
113.333
113.334
113.335
113.336
113.337
113.338
113.339
113.34
113.341
113.342
113.343
113.344
113.345
113.346
113.347
113.348
113.349
113.35
113.351
113.352
113.353
113.354
113.355
113.356
113.357
113.358
113.359
113.36
113.361
113.362
113.363
113.364
113.365
113.366
113.367
113.368
113.369
113.37
113.371
113.372
113.373
113.374
113.375
113.376
113.377
113.378
113.379
113.38
113.381
113.382
113.383
113.384
113.385
113.386
113.387
113.388
113.389
113.39
113.391
113.392
113.393
113.394
113.395
113.396
113.397
113.398
113.399
113.4
113.401
113.402
113.403
113.404
113.405
113.406
113.407
113.408
113.409
113.41
113.411
113.412
113.413
113.414
113.415
113.416
113.417
113.418
113.419
113.42
113.421
113.422
113.423
113.424
113.425
113.426
113.427
113.428
113.429
113.43
113.431
113.432
113.433
113.434
113.435
113.436
113.437
113.438
113.439
113.44
113.441
113.442
113.443
113.444
113.445
113.446
113.447
113.448
113.449
113.45
113.451
113.452
113.453
113.454
113.455
113.456
113.457
113.458
113.459
113.46
113.461
113.462
113.463
113.464
113.465
113.466
113.467
113.468
113.469
113.47
113.471
113.472
113.473
113.474
113.475
113.476
113.477
113.478
113.479
113.48
113.481
113.482
113.483
113.484
113.485
113.486
113.487
113.488
113.489
113.49
113.491
113.492
113.493
113.494
113.495
113.496
113.497
113.498
113.499
113.5
113.501
113.502
113.503
113.504
113.505
113.506
113.507
113.508
113.509
113.51
113.511
113.512
113.513
113.514
113.515
113.516
113.517
113.518
113.519
113.52
113.521
113.522
113.523
113.524
113.525
113.526
113.527
113.528
113.529
113.53
113.531
113.532
113.533
113.534
113.535
113.536
113.537
113.538
113.539
113.54
113.541
113.542
113.543
113.544
113.545
113.546
113.547
113.548
113.549
113.55
113.551
113.552
113.553
113.554
113.555
113.556
113.557
113.558
113.559
113.56
113.561
113.562
113.563
113.564
113.565
113.566
113.567
113.568
113.569
113.57
113.571
113.572
113.573
113.574
113.575
113.576
113.577
113.578
113.579
113.58
113.581
113.582
113.583
113.584
113.585
113.586
113.587
113.588
113.589
113.59
113.591
113.592
113.593
113.594
113.595
113.596
113.597
113.598
113.599
113.6
113.601
113.602
113.603
113.604
113.605
113.606
113.607
113.608
113.609
113.61
113.611
113.612
113.613
113.614
113.615
113.616
113.617
113.618
113.619
113.62
113.621
113.622
113.623
113.624
113.625
113.626
113.627
113.628
113.629
113.63
113.631
113.632
113.633
113.634
113.635
113.636
113.637
113.638
113.639
113.64
113.641
113.642
113.643
113.644
113.645
113.646
113.647
113.648
113.649
113.65
113.651
113.652
113.653
113.654
113.655
113.656
113.657
113.658
113.659
113.66
113.661
113.662
113.663
113.664
113.665
113.666
113.667
113.668
113.669
113.67
113.671
113.672
113.673
113.674
113.675
113.676
113.677
113.678
113.679
113.68
113.681
113.682
113.683
113.684
113.685
113.686
113.687
113.688
113.689
113.69
113.691
113.692
113.693
113.694
113.695
113.696
113.697
113.698
113.699
113.7
113.701
113.702
113.703
113.704
113.705
113.706
113.707
113.708
113.709
113.71
113.711
113.712
113.713
113.714
113.715
113.716
113.717
113.718
113.719
113.72
113.721
113.722
113.723
113.724
113.725
113.726
113.727
113.728
113.729
113.73
113.731
113.732
113.733
113.734
113.735
113.736
113.737
113.738
113.739
113.74
113.741
113.742
113.743
113.744
113.745
113.746
113.747
113.748
113.749
113.75
113.751
113.752
113.753
113.754
113.755
113.756
113.757
113.758
113.759
113.76
113.761
113.762
113.763
113.764
113.765
113.766
113.767
113.768
113.769
113.77
113.771
113.772
113.773
113.774
113.775
113.776
113.777
113.778
113.779
113.78
113.781
113.782
113.783
113.784
113.785
113.786
113.787
113.788
113.789
113.79
113.791
113.792
113.793
113.794
113.795
113.796
113.797
113.798
113.799
113.8
113.801
113.802
113.803
113.804
113.805
113.806
113.807
113.808
113.809
113.81
113.811
113.812
113.813
113.814
113.815
113.816
113.817
113.818
113.819
113.82
113.821
113.822
113.823
113.824
113.825
113.826
113.827
113.828
113.829
113.83
113.831
113.832
113.833
113.834
113.835
113.836
113.837
113.838
113.839
113.84
113.841
113.842
113.843
113.844
113.845
113.846
113.847
113.848
113.849
113.85
113.851
113.852
113.853
113.854
113.855
113.856
113.857
113.858
113.859
113.86
113.861
113.862
113.863
113.864
113.865
113.866
113.867
113.868
113.869
113.87
113.871
113.872
113.873
113.874
113.875
113.876
113.877
113.878
113.879
113.88
113.881
113.882
113.883
113.884
113.885
113.886
113.887
113.888
113.889
113.89
113.891
113.892
113.893
113.894
113.895
113.896
113.897
113.898
113.899
113.9
113.901
113.902
113.903
113.904
113.905
113.906
113.907
113.908
113.909
113.91
113.911
113.912
113.913
113.914
113.915
113.916
113.917
113.918
113.919
113.92
113.921
113.922
113.923
113.924
113.925
113.926
113.927
113.928
113.929
113.93
113.931
113.932
113.933
113.934
113.935
113.936
113.937
113.938
113.939
113.94
113.941
113.942
113.943
113.944
113.945
113.946
113.947
113.948
113.949
113.95
113.951
113.952
113.953
113.954
113.955
113.956
113.957
113.958
113.959
113.96
113.961
113.962
113.963
113.964
113.965
113.966
113.967
113.968
113.969
113.97
113.971
113.972
113.973
113.974
113.975
113.976
113.977
113.978
113.979
113.98
113.981
113.982
113.983
113.984
113.985
113.986
113.987
113.988
113.989
113.99
113.991
113.992
113.993
113.994
113.995
113.996
113.997
113.998
113.999
114
114.001
114.002
114.003
114.004
114.005
114.006
114.007
114.008
114.009
114.01
114.011
114.012
114.013
114.014
114.015
114.016
114.017
114.018
114.019
114.02
114.021
114.022
114.023
114.024
114.025
114.026
114.027
114.028
114.029
114.03
114.031
114.032
114.033
114.034
114.035
114.036
114.037
114.038
114.039
114.04
114.041
114.042
114.043
114.044
114.045
114.046
114.047
114.048
114.049
114.05
114.051
114.052
114.053
114.054
114.055
114.056
114.057
114.058
114.059
114.06
114.061
114.062
114.063
114.064
114.065
114.066
114.067
114.068
114.069
114.07
114.071
114.072
114.073
114.074
114.075
114.076
114.077
114.078
114.079
114.08
114.081
114.082
114.083
114.084
114.085
114.086
114.087
114.088
114.089
114.09
114.091
114.092
114.093
114.094
114.095
114.096
114.097
114.098
114.099
114.1
114.101
114.102
114.103
114.104
114.105
114.106
114.107
114.108
114.109
114.11
114.111
114.112
114.113
114.114
114.115
114.116
114.117
114.118
114.119
114.12
114.121
114.122
114.123
114.124
114.125
114.126
114.127
114.128
114.129
114.13
114.131
114.132
114.133
114.134
114.135
114.136
114.137
114.138
114.139
114.14
114.141
114.142
114.143
114.144
114.145
114.146
114.147
114.148
114.149
114.15
114.151
114.152
114.153
114.154
114.155
114.156
114.157
114.158
114.159
114.16
114.161
114.162
114.163
114.164
114.165
114.166
114.167
114.168
114.169
114.17
114.171
114.172
114.173
114.174
114.175
114.176
114.177
114.178
114.179
114.18
114.181
114.182
114.183
114.184
114.185
114.186
114.187
114.188
114.189
114.19
114.191
114.192
114.193
114.194
114.195
114.196
114.197
114.198
114.199
114.2
114.201
114.202
114.203
114.204
114.205
114.206
114.207
114.208
114.209
114.21
114.211
114.212
114.213
114.214
114.215
114.216
114.217
114.218
114.219
114.22
114.221
114.222
114.223
114.224
114.225
114.226
114.227
114.228
114.229
114.23
114.231
114.232
114.233
114.234
114.235
114.236
114.237
114.238
114.239
114.24
114.241
114.242
114.243
114.244
114.245
114.246
114.247
114.248
114.249
114.25
114.251
114.252
114.253
114.254
114.255
114.256
114.257
114.258
114.259
114.26
114.261
114.262
114.263
114.264
114.265
114.266
114.267
114.268
114.269
114.27
114.271
114.272
114.273
114.274
114.275
114.276
114.277
114.278
114.279
114.28
114.281
114.282
114.283
114.284
114.285
114.286
114.287
114.288
114.289
114.29
114.291
114.292
114.293
114.294
114.295
114.296
114.297
114.298
114.299
114.3
114.301
114.302
114.303
114.304
114.305
114.306
114.307
114.308
114.309
114.31
114.311
114.312
114.313
114.314
114.315
114.316
114.317
114.318
114.319
114.32
114.321
114.322
114.323
114.324
114.325
114.326
114.327
114.328
114.329
114.33
114.331
114.332
114.333
114.334
114.335
114.336
114.337
114.338
114.339
114.34
114.341
114.342
114.343
114.344
114.345
114.346
114.347
114.348
114.349
114.35
114.351
114.352
114.353
114.354
114.355
114.356
114.357
114.358
114.359
114.36
114.361
114.362
114.363
114.364
114.365
114.366
114.367
114.368
114.369
114.37
114.371
114.372
114.373
114.374
114.375
114.376
114.377
114.378
114.379
114.38
114.381
114.382
114.383
114.384
114.385
114.386
114.387
114.388
114.389
114.39
114.391
114.392
114.393
114.394
114.395
114.396
114.397
114.398
114.399
114.4
114.401
114.402
114.403
114.404
114.405
114.406
114.407
114.408
114.409
114.41
114.411
114.412
114.413
114.414
114.415
114.416
114.417
114.418
114.419
114.42
114.421
114.422
114.423
114.424
114.425
114.426
114.427
114.428
114.429
114.43
114.431
114.432
114.433
114.434
114.435
114.436
114.437
114.438
114.439
114.44
114.441
114.442
114.443
114.444
114.445
114.446
114.447
114.448
114.449
114.45
114.451
114.452
114.453
114.454
114.455
114.456
114.457
114.458
114.459
114.46
114.461
114.462
114.463
114.464
114.465
114.466
114.467
114.468
114.469
114.47
114.471
114.472
114.473
114.474
114.475
114.476
114.477
114.478
114.479
114.48
114.481
114.482
114.483
114.484
114.485
114.486
114.487
114.488
114.489
114.49
114.491
114.492
114.493
114.494
114.495
114.496
114.497
114.498
114.499
114.5
114.501
114.502
114.503
114.504
114.505
114.506
114.507
114.508
114.509
114.51
114.511
114.512
114.513
114.514
114.515
114.516
114.517
114.518
114.519
114.52
114.521
114.522
114.523
114.524
114.525
114.526
114.527
114.528
114.529
114.53
114.531
114.532
114.533
114.534
114.535
114.536
114.537
114.538
114.539
114.54
114.541
114.542
114.543
114.544
114.545
114.546
114.547
114.548
114.549
114.55
114.551
114.552
114.553
114.554
114.555
114.556
114.557
114.558
114.559
114.56
114.561
114.562
114.563
114.564
114.565
114.566
114.567
114.568
114.569
114.57
114.571
114.572
114.573
114.574
114.575
114.576
114.577
114.578
114.579
114.58
114.581
114.582
114.583
114.584
114.585
114.586
114.587
114.588
114.589
114.59
114.591
114.592
114.593
114.594
114.595
114.596
114.597
114.598
114.599
114.6
114.601
114.602
114.603
114.604
114.605
114.606
114.607
114.608
114.609
114.61
114.611
114.612
114.613
114.614
114.615
114.616
114.617
114.618
114.619
114.62
114.621
114.622
114.623
114.624
114.625
114.626
114.627
114.628
114.629
114.63
114.631
114.632
114.633
114.634
114.635
114.636
114.637
114.638
114.639
114.64
114.641
114.642
114.643
114.644
114.645
114.646
114.647
114.648
114.649
114.65
114.651
114.652
114.653
114.654
114.655
114.656
114.657
114.658
114.659
114.66
114.661
114.662
114.663
114.664
114.665
114.666
114.667
114.668
114.669
114.67
114.671
114.672
114.673
114.674
114.675
114.676
114.677
114.678
114.679
114.68
114.681
114.682
114.683
114.684
114.685
114.686
114.687
114.688
114.689
114.69
114.691
114.692
114.693
114.694
114.695
114.696
114.697
114.698
114.699
114.7
114.701
114.702
114.703
114.704
114.705
114.706
114.707
114.708
114.709
114.71
114.711
114.712
114.713
114.714
114.715
114.716
114.717
114.718
114.719
114.72
114.721
114.722
114.723
114.724
114.725
114.726
114.727
114.728
114.729
114.73
114.731
114.732
114.733
114.734
114.735
114.736
114.737
114.738
114.739
114.74
114.741
114.742
114.743
114.744
114.745
114.746
114.747
114.748
114.749
114.75
114.751
114.752
114.753
114.754
114.755
114.756
114.757
114.758
114.759
114.76
114.761
114.762
114.763
114.764
114.765
114.766
114.767
114.768
114.769
114.77
114.771
114.772
114.773
114.774
114.775
114.776
114.777
114.778
114.779
114.78
114.781
114.782
114.783
114.784
114.785
114.786
114.787
114.788
114.789
114.79
114.791
114.792
114.793
114.794
114.795
114.796
114.797
114.798
114.799
114.8
114.801
114.802
114.803
114.804
114.805
114.806
114.807
114.808
114.809
114.81
114.811
114.812
114.813
114.814
114.815
114.816
114.817
114.818
114.819
114.82
114.821
114.822
114.823
114.824
114.825
114.826
114.827
114.828
114.829
114.83
114.831
114.832
114.833
114.834
114.835
114.836
114.837
114.838
114.839
114.84
114.841
114.842
114.843
114.844
114.845
114.846
114.847
114.848
114.849
114.85
114.851
114.852
114.853
114.854
114.855
114.856
114.857
114.858
114.859
114.86
114.861
114.862
114.863
114.864
114.865
114.866
114.867
114.868
114.869
114.87
114.871
114.872
114.873
114.874
114.875
114.876
114.877
114.878
114.879
114.88
114.881
114.882
114.883
114.884
114.885
114.886
114.887
114.888
114.889
114.89
114.891
114.892
114.893
114.894
114.895
114.896
114.897
114.898
114.899
114.9
114.901
114.902
114.903
114.904
114.905
114.906
114.907
114.908
114.909
114.91
114.911
114.912
114.913
114.914
114.915
114.916
114.917
114.918
114.919
114.92
114.921
114.922
114.923
114.924
114.925
114.926
114.927
114.928
114.929
114.93
114.931
114.932
114.933
114.934
114.935
114.936
114.937
114.938
114.939
114.94
114.941
114.942
114.943
114.944
114.945
114.946
114.947
114.948
114.949
114.95
114.951
114.952
114.953
114.954
114.955
114.956
114.957
114.958
114.959
114.96
114.961
114.962
114.963
114.964
114.965
114.966
114.967
114.968
114.969
114.97
114.971
114.972
114.973
114.974
114.975
114.976
114.977
114.978
114.979
114.98
114.981
114.982
114.983
114.984
114.985
114.986
114.987
114.988
114.989
114.99
114.991
114.992
114.993
114.994
114.995
114.996
114.997
114.998
114.999
115
115.001
115.002
115.003
115.004
115.005
115.006
115.007
115.008
115.009
115.01
115.011
115.012
115.013
115.014
115.015
115.016
115.017
115.018
115.019
115.02
115.021
115.022
115.023
115.024
115.025
115.026
115.027
115.028
115.029
115.03
115.031
115.032
115.033
115.034
115.035
115.036
115.037
115.038
115.039
115.04
115.041
115.042
115.043
115.044
115.045
115.046
115.047
115.048
115.049
115.05
115.051
115.052
115.053
115.054
115.055
115.056
115.057
115.058
115.059
115.06
115.061
115.062
115.063
115.064
115.065
115.066
115.067
115.068
115.069
115.07
115.071
115.072
115.073
115.074
115.075
115.076
115.077
115.078
115.079
115.08
115.081
115.082
115.083
115.084
115.085
115.086
115.087
115.088
115.089
115.09
115.091
115.092
115.093
115.094
115.095
115.096
115.097
115.098
115.099
115.1
115.101
115.102
115.103
115.104
115.105
115.106
115.107
115.108
115.109
115.11
115.111
115.112
115.113
115.114
115.115
115.116
115.117
115.118
115.119
115.12
115.121
115.122
115.123
115.124
115.125
115.126
115.127
115.128
115.129
115.13
115.131
115.132
115.133
115.134
115.135
115.136
115.137
115.138
115.139
115.14
115.141
115.142
115.143
115.144
115.145
115.146
115.147
115.148
115.149
115.15
115.151
115.152
115.153
115.154
115.155
115.156
115.157
115.158
115.159
115.16
115.161
115.162
115.163
115.164
115.165
115.166
115.167
115.168
115.169
115.17
115.171
115.172
115.173
115.174
115.175
115.176
115.177
115.178
115.179
115.18
115.181
115.182
115.183
115.184
115.185
115.186
115.187
115.188
115.189
115.19
115.191
115.192
115.193
115.194
115.195
115.196
115.197
115.198
115.199
115.2
115.201
115.202
115.203
115.204
115.205
115.206
115.207
115.208
115.209
115.21
115.211
115.212
115.213
115.214
115.215
115.216
115.217
115.218
115.219
115.22
115.221
115.222
115.223
115.224
115.225
115.226
115.227
115.228
115.229
115.23
115.231
115.232
115.233
115.234
115.235
115.236
115.237
115.238
115.239
115.24
115.241
115.242
115.243
115.244
115.245
115.246
115.247
115.248
115.249
115.25
115.251
115.252
115.253
115.254
115.255
115.256
115.257
115.258
115.259
115.26
115.261
115.262
115.263
115.264
115.265
115.266
115.267
115.268
115.269
115.27
115.271
115.272
115.273
115.274
115.275
115.276
115.277
115.278
115.279
115.28
115.281
115.282
115.283
115.284
115.285
115.286
115.287
115.288
115.289
115.29
115.291
115.292
115.293
115.294
115.295
115.296
115.297
115.298
115.299
115.3
115.301
115.302
115.303
115.304
115.305
115.306
115.307
115.308
115.309
115.31
115.311
115.312
115.313
115.314
115.315
115.316
115.317
115.318
115.319
115.32
115.321
115.322
115.323
115.324
115.325
115.326
115.327
115.328
115.329
115.33
115.331
115.332
115.333
115.334
115.335
115.336
115.337
115.338
115.339
115.34
115.341
115.342
115.343
115.344
115.345
115.346
115.347
115.348
115.349
115.35
115.351
115.352
115.353
115.354
115.355
115.356
115.357
115.358
115.359
115.36
115.361
115.362
115.363
115.364
115.365
115.366
115.367
115.368
115.369
115.37
115.371
115.372
115.373
115.374
115.375
115.376
115.377
115.378
115.379
115.38
115.381
115.382
115.383
115.384
115.385
115.386
115.387
115.388
115.389
115.39
115.391
115.392
115.393
115.394
115.395
115.396
115.397
115.398
115.399
115.4
115.401
115.402
115.403
115.404
115.405
115.406
115.407
115.408
115.409
115.41
115.411
115.412
115.413
115.414
115.415
115.416
115.417
115.418
115.419
115.42
115.421
115.422
115.423
115.424
115.425
115.426
115.427
115.428
115.429
115.43
115.431
115.432
115.433
115.434
115.435
115.436
115.437
115.438
115.439
115.44
115.441
115.442
115.443
115.444
115.445
115.446
115.447
115.448
115.449
115.45
115.451
115.452
115.453
115.454
115.455
115.456
115.457
115.458
115.459
115.46
115.461
115.462
115.463
115.464
115.465
115.466
115.467
115.468
115.469
115.47
115.471
115.472
115.473
115.474
115.475
115.476
115.477
115.478
115.479
115.48
115.481
115.482
115.483
115.484
115.485
115.486
115.487
115.488
115.489
115.49
115.491
115.492
115.493
115.494
115.495
115.496
115.497
115.498
115.499
115.5
115.501
115.502
115.503
115.504
115.505
115.506
115.507
115.508
115.509
115.51
115.511
115.512
115.513
115.514
115.515
115.516
115.517
115.518
115.519
115.52
115.521
115.522
115.523
115.524
115.525
115.526
115.527
115.528
115.529
115.53
115.531
115.532
115.533
115.534
115.535
115.536
115.537
115.538
115.539
115.54
115.541
115.542
115.543
115.544
115.545
115.546
115.547
115.548
115.549
115.55
115.551
115.552
115.553
115.554
115.555
115.556
115.557
115.558
115.559
115.56
115.561
115.562
115.563
115.564
115.565
115.566
115.567
115.568
115.569
115.57
115.571
115.572
115.573
115.574
115.575
115.576
115.577
115.578
115.579
115.58
115.581
115.582
115.583
115.584
115.585
115.586
115.587
115.588
115.589
115.59
115.591
115.592
115.593
115.594
115.595
115.596
115.597
115.598
115.599
115.6
115.601
115.602
115.603
115.604
115.605
115.606
115.607
115.608
115.609
115.61
115.611
115.612
115.613
115.614
115.615
115.616
115.617
115.618
115.619
115.62
115.621
115.622
115.623
115.624
115.625
115.626
115.627
115.628
115.629
115.63
115.631
115.632
115.633
115.634
115.635
115.636
115.637
115.638
115.639
115.64
115.641
115.642
115.643
115.644
115.645
115.646
115.647
115.648
115.649
115.65
115.651
115.652
115.653
115.654
115.655
115.656
115.657
115.658
115.659
115.66
115.661
115.662
115.663
115.664
115.665
115.666
115.667
115.668
115.669
115.67
115.671
115.672
115.673
115.674
115.675
115.676
115.677
115.678
115.679
115.68
115.681
115.682
115.683
115.684
115.685
115.686
115.687
115.688
115.689
115.69
115.691
115.692
115.693
115.694
115.695
115.696
115.697
115.698
115.699
115.7
115.701
115.702
115.703
115.704
115.705
115.706
115.707
115.708
115.709
115.71
115.711
115.712
115.713
115.714
115.715
115.716
115.717
115.718
115.719
115.72
115.721
115.722
115.723
115.724
115.725
115.726
115.727
115.728
115.729
115.73
115.731
115.732
115.733
115.734
115.735
115.736
115.737
115.738
115.739
115.74
115.741
115.742
115.743
115.744
115.745
115.746
115.747
115.748
115.749
115.75
115.751
115.752
115.753
115.754
115.755
115.756
115.757
115.758
115.759
115.76
115.761
115.762
115.763
115.764
115.765
115.766
115.767
115.768
115.769
115.77
115.771
115.772
115.773
115.774
115.775
115.776
115.777
115.778
115.779
115.78
115.781
115.782
115.783
115.784
115.785
115.786
115.787
115.788
115.789
115.79
115.791
115.792
115.793
115.794
115.795
115.796
115.797
115.798
115.799
115.8
115.801
115.802
115.803
115.804
115.805
115.806
115.807
115.808
115.809
115.81
115.811
115.812
115.813
115.814
115.815
115.816
115.817
115.818
115.819
115.82
115.821
115.822
115.823
115.824
115.825
115.826
115.827
115.828
115.829
115.83
115.831
115.832
115.833
115.834
115.835
115.836
115.837
115.838
115.839
115.84
115.841
115.842
115.843
115.844
115.845
115.846
115.847
115.848
115.849
115.85
115.851
115.852
115.853
115.854
115.855
115.856
115.857
115.858
115.859
115.86
115.861
115.862
115.863
115.864
115.865
115.866
115.867
115.868
115.869
115.87
115.871
115.872
115.873
115.874
115.875
115.876
115.877
115.878
115.879
115.88
115.881
115.882
115.883
115.884
115.885
115.886
115.887
115.888
115.889
115.89
115.891
115.892
115.893
115.894
115.895
115.896
115.897
115.898
115.899
115.9
115.901
115.902
115.903
115.904
115.905
115.906
115.907
115.908
115.909
115.91
115.911
115.912
115.913
115.914
115.915
115.916
115.917
115.918
115.919
115.92
115.921
115.922
115.923
115.924
115.925
115.926
115.927
115.928
115.929
115.93
115.931
115.932
115.933
115.934
115.935
115.936
115.937
115.938
115.939
115.94
115.941
115.942
115.943
115.944
115.945
115.946
115.947
115.948
115.949
115.95
115.951
115.952
115.953
115.954
115.955
115.956
115.957
115.958
115.959
115.96
115.961
115.962
115.963
115.964
115.965
115.966
115.967
115.968
115.969
115.97
115.971
115.972
115.973
115.974
115.975
115.976
115.977
115.978
115.979
115.98
115.981
115.982
115.983
115.984
115.985
115.986
115.987
115.988
115.989
115.99
115.991
115.992
115.993
115.994
115.995
115.996
115.997
115.998
115.999
116
116.001
116.002
116.003
116.004
116.005
116.006
116.007
116.008
116.009
116.01
116.011
116.012
116.013
116.014
116.015
116.016
116.017
116.018
116.019
116.02
116.021
116.022
116.023
116.024
116.025
116.026
116.027
116.028
116.029
116.03
116.031
116.032
116.033
116.034
116.035
116.036
116.037
116.038
116.039
116.04
116.041
116.042
116.043
116.044
116.045
116.046
116.047
116.048
116.049
116.05
116.051
116.052
116.053
116.054
116.055
116.056
116.057
116.058
116.059
116.06
116.061
116.062
116.063
116.064
116.065
116.066
116.067
116.068
116.069
116.07
116.071
116.072
116.073
116.074
116.075
116.076
116.077
116.078
116.079
116.08
116.081
116.082
116.083
116.084
116.085
116.086
116.087
116.088
116.089
116.09
116.091
116.092
116.093
116.094
116.095
116.096
116.097
116.098
116.099
116.1
116.101
116.102
116.103
116.104
116.105
116.106
116.107
116.108
116.109
116.11
116.111
116.112
116.113
116.114
116.115
116.116
116.117
116.118
116.119
116.12
116.121
116.122
116.123
116.124
116.125
116.126
116.127
116.128
116.129
116.13
116.131
116.132
116.133
116.134
116.135
116.136
116.137
116.138
116.139
116.14
116.141
116.142
116.143
116.144
116.145
116.146
116.147
116.148
116.149
116.15
116.151
116.152
116.153
116.154
116.155
116.156
116.157
116.158
116.159
116.16
116.161
116.162
116.163
116.164
116.165
116.166
116.167
116.168
116.169
116.17
116.171
116.172
116.173
116.174
116.175
116.176
116.177
116.178
116.179
116.18
116.181
116.182
116.183
116.184
116.185
116.186
116.187
116.188
116.189
116.19
116.191
116.192
116.193
116.194
116.195
116.196
116.197
116.198
116.199
116.2
116.201
116.202
116.203
116.204
116.205
116.206
116.207
116.208
116.209
116.21
116.211
116.212
116.213
116.214
116.215
116.216
116.217
116.218
116.219
116.22
116.221
116.222
116.223
116.224
116.225
116.226
116.227
116.228
116.229
116.23
116.231
116.232
116.233
116.234
116.235
116.236
116.237
116.238
116.239
116.24
116.241
116.242
116.243
116.244
116.245
116.246
116.247
116.248
116.249
116.25
116.251
116.252
116.253
116.254
116.255
116.256
116.257
116.258
116.259
116.26
116.261
116.262
116.263
116.264
116.265
116.266
116.267
116.268
116.269
116.27
116.271
116.272
116.273
116.274
116.275
116.276
116.277
116.278
116.279
116.28
116.281
116.282
116.283
116.284
116.285
116.286
116.287
116.288
116.289
116.29
116.291
116.292
116.293
116.294
116.295
116.296
116.297
116.298
116.299
116.3
116.301
116.302
116.303
116.304
116.305
116.306
116.307
116.308
116.309
116.31
116.311
116.312
116.313
116.314
116.315
116.316
116.317
116.318
116.319
116.32
116.321
116.322
116.323
116.324
116.325
116.326
116.327
116.328
116.329
116.33
116.331
116.332
116.333
116.334
116.335
116.336
116.337
116.338
116.339
116.34
116.341
116.342
116.343
116.344
116.345
116.346
116.347
116.348
116.349
116.35
116.351
116.352
116.353
116.354
116.355
116.356
116.357
116.358
116.359
116.36
116.361
116.362
116.363
116.364
116.365
116.366
116.367
116.368
116.369
116.37
116.371
116.372
116.373
116.374
116.375
116.376
116.377
116.378
116.379
116.38
116.381
116.382
116.383
116.384
116.385
116.386
116.387
116.388
116.389
116.39
116.391
116.392
116.393
116.394
116.395
116.396
116.397
116.398
116.399
116.4
116.401
116.402
116.403
116.404
116.405
116.406
116.407
116.408
116.409
116.41
116.411
116.412
116.413
116.414
116.415
116.416
116.417
116.418
116.419
116.42
116.421
116.422
116.423
116.424
116.425
116.426
116.427
116.428
116.429
116.43
116.431
116.432
116.433
116.434
116.435
116.436
116.437
116.438
116.439
116.44
116.441
116.442
116.443
116.444
116.445
116.446
116.447
116.448
116.449
116.45
116.451
116.452
116.453
116.454
116.455
116.456
116.457
116.458
116.459
116.46
116.461
116.462
116.463
116.464
116.465
116.466
116.467
116.468
116.469
116.47
116.471
116.472
116.473
116.474
116.475
116.476
116.477
116.478
116.479
116.48
116.481
116.482
116.483
116.484
116.485
116.486
116.487
116.488
116.489
116.49
116.491
116.492
116.493
116.494
116.495
116.496
116.497
116.498
116.499
116.5
116.501
116.502
116.503
116.504
116.505
116.506
116.507
116.508
116.509
116.51
116.511
116.512
116.513
116.514
116.515
116.516
116.517
116.518
116.519
116.52
116.521
116.522
116.523
116.524
116.525
116.526
116.527
116.528
116.529
116.53
116.531
116.532
116.533
116.534
116.535
116.536
116.537
116.538
116.539
116.54
116.541
116.542
116.543
116.544
116.545
116.546
116.547
116.548
116.549
116.55
116.551
116.552
116.553
116.554
116.555
116.556
116.557
116.558
116.559
116.56
116.561
116.562
116.563
116.564
116.565
116.566
116.567
116.568
116.569
116.57
116.571
116.572
116.573
116.574
116.575
116.576
116.577
116.578
116.579
116.58
116.581
116.582
116.583
116.584
116.585
116.586
116.587
116.588
116.589
116.59
116.591
116.592
116.593
116.594
116.595
116.596
116.597
116.598
116.599
116.6
116.601
116.602
116.603
116.604
116.605
116.606
116.607
116.608
116.609
116.61
116.611
116.612
116.613
116.614
116.615
116.616
116.617
116.618
116.619
116.62
116.621
116.622
116.623
116.624
116.625
116.626
116.627
116.628
116.629
116.63
116.631
116.632
116.633
116.634
116.635
116.636
116.637
116.638
116.639
116.64
116.641
116.642
116.643
116.644
116.645
116.646
116.647
116.648
116.649
116.65
116.651
116.652
116.653
116.654
116.655
116.656
116.657
116.658
116.659
116.66
116.661
116.662
116.663
116.664
116.665
116.666
116.667
116.668
116.669
116.67
116.671
116.672
116.673
116.674
116.675
116.676
116.677
116.678
116.679
116.68
116.681
116.682
116.683
116.684
116.685
116.686
116.687
116.688
116.689
116.69
116.691
116.692
116.693
116.694
116.695
116.696
116.697
116.698
116.699
116.7
116.701
116.702
116.703
116.704
116.705
116.706
116.707
116.708
116.709
116.71
116.711
116.712
116.713
116.714
116.715
116.716
116.717
116.718
116.719
116.72
116.721
116.722
116.723
116.724
116.725
116.726
116.727
116.728
116.729
116.73
116.731
116.732
116.733
116.734
116.735
116.736
116.737
116.738
116.739
116.74
116.741
116.742
116.743
116.744
116.745
116.746
116.747
116.748
116.749
116.75
116.751
116.752
116.753
116.754
116.755
116.756
116.757
116.758
116.759
116.76
116.761
116.762
116.763
116.764
116.765
116.766
116.767
116.768
116.769
116.77
116.771
116.772
116.773
116.774
116.775
116.776
116.777
116.778
116.779
116.78
116.781
116.782
116.783
116.784
116.785
116.786
116.787
116.788
116.789
116.79
116.791
116.792
116.793
116.794
116.795
116.796
116.797
116.798
116.799
116.8
116.801
116.802
116.803
116.804
116.805
116.806
116.807
116.808
116.809
116.81
116.811
116.812
116.813
116.814
116.815
116.816
116.817
116.818
116.819
116.82
116.821
116.822
116.823
116.824
116.825
116.826
116.827
116.828
116.829
116.83
116.831
116.832
116.833
116.834
116.835
116.836
116.837
116.838
116.839
116.84
116.841
116.842
116.843
116.844
116.845
116.846
116.847
116.848
116.849
116.85
116.851
116.852
116.853
116.854
116.855
116.856
116.857
116.858
116.859
116.86
116.861
116.862
116.863
116.864
116.865
116.866
116.867
116.868
116.869
116.87
116.871
116.872
116.873
116.874
116.875
116.876
116.877
116.878
116.879
116.88
116.881
116.882
116.883
116.884
116.885
116.886
116.887
116.888
116.889
116.89
116.891
116.892
116.893
116.894
116.895
116.896
116.897
116.898
116.899
116.9
116.901
116.902
116.903
116.904
116.905
116.906
116.907
116.908
116.909
116.91
116.911
116.912
116.913
116.914
116.915
116.916
116.917
116.918
116.919
116.92
116.921
116.922
116.923
116.924
116.925
116.926
116.927
116.928
116.929
116.93
116.931
116.932
116.933
116.934
116.935
116.936
116.937
116.938
116.939
116.94
116.941
116.942
116.943
116.944
116.945
116.946
116.947
116.948
116.949
116.95
116.951
116.952
116.953
116.954
116.955
116.956
116.957
116.958
116.959
116.96
116.961
116.962
116.963
116.964
116.965
116.966
116.967
116.968
116.969
116.97
116.971
116.972
116.973
116.974
116.975
116.976
116.977
116.978
116.979
116.98
116.981
116.982
116.983
116.984
116.985
116.986
116.987
116.988
116.989
116.99
116.991
116.992
116.993
116.994
116.995
116.996
116.997
116.998
116.999
117
117.001
117.002
117.003
117.004
117.005
117.006
117.007
117.008
117.009
117.01
117.011
117.012
117.013
117.014
117.015
117.016
117.017
117.018
117.019
117.02
117.021
117.022
117.023
117.024
117.025
117.026
117.027
117.028
117.029
117.03
117.031
117.032
117.033
117.034
117.035
117.036
117.037
117.038
117.039
117.04
117.041
117.042
117.043
117.044
117.045
117.046
117.047
117.048
117.049
117.05
117.051
117.052
117.053
117.054
117.055
117.056
117.057
117.058
117.059
117.06
117.061
117.062
117.063
117.064
117.065
117.066
117.067
117.068
117.069
117.07
117.071
117.072
117.073
117.074
117.075
117.076
117.077
117.078
117.079
117.08
117.081
117.082
117.083
117.084
117.085
117.086
117.087
117.088
117.089
117.09
117.091
117.092
117.093
117.094
117.095
117.096
117.097
117.098
117.099
117.1
117.101
117.102
117.103
117.104
117.105
117.106
117.107
117.108
117.109
117.11
117.111
117.112
117.113
117.114
117.115
117.116
117.117
117.118
117.119
117.12
117.121
117.122
117.123
117.124
117.125
117.126
117.127
117.128
117.129
117.13
117.131
117.132
117.133
117.134
117.135
117.136
117.137
117.138
117.139
117.14
117.141
117.142
117.143
117.144
117.145
117.146
117.147
117.148
117.149
117.15
117.151
117.152
117.153
117.154
117.155
117.156
117.157
117.158
117.159
117.16
117.161
117.162
117.163
117.164
117.165
117.166
117.167
117.168
117.169
117.17
117.171
117.172
117.173
117.174
117.175
117.176
117.177
117.178
117.179
117.18
117.181
117.182
117.183
117.184
117.185
117.186
117.187
117.188
117.189
117.19
117.191
117.192
117.193
117.194
117.195
117.196
117.197
117.198
117.199
117.2
117.201
117.202
117.203
117.204
117.205
117.206
117.207
117.208
117.209
117.21
117.211
117.212
117.213
117.214
117.215
117.216
117.217
117.218
117.219
117.22
117.221
117.222
117.223
117.224
117.225
117.226
117.227
117.228
117.229
117.23
117.231
117.232
117.233
117.234
117.235
117.236
117.237
117.238
117.239
117.24
117.241
117.242
117.243
117.244
117.245
117.246
117.247
117.248
117.249
117.25
117.251
117.252
117.253
117.254
117.255
117.256
117.257
117.258
117.259
117.26
117.261
117.262
117.263
117.264
117.265
117.266
117.267
117.268
117.269
117.27
117.271
117.272
117.273
117.274
117.275
117.276
117.277
117.278
117.279
117.28
117.281
117.282
117.283
117.284
117.285
117.286
117.287
117.288
117.289
117.29
117.291
117.292
117.293
117.294
117.295
117.296
117.297
117.298
117.299
117.3
117.301
117.302
117.303
117.304
117.305
117.306
117.307
117.308
117.309
117.31
117.311
117.312
117.313
117.314
117.315
117.316
117.317
117.318
117.319
117.32
117.321
117.322
117.323
117.324
117.325
117.326
117.327
117.328
117.329
117.33
117.331
117.332
117.333
117.334
117.335
117.336
117.337
117.338
117.339
117.34
117.341
117.342
117.343
117.344
117.345
117.346
117.347
117.348
117.349
117.35
117.351
117.352
117.353
117.354
117.355
117.356
117.357
117.358
117.359
117.36
117.361
117.362
117.363
117.364
117.365
117.366
117.367
117.368
117.369
117.37
117.371
117.372
117.373
117.374
117.375
117.376
117.377
117.378
117.379
117.38
117.381
117.382
117.383
117.384
117.385
117.386
117.387
117.388
117.389
117.39
117.391
117.392
117.393
117.394
117.395
117.396
117.397
117.398
117.399
117.4
117.401
117.402
117.403
117.404
117.405
117.406
117.407
117.408
117.409
117.41
117.411
117.412
117.413
117.414
117.415
117.416
117.417
117.418
117.419
117.42
117.421
117.422
117.423
117.424
117.425
117.426
117.427
117.428
117.429
117.43
117.431
117.432
117.433
117.434
117.435
117.436
117.437
117.438
117.439
117.44
117.441
117.442
117.443
117.444
117.445
117.446
117.447
117.448
117.449
117.45
117.451
117.452
117.453
117.454
117.455
117.456
117.457
117.458
117.459
117.46
117.461
117.462
117.463
117.464
117.465
117.466
117.467
117.468
117.469
117.47
117.471
117.472
117.473
117.474
117.475
117.476
117.477
117.478
117.479
117.48
117.481
117.482
117.483
117.484
117.485
117.486
117.487
117.488
117.489
117.49
117.491
117.492
117.493
117.494
117.495
117.496
117.497
117.498
117.499
117.5
117.501
117.502
117.503
117.504
117.505
117.506
117.507
117.508
117.509
117.51
117.511
117.512
117.513
117.514
117.515
117.516
117.517
117.518
117.519
117.52
117.521
117.522
117.523
117.524
117.525
117.526
117.527
117.528
117.529
117.53
117.531
117.532
117.533
117.534
117.535
117.536
117.537
117.538
117.539
117.54
117.541
117.542
117.543
117.544
117.545
117.546
117.547
117.548
117.549
117.55
117.551
117.552
117.553
117.554
117.555
117.556
117.557
117.558
117.559
117.56
117.561
117.562
117.563
117.564
117.565
117.566
117.567
117.568
117.569
117.57
117.571
117.572
117.573
117.574
117.575
117.576
117.577
117.578
117.579
117.58
117.581
117.582
117.583
117.584
117.585
117.586
117.587
117.588
117.589
117.59
117.591
117.592
117.593
117.594
117.595
117.596
117.597
117.598
117.599
117.6
117.601
117.602
117.603
117.604
117.605
117.606
117.607
117.608
117.609
117.61
117.611
117.612
117.613
117.614
117.615
117.616
117.617
117.618
117.619
117.62
117.621
117.622
117.623
117.624
117.625
117.626
117.627
117.628
117.629
117.63
117.631
117.632
117.633
117.634
117.635
117.636
117.637
117.638
117.639
117.64
117.641
117.642
117.643
117.644
117.645
117.646
117.647
117.648
117.649
117.65
117.651
117.652
117.653
117.654
117.655
117.656
117.657
117.658
117.659
117.66
117.661
117.662
117.663
117.664
117.665
117.666
117.667
117.668
117.669
117.67
117.671
117.672
117.673
117.674
117.675
117.676
117.677
117.678
117.679
117.68
117.681
117.682
117.683
117.684
117.685
117.686
117.687
117.688
117.689
117.69
117.691
117.692
117.693
117.694
117.695
117.696
117.697
117.698
117.699
117.7
117.701
117.702
117.703
117.704
117.705
117.706
117.707
117.708
117.709
117.71
117.711
117.712
117.713
117.714
117.715
117.716
117.717
117.718
117.719
117.72
117.721
117.722
117.723
117.724
117.725
117.726
117.727
117.728
117.729
117.73
117.731
117.732
117.733
117.734
117.735
117.736
117.737
117.738
117.739
117.74
117.741
117.742
117.743
117.744
117.745
117.746
117.747
117.748
117.749
117.75
117.751
117.752
117.753
117.754
117.755
117.756
117.757
117.758
117.759
117.76
117.761
117.762
117.763
117.764
117.765
117.766
117.767
117.768
117.769
117.77
117.771
117.772
117.773
117.774
117.775
117.776
117.777
117.778
117.779
117.78
117.781
117.782
117.783
117.784
117.785
117.786
117.787
117.788
117.789
117.79
117.791
117.792
117.793
117.794
117.795
117.796
117.797
117.798
117.799
117.8
117.801
117.802
117.803
117.804
117.805
117.806
117.807
117.808
117.809
117.81
117.811
117.812
117.813
117.814
117.815
117.816
117.817
117.818
117.819
117.82
117.821
117.822
117.823
117.824
117.825
117.826
117.827
117.828
117.829
117.83
117.831
117.832
117.833
117.834
117.835
117.836
117.837
117.838
117.839
117.84
117.841
117.842
117.843
117.844
117.845
117.846
117.847
117.848
117.849
117.85
117.851
117.852
117.853
117.854
117.855
117.856
117.857
117.858
117.859
117.86
117.861
117.862
117.863
117.864
117.865
117.866
117.867
117.868
117.869
117.87
117.871
117.872
117.873
117.874
117.875
117.876
117.877
117.878
117.879
117.88
117.881
117.882
117.883
117.884
117.885
117.886
117.887
117.888
117.889
117.89
117.891
117.892
117.893
117.894
117.895
117.896
117.897
117.898
117.899
117.9
117.901
117.902
117.903
117.904
117.905
117.906
117.907
117.908
117.909
117.91
117.911
117.912
117.913
117.914
117.915
117.916
117.917
117.918
117.919
117.92
117.921
117.922
117.923
117.924
117.925
117.926
117.927
117.928
117.929
117.93
117.931
117.932
117.933
117.934
117.935
117.936
117.937
117.938
117.939
117.94
117.941
117.942
117.943
117.944
117.945
117.946
117.947
117.948
117.949
117.95
117.951
117.952
117.953
117.954
117.955
117.956
117.957
117.958
117.959
117.96
117.961
117.962
117.963
117.964
117.965
117.966
117.967
117.968
117.969
117.97
117.971
117.972
117.973
117.974
117.975
117.976
117.977
117.978
117.979
117.98
117.981
117.982
117.983
117.984
117.985
117.986
117.987
117.988
117.989
117.99
117.991
117.992
117.993
117.994
117.995
117.996
117.997
117.998
117.999
118
118.001
118.002
118.003
118.004
118.005
118.006
118.007
118.008
118.009
118.01
118.011
118.012
118.013
118.014
118.015
118.016
118.017
118.018
118.019
118.02
118.021
118.022
118.023
118.024
118.025
118.026
118.027
118.028
118.029
118.03
118.031
118.032
118.033
118.034
118.035
118.036
118.037
118.038
118.039
118.04
118.041
118.042
118.043
118.044
118.045
118.046
118.047
118.048
118.049
118.05
118.051
118.052
118.053
118.054
118.055
118.056
118.057
118.058
118.059
118.06
118.061
118.062
118.063
118.064
118.065
118.066
118.067
118.068
118.069
118.07
118.071
118.072
118.073
118.074
118.075
118.076
118.077
118.078
118.079
118.08
118.081
118.082
118.083
118.084
118.085
118.086
118.087
118.088
118.089
118.09
118.091
118.092
118.093
118.094
118.095
118.096
118.097
118.098
118.099
118.1
118.101
118.102
118.103
118.104
118.105
118.106
118.107
118.108
118.109
118.11
118.111
118.112
118.113
118.114
118.115
118.116
118.117
118.118
118.119
118.12
118.121
118.122
118.123
118.124
118.125
118.126
118.127
118.128
118.129
118.13
118.131
118.132
118.133
118.134
118.135
118.136
118.137
118.138
118.139
118.14
118.141
118.142
118.143
118.144
118.145
118.146
118.147
118.148
118.149
118.15
118.151
118.152
118.153
118.154
118.155
118.156
118.157
118.158
118.159
118.16
118.161
118.162
118.163
118.164
118.165
118.166
118.167
118.168
118.169
118.17
118.171
118.172
118.173
118.174
118.175
118.176
118.177
118.178
118.179
118.18
118.181
118.182
118.183
118.184
118.185
118.186
118.187
118.188
118.189
118.19
118.191
118.192
118.193
118.194
118.195
118.196
118.197
118.198
118.199
118.2
118.201
118.202
118.203
118.204
118.205
118.206
118.207
118.208
118.209
118.21
118.211
118.212
118.213
118.214
118.215
118.216
118.217
118.218
118.219
118.22
118.221
118.222
118.223
118.224
118.225
118.226
118.227
118.228
118.229
118.23
118.231
118.232
118.233
118.234
118.235
118.236
118.237
118.238
118.239
118.24
118.241
118.242
118.243
118.244
118.245
118.246
118.247
118.248
118.249
118.25
118.251
118.252
118.253
118.254
118.255
118.256
118.257
118.258
118.259
118.26
118.261
118.262
118.263
118.264
118.265
118.266
118.267
118.268
118.269
118.27
118.271
118.272
118.273
118.274
118.275
118.276
118.277
118.278
118.279
118.28
118.281
118.282
118.283
118.284
118.285
118.286
118.287
118.288
118.289
118.29
118.291
118.292
118.293
118.294
118.295
118.296
118.297
118.298
118.299
118.3
118.301
118.302
118.303
118.304
118.305
118.306
118.307
118.308
118.309
118.31
118.311
118.312
118.313
118.314
118.315
118.316
118.317
118.318
118.319
118.32
118.321
118.322
118.323
118.324
118.325
118.326
118.327
118.328
118.329
118.33
118.331
118.332
118.333
118.334
118.335
118.336
118.337
118.338
118.339
118.34
118.341
118.342
118.343
118.344
118.345
118.346
118.347
118.348
118.349
118.35
118.351
118.352
118.353
118.354
118.355
118.356
118.357
118.358
118.359
118.36
118.361
118.362
118.363
118.364
118.365
118.366
118.367
118.368
118.369
118.37
118.371
118.372
118.373
118.374
118.375
118.376
118.377
118.378
118.379
118.38
118.381
118.382
118.383
118.384
118.385
118.386
118.387
118.388
118.389
118.39
118.391
118.392
118.393
118.394
118.395
118.396
118.397
118.398
118.399
118.4
118.401
118.402
118.403
118.404
118.405
118.406
118.407
118.408
118.409
118.41
118.411
118.412
118.413
118.414
118.415
118.416
118.417
118.418
118.419
118.42
118.421
118.422
118.423
118.424
118.425
118.426
118.427
118.428
118.429
118.43
118.431
118.432
118.433
118.434
118.435
118.436
118.437
118.438
118.439
118.44
118.441
118.442
118.443
118.444
118.445
118.446
118.447
118.448
118.449
118.45
118.451
118.452
118.453
118.454
118.455
118.456
118.457
118.458
118.459
118.46
118.461
118.462
118.463
118.464
118.465
118.466
118.467
118.468
118.469
118.47
118.471
118.472
118.473
118.474
118.475
118.476
118.477
118.478
118.479
118.48
118.481
118.482
118.483
118.484
118.485
118.486
118.487
118.488
118.489
118.49
118.491
118.492
118.493
118.494
118.495
118.496
118.497
118.498
118.499
118.5
118.501
118.502
118.503
118.504
118.505
118.506
118.507
118.508
118.509
118.51
118.511
118.512
118.513
118.514
118.515
118.516
118.517
118.518
118.519
118.52
118.521
118.522
118.523
118.524
118.525
118.526
118.527
118.528
118.529
118.53
118.531
118.532
118.533
118.534
118.535
118.536
118.537
118.538
118.539
118.54
118.541
118.542
118.543
118.544
118.545
118.546
118.547
118.548
118.549
118.55
118.551
118.552
118.553
118.554
118.555
118.556
118.557
118.558
118.559
118.56
118.561
118.562
118.563
118.564
118.565
118.566
118.567
118.568
118.569
118.57
118.571
118.572
118.573
118.574
118.575
118.576
118.577
118.578
118.579
118.58
118.581
118.582
118.583
118.584
118.585
118.586
118.587
118.588
118.589
118.59
118.591
118.592
118.593
118.594
118.595
118.596
118.597
118.598
118.599
118.6
118.601
118.602
118.603
118.604
118.605
118.606
118.607
118.608
118.609
118.61
118.611
118.612
118.613
118.614
118.615
118.616
118.617
118.618
118.619
118.62
118.621
118.622
118.623
118.624
118.625
118.626
118.627
118.628
118.629
118.63
118.631
118.632
118.633
118.634
118.635
118.636
118.637
118.638
118.639
118.64
118.641
118.642
118.643
118.644
118.645
118.646
118.647
118.648
118.649
118.65
118.651
118.652
118.653
118.654
118.655
118.656
118.657
118.658
118.659
118.66
118.661
118.662
118.663
118.664
118.665
118.666
118.667
118.668
118.669
118.67
118.671
118.672
118.673
118.674
118.675
118.676
118.677
118.678
118.679
118.68
118.681
118.682
118.683
118.684
118.685
118.686
118.687
118.688
118.689
118.69
118.691
118.692
118.693
118.694
118.695
118.696
118.697
118.698
118.699
118.7
118.701
118.702
118.703
118.704
118.705
118.706
118.707
118.708
118.709
118.71
118.711
118.712
118.713
118.714
118.715
118.716
118.717
118.718
118.719
118.72
118.721
118.722
118.723
118.724
118.725
118.726
118.727
118.728
118.729
118.73
118.731
118.732
118.733
118.734
118.735
118.736
118.737
118.738
118.739
118.74
118.741
118.742
118.743
118.744
118.745
118.746
118.747
118.748
118.749
118.75
118.751
118.752
118.753
118.754
118.755
118.756
118.757
118.758
118.759
118.76
118.761
118.762
118.763
118.764
118.765
118.766
118.767
118.768
118.769
118.77
118.771
118.772
118.773
118.774
118.775
118.776
118.777
118.778
118.779
118.78
118.781
118.782
118.783
118.784
118.785
118.786
118.787
118.788
118.789
118.79
118.791
118.792
118.793
118.794
118.795
118.796
118.797
118.798
118.799
118.8
118.801
118.802
118.803
118.804
118.805
118.806
118.807
118.808
118.809
118.81
118.811
118.812
118.813
118.814
118.815
118.816
118.817
118.818
118.819
118.82
118.821
118.822
118.823
118.824
118.825
118.826
118.827
118.828
118.829
118.83
118.831
118.832
118.833
118.834
118.835
118.836
118.837
118.838
118.839
118.84
118.841
118.842
118.843
118.844
118.845
118.846
118.847
118.848
118.849
118.85
118.851
118.852
118.853
118.854
118.855
118.856
118.857
118.858
118.859
118.86
118.861
118.862
118.863
118.864
118.865
118.866
118.867
118.868
118.869
118.87
118.871
118.872
118.873
118.874
118.875
118.876
118.877
118.878
118.879
118.88
118.881
118.882
118.883
118.884
118.885
118.886
118.887
118.888
118.889
118.89
118.891
118.892
118.893
118.894
118.895
118.896
118.897
118.898
118.899
118.9
118.901
118.902
118.903
118.904
118.905
118.906
118.907
118.908
118.909
118.91
118.911
118.912
118.913
118.914
118.915
118.916
118.917
118.918
118.919
118.92
118.921
118.922
118.923
118.924
118.925
118.926
118.927
118.928
118.929
118.93
118.931
118.932
118.933
118.934
118.935
118.936
118.937
118.938
118.939
118.94
118.941
118.942
118.943
118.944
118.945
118.946
118.947
118.948
118.949
118.95
118.951
118.952
118.953
118.954
118.955
118.956
118.957
118.958
118.959
118.96
118.961
118.962
118.963
118.964
118.965
118.966
118.967
118.968
118.969
118.97
118.971
118.972
118.973
118.974
118.975
118.976
118.977
118.978
118.979
118.98
118.981
118.982
118.983
118.984
118.985
118.986
118.987
118.988
118.989
118.99
118.991
118.992
118.993
118.994
118.995
118.996
118.997
118.998
118.999
119
119.001
119.002
119.003
119.004
119.005
119.006
119.007
119.008
119.009
119.01
119.011
119.012
119.013
119.014
119.015
119.016
119.017
119.018
119.019
119.02
119.021
119.022
119.023
119.024
119.025
119.026
119.027
119.028
119.029
119.03
119.031
119.032
119.033
119.034
119.035
119.036
119.037
119.038
119.039
119.04
119.041
119.042
119.043
119.044
119.045
119.046
119.047
119.048
119.049
119.05
119.051
119.052
119.053
119.054
119.055
119.056
119.057
119.058
119.059
119.06
119.061
119.062
119.063
119.064
119.065
119.066
119.067
119.068
119.069
119.07
119.071
119.072
119.073
119.074
119.075
119.076
119.077
119.078
119.079
119.08
119.081
119.082
119.083
119.084
119.085
119.086
119.087
119.088
119.089
119.09
119.091
119.092
119.093
119.094
119.095
119.096
119.097
119.098
119.099
119.1
119.101
119.102
119.103
119.104
119.105
119.106
119.107
119.108
119.109
119.11
119.111
119.112
119.113
119.114
119.115
119.116
119.117
119.118
119.119
119.12
119.121
119.122
119.123
119.124
119.125
119.126
119.127
119.128
119.129
119.13
119.131
119.132
119.133
119.134
119.135
119.136
119.137
119.138
119.139
119.14
119.141
119.142
119.143
119.144
119.145
119.146
119.147
119.148
119.149
119.15
119.151
119.152
119.153
119.154
119.155
119.156
119.157
119.158
119.159
119.16
119.161
119.162
119.163
119.164
119.165
119.166
119.167
119.168
119.169
119.17
119.171
119.172
119.173
119.174
119.175
119.176
119.177
119.178
119.179
119.18
119.181
119.182
119.183
119.184
119.185
119.186
119.187
119.188
119.189
119.19
119.191
119.192
119.193
119.194
119.195
119.196
119.197
119.198
119.199
119.2
119.201
119.202
119.203
119.204
119.205
119.206
119.207
119.208
119.209
119.21
119.211
119.212
119.213
119.214
119.215
119.216
119.217
119.218
119.219
119.22
119.221
119.222
119.223
119.224
119.225
119.226
119.227
119.228
119.229
119.23
119.231
119.232
119.233
119.234
119.235
119.236
119.237
119.238
119.239
119.24
119.241
119.242
119.243
119.244
119.245
119.246
119.247
119.248
119.249
119.25
119.251
119.252
119.253
119.254
119.255
119.256
119.257
119.258
119.259
119.26
119.261
119.262
119.263
119.264
119.265
119.266
119.267
119.268
119.269
119.27
119.271
119.272
119.273
119.274
119.275
119.276
119.277
119.278
119.279
119.28
119.281
119.282
119.283
119.284
119.285
119.286
119.287
119.288
119.289
119.29
119.291
119.292
119.293
119.294
119.295
119.296
119.297
119.298
119.299
119.3
119.301
119.302
119.303
119.304
119.305
119.306
119.307
119.308
119.309
119.31
119.311
119.312
119.313
119.314
119.315
119.316
119.317
119.318
119.319
119.32
119.321
119.322
119.323
119.324
119.325
119.326
119.327
119.328
119.329
119.33
119.331
119.332
119.333
119.334
119.335
119.336
119.337
119.338
119.339
119.34
119.341
119.342
119.343
119.344
119.345
119.346
119.347
119.348
119.349
119.35
119.351
119.352
119.353
119.354
119.355
119.356
119.357
119.358
119.359
119.36
119.361
119.362
119.363
119.364
119.365
119.366
119.367
119.368
119.369
119.37
119.371
119.372
119.373
119.374
119.375
119.376
119.377
119.378
119.379
119.38
119.381
119.382
119.383
119.384
119.385
119.386
119.387
119.388
119.389
119.39
119.391
119.392
119.393
119.394
119.395
119.396
119.397
119.398
119.399
119.4
119.401
119.402
119.403
119.404
119.405
119.406
119.407
119.408
119.409
119.41
119.411
119.412
119.413
119.414
119.415
119.416
119.417
119.418
119.419
119.42
119.421
119.422
119.423
119.424
119.425
119.426
119.427
119.428
119.429
119.43
119.431
119.432
119.433
119.434
119.435
119.436
119.437
119.438
119.439
119.44
119.441
119.442
119.443
119.444
119.445
119.446
119.447
119.448
119.449
119.45
119.451
119.452
119.453
119.454
119.455
119.456
119.457
119.458
119.459
119.46
119.461
119.462
119.463
119.464
119.465
119.466
119.467
119.468
119.469
119.47
119.471
119.472
119.473
119.474
119.475
119.476
119.477
119.478
119.479
119.48
119.481
119.482
119.483
119.484
119.485
119.486
119.487
119.488
119.489
119.49
119.491
119.492
119.493
119.494
119.495
119.496
119.497
119.498
119.499
119.5
119.501
119.502
119.503
119.504
119.505
119.506
119.507
119.508
119.509
119.51
119.511
119.512
119.513
119.514
119.515
119.516
119.517
119.518
119.519
119.52
119.521
119.522
119.523
119.524
119.525
119.526
119.527
119.528
119.529
119.53
119.531
119.532
119.533
119.534
119.535
119.536
119.537
119.538
119.539
119.54
119.541
119.542
119.543
119.544
119.545
119.546
119.547
119.548
119.549
119.55
119.551
119.552
119.553
119.554
119.555
119.556
119.557
119.558
119.559
119.56
119.561
119.562
119.563
119.564
119.565
119.566
119.567
119.568
119.569
119.57
119.571
119.572
119.573
119.574
119.575
119.576
119.577
119.578
119.579
119.58
119.581
119.582
119.583
119.584
119.585
119.586
119.587
119.588
119.589
119.59
119.591
119.592
119.593
119.594
119.595
119.596
119.597
119.598
119.599
119.6
119.601
119.602
119.603
119.604
119.605
119.606
119.607
119.608
119.609
119.61
119.611
119.612
119.613
119.614
119.615
119.616
119.617
119.618
119.619
119.62
119.621
119.622
119.623
119.624
119.625
119.626
119.627
119.628
119.629
119.63
119.631
119.632
119.633
119.634
119.635
119.636
119.637
119.638
119.639
119.64
119.641
119.642
119.643
119.644
119.645
119.646
119.647
119.648
119.649
119.65
119.651
119.652
119.653
119.654
119.655
119.656
119.657
119.658
119.659
119.66
119.661
119.662
119.663
119.664
119.665
119.666
119.667
119.668
119.669
119.67
119.671
119.672
119.673
119.674
119.675
119.676
119.677
119.678
119.679
119.68
119.681
119.682
119.683
119.684
119.685
119.686
119.687
119.688
119.689
119.69
119.691
119.692
119.693
119.694
119.695
119.696
119.697
119.698
119.699
119.7
119.701
119.702
119.703
119.704
119.705
119.706
119.707
119.708
119.709
119.71
119.711
119.712
119.713
119.714
119.715
119.716
119.717
119.718
119.719
119.72
119.721
119.722
119.723
119.724
119.725
119.726
119.727
119.728
119.729
119.73
119.731
119.732
119.733
119.734
119.735
119.736
119.737
119.738
119.739
119.74
119.741
119.742
119.743
119.744
119.745
119.746
119.747
119.748
119.749
119.75
119.751
119.752
119.753
119.754
119.755
119.756
119.757
119.758
119.759
119.76
119.761
119.762
119.763
119.764
119.765
119.766
119.767
119.768
119.769
119.77
119.771
119.772
119.773
119.774
119.775
119.776
119.777
119.778
119.779
119.78
119.781
119.782
119.783
119.784
119.785
119.786
119.787
119.788
119.789
119.79
119.791
119.792
119.793
119.794
119.795
119.796
119.797
119.798
119.799
119.8
119.801
119.802
119.803
119.804
119.805
119.806
119.807
119.808
119.809
119.81
119.811
119.812
119.813
119.814
119.815
119.816
119.817
119.818
119.819
119.82
119.821
119.822
119.823
119.824
119.825
119.826
119.827
119.828
119.829
119.83
119.831
119.832
119.833
119.834
119.835
119.836
119.837
119.838
119.839
119.84
119.841
119.842
119.843
119.844
119.845
119.846
119.847
119.848
119.849
119.85
119.851
119.852
119.853
119.854
119.855
119.856
119.857
119.858
119.859
119.86
119.861
119.862
119.863
119.864
119.865
119.866
119.867
119.868
119.869
119.87
119.871
119.872
119.873
119.874
119.875
119.876
119.877
119.878
119.879
119.88
119.881
119.882
119.883
119.884
119.885
119.886
119.887
119.888
119.889
119.89
119.891
119.892
119.893
119.894
119.895
119.896
119.897
119.898
119.899
119.9
119.901
119.902
119.903
119.904
119.905
119.906
119.907
119.908
119.909
119.91
119.911
119.912
119.913
119.914
119.915
119.916
119.917
119.918
119.919
119.92
119.921
119.922
119.923
119.924
119.925
119.926
119.927
119.928
119.929
119.93
119.931
119.932
119.933
119.934
119.935
119.936
119.937
119.938
119.939
119.94
119.941
119.942
119.943
119.944
119.945
119.946
119.947
119.948
119.949
119.95
119.951
119.952
119.953
119.954
119.955
119.956
119.957
119.958
119.959
119.96
119.961
119.962
119.963
119.964
119.965
119.966
119.967
119.968
119.969
119.97
119.971
119.972
119.973
119.974
119.975
119.976
119.977
119.978
119.979
119.98
119.981
119.982
119.983
119.984
119.985
119.986
119.987
119.988
119.989
119.99
119.991
119.992
119.993
119.994
119.995
119.996
119.997
119.998
119.999
120
120.001
120.002
120.003
120.004
120.005
120.006
120.007
120.008
120.009
120.01
120.011
120.012
120.013
120.014
120.015
120.016
120.017
120.018
120.019
120.02
120.021
120.022
120.023
120.024
120.025
120.026
120.027
120.028
120.029
120.03
120.031
120.032
120.033
120.034
120.035
120.036
120.037
120.038
120.039
120.04
120.041
120.042
120.043
120.044
120.045
120.046
120.047
120.048
120.049
120.05
120.051
120.052
120.053
120.054
120.055
120.056
120.057
120.058
120.059
120.06
120.061
120.062
120.063
120.064
120.065
120.066
120.067
120.068
120.069
120.07
120.071
120.072
120.073
120.074
120.075
120.076
120.077
120.078
120.079
120.08
120.081
120.082
120.083
120.084
120.085
120.086
120.087
120.088
120.089
120.09
120.091
120.092
120.093
120.094
120.095
120.096
120.097
120.098
120.099
120.1
120.101
120.102
120.103
120.104
120.105
120.106
120.107
120.108
120.109
120.11
120.111
120.112
120.113
120.114
120.115
120.116
120.117
120.118
120.119
120.12
120.121
120.122
120.123
120.124
120.125
120.126
120.127
120.128
120.129
120.13
120.131
120.132
120.133
120.134
120.135
120.136
120.137
120.138
120.139
120.14
120.141
120.142
120.143
120.144
120.145
120.146
120.147
120.148
120.149
120.15
120.151
120.152
120.153
120.154
120.155
120.156
120.157
120.158
120.159
120.16
120.161
120.162
120.163
120.164
120.165
120.166
120.167
120.168
120.169
120.17
120.171
120.172
120.173
120.174
120.175
120.176
120.177
120.178
120.179
120.18
120.181
120.182
120.183
120.184
120.185
120.186
120.187
120.188
120.189
120.19
120.191
120.192
120.193
120.194
120.195
120.196
120.197
120.198
120.199
120.2
120.201
120.202
120.203
120.204
120.205
120.206
120.207
120.208
120.209
120.21
120.211
120.212
120.213
120.214
120.215
120.216
120.217
120.218
120.219
120.22
120.221
120.222
120.223
120.224
120.225
120.226
120.227
120.228
120.229
120.23
120.231
120.232
120.233
120.234
120.235
120.236
120.237
120.238
120.239
120.24
120.241
120.242
120.243
120.244
120.245
120.246
120.247
120.248
120.249
120.25
120.251
120.252
120.253
120.254
120.255
120.256
120.257
120.258
120.259
120.26
120.261
120.262
120.263
120.264
120.265
120.266
120.267
120.268
120.269
120.27
120.271
120.272
120.273
120.274
120.275
120.276
120.277
120.278
120.279
120.28
120.281
120.282
120.283
120.284
120.285
120.286
120.287
120.288
120.289
120.29
120.291
120.292
120.293
120.294
120.295
120.296
120.297
120.298
120.299
120.3
120.301
120.302
120.303
120.304
120.305
120.306
120.307
120.308
120.309
120.31
120.311
120.312
120.313
120.314
120.315
120.316
120.317
120.318
120.319
120.32
120.321
120.322
120.323
120.324
120.325
120.326
120.327
120.328
120.329
120.33
120.331
120.332
120.333
120.334
120.335
120.336
120.337
120.338
120.339
120.34
120.341
120.342
120.343
120.344
120.345
120.346
120.347
120.348
120.349
120.35
120.351
120.352
120.353
120.354
120.355
120.356
120.357
120.358
120.359
120.36
120.361
120.362
120.363
120.364
120.365
120.366
120.367
120.368
120.369
120.37
120.371
120.372
120.373
120.374
120.375
120.376
120.377
120.378
120.379
120.38
120.381
120.382
120.383
120.384
120.385
120.386
120.387
120.388
120.389
120.39
120.391
120.392
120.393
120.394
120.395
120.396
120.397
120.398
120.399
120.4
120.401
120.402
120.403
120.404
120.405
120.406
120.407
120.408
120.409
120.41
120.411
120.412
120.413
120.414
120.415
120.416
120.417
120.418
120.419
120.42
120.421
120.422
120.423
120.424
120.425
120.426
120.427
120.428
120.429
120.43
120.431
120.432
120.433
120.434
120.435
120.436
120.437
120.438
120.439
120.44
120.441
120.442
120.443
120.444
120.445
120.446
120.447
120.448
120.449
120.45
120.451
120.452
120.453
120.454
120.455
120.456
120.457
120.458
120.459
120.46
120.461
120.462
120.463
120.464
120.465
120.466
120.467
120.468
120.469
120.47
120.471
120.472
120.473
120.474
120.475
120.476
120.477
120.478
120.479
120.48
120.481
120.482
120.483
120.484
120.485
120.486
120.487
120.488
120.489
120.49
120.491
120.492
120.493
120.494
120.495
120.496
120.497
120.498
120.499
120.5
120.501
120.502
120.503
120.504
120.505
120.506
120.507
120.508
120.509
120.51
120.511
120.512
120.513
120.514
120.515
120.516
120.517
120.518
120.519
120.52
120.521
120.522
120.523
120.524
120.525
120.526
120.527
120.528
120.529
120.53
120.531
120.532
120.533
120.534
120.535
120.536
120.537
120.538
120.539
120.54
120.541
120.542
120.543
120.544
120.545
120.546
120.547
120.548
120.549
120.55
120.551
120.552
120.553
120.554
120.555
120.556
120.557
120.558
120.559
120.56
120.561
120.562
120.563
120.564
120.565
120.566
120.567
120.568
120.569
120.57
120.571
120.572
120.573
120.574
120.575
120.576
120.577
120.578
120.579
120.58
120.581
120.582
120.583
120.584
120.585
120.586
120.587
120.588
120.589
120.59
120.591
120.592
120.593
120.594
120.595
120.596
120.597
120.598
120.599
120.6
120.601
120.602
120.603
120.604
120.605
120.606
120.607
120.608
120.609
120.61
120.611
120.612
120.613
120.614
120.615
120.616
120.617
120.618
120.619
120.62
120.621
120.622
120.623
120.624
120.625
120.626
120.627
120.628
120.629
120.63
120.631
120.632
120.633
120.634
120.635
120.636
120.637
120.638
120.639
120.64
120.641
120.642
120.643
120.644
120.645
120.646
120.647
120.648
120.649
120.65
120.651
120.652
120.653
120.654
120.655
120.656
120.657
120.658
120.659
120.66
120.661
120.662
120.663
120.664
120.665
120.666
120.667
120.668
120.669
120.67
120.671
120.672
120.673
120.674
120.675
120.676
120.677
120.678
120.679
120.68
120.681
120.682
120.683
120.684
120.685
120.686
120.687
120.688
120.689
120.69
120.691
120.692
120.693
120.694
120.695
120.696
120.697
120.698
120.699
120.7
120.701
120.702
120.703
120.704
120.705
120.706
120.707
120.708
120.709
120.71
120.711
120.712
120.713
120.714
120.715
120.716
120.717
120.718
120.719
120.72
120.721
120.722
120.723
120.724
120.725
120.726
120.727
120.728
120.729
120.73
120.731
120.732
120.733
120.734
120.735
120.736
120.737
120.738
120.739
120.74
120.741
120.742
120.743
120.744
120.745
120.746
120.747
120.748
120.749
120.75
120.751
120.752
120.753
120.754
120.755
120.756
120.757
120.758
120.759
120.76
120.761
120.762
120.763
120.764
120.765
120.766
120.767
120.768
120.769
120.77
120.771
120.772
120.773
120.774
120.775
120.776
120.777
120.778
120.779
120.78
120.781
120.782
120.783
120.784
120.785
120.786
120.787
120.788
120.789
120.79
120.791
120.792
120.793
120.794
120.795
120.796
120.797
120.798
120.799
120.8
120.801
120.802
120.803
120.804
120.805
120.806
120.807
120.808
120.809
120.81
120.811
120.812
120.813
120.814
120.815
120.816
120.817
120.818
120.819
120.82
120.821
120.822
120.823
120.824
120.825
120.826
120.827
120.828
120.829
120.83
120.831
120.832
120.833
120.834
120.835
120.836
120.837
120.838
120.839
120.84
120.841
120.842
120.843
120.844
120.845
120.846
120.847
120.848
120.849
120.85
120.851
120.852
120.853
120.854
120.855
120.856
120.857
120.858
120.859
120.86
120.861
120.862
120.863
120.864
120.865
120.866
120.867
120.868
120.869
120.87
120.871
120.872
120.873
120.874
120.875
120.876
120.877
120.878
120.879
120.88
120.881
120.882
120.883
120.884
120.885
120.886
120.887
120.888
120.889
120.89
120.891
120.892
120.893
120.894
120.895
120.896
120.897
120.898
120.899
120.9
120.901
120.902
120.903
120.904
120.905
120.906
120.907
120.908
120.909
120.91
120.911
120.912
120.913
120.914
120.915
120.916
120.917
120.918
120.919
120.92
120.921
120.922
120.923
120.924
120.925
120.926
120.927
120.928
120.929
120.93
120.931
120.932
120.933
120.934
120.935
120.936
120.937
120.938
120.939
120.94
120.941
120.942
120.943
120.944
120.945
120.946
120.947
120.948
120.949
120.95
120.951
120.952
120.953
120.954
120.955
120.956
120.957
120.958
120.959
120.96
120.961
120.962
120.963
120.964
120.965
120.966
120.967
120.968
120.969
120.97
120.971
120.972
120.973
120.974
120.975
120.976
120.977
120.978
120.979
120.98
120.981
120.982
120.983
120.984
120.985
120.986
120.987
120.988
120.989
120.99
120.991
120.992
120.993
120.994
120.995
120.996
120.997
120.998
120.999
121
121.001
121.002
121.003
121.004
121.005
121.006
121.007
121.008
121.009
121.01
121.011
121.012
121.013
121.014
121.015
121.016
121.017
121.018
121.019
121.02
121.021
121.022
121.023
121.024
121.025
121.026
121.027
121.028
121.029
121.03
121.031
121.032
121.033
121.034
121.035
121.036
121.037
121.038
121.039
121.04
121.041
121.042
121.043
121.044
121.045
121.046
121.047
121.048
121.049
121.05
121.051
121.052
121.053
121.054
121.055
121.056
121.057
121.058
121.059
121.06
121.061
121.062
121.063
121.064
121.065
121.066
121.067
121.068
121.069
121.07
121.071
121.072
121.073
121.074
121.075
121.076
121.077
121.078
121.079
121.08
121.081
121.082
121.083
121.084
121.085
121.086
121.087
121.088
121.089
121.09
121.091
121.092
121.093
121.094
121.095
121.096
121.097
121.098
121.099
121.1
121.101
121.102
121.103
121.104
121.105
121.106
121.107
121.108
121.109
121.11
121.111
121.112
121.113
121.114
121.115
121.116
121.117
121.118
121.119
121.12
121.121
121.122
121.123
121.124
121.125
121.126
121.127
121.128
121.129
121.13
121.131
121.132
121.133
121.134
121.135
121.136
121.137
121.138
121.139
121.14
121.141
121.142
121.143
121.144
121.145
121.146
121.147
121.148
121.149
121.15
121.151
121.152
121.153
121.154
121.155
121.156
121.157
121.158
121.159
121.16
121.161
121.162
121.163
121.164
121.165
121.166
121.167
121.168
121.169
121.17
121.171
121.172
121.173
121.174
121.175
121.176
121.177
121.178
121.179
121.18
121.181
121.182
121.183
121.184
121.185
121.186
121.187
121.188
121.189
121.19
121.191
121.192
121.193
121.194
121.195
121.196
121.197
121.198
121.199
121.2
121.201
121.202
121.203
121.204
121.205
121.206
121.207
121.208
121.209
121.21
121.211
121.212
121.213
121.214
121.215
121.216
121.217
121.218
121.219
121.22
121.221
121.222
121.223
121.224
121.225
121.226
121.227
121.228
121.229
121.23
121.231
121.232
121.233
121.234
121.235
121.236
121.237
121.238
121.239
121.24
121.241
121.242
121.243
121.244
121.245
121.246
121.247
121.248
121.249
121.25
121.251
121.252
121.253
121.254
121.255
121.256
121.257
121.258
121.259
121.26
121.261
121.262
121.263
121.264
121.265
121.266
121.267
121.268
121.269
121.27
121.271
121.272
121.273
121.274
121.275
121.276
121.277
121.278
121.279
121.28
121.281
121.282
121.283
121.284
121.285
121.286
121.287
121.288
121.289
121.29
121.291
121.292
121.293
121.294
121.295
121.296
121.297
121.298
121.299
121.3
121.301
121.302
121.303
121.304
121.305
121.306
121.307
121.308
121.309
121.31
121.311
121.312
121.313
121.314
121.315
121.316
121.317
121.318
121.319
121.32
121.321
121.322
121.323
121.324
121.325
121.326
121.327
121.328
121.329
121.33
121.331
121.332
121.333
121.334
121.335
121.336
121.337
121.338
121.339
121.34
121.341
121.342
121.343
121.344
121.345
121.346
121.347
121.348
121.349
121.35
121.351
121.352
121.353
121.354
121.355
121.356
121.357
121.358
121.359
121.36
121.361
121.362
121.363
121.364
121.365
121.366
121.367
121.368
121.369
121.37
121.371
121.372
121.373
121.374
121.375
121.376
121.377
121.378
121.379
121.38
121.381
121.382
121.383
121.384
121.385
121.386
121.387
121.388
121.389
121.39
121.391
121.392
121.393
121.394
121.395
121.396
121.397
121.398
121.399
121.4
121.401
121.402
121.403
121.404
121.405
121.406
121.407
121.408
121.409
121.41
121.411
121.412
121.413
121.414
121.415
121.416
121.417
121.418
121.419
121.42
121.421
121.422
121.423
121.424
121.425
121.426
121.427
121.428
121.429
121.43
121.431
121.432
121.433
121.434
121.435
121.436
121.437
121.438
121.439
121.44
121.441
121.442
121.443
121.444
121.445
121.446
121.447
121.448
121.449
121.45
121.451
121.452
121.453
121.454
121.455
121.456
121.457
121.458
121.459
121.46
121.461
121.462
121.463
121.464
121.465
121.466
121.467
121.468
121.469
121.47
121.471
121.472
121.473
121.474
121.475
121.476
121.477
121.478
121.479
121.48
121.481
121.482
121.483
121.484
121.485
121.486
121.487
121.488
121.489
121.49
121.491
121.492
121.493
121.494
121.495
121.496
121.497
121.498
121.499
121.5
121.501
121.502
121.503
121.504
121.505
121.506
121.507
121.508
121.509
121.51
121.511
121.512
121.513
121.514
121.515
121.516
121.517
121.518
121.519
121.52
121.521
121.522
121.523
121.524
121.525
121.526
121.527
121.528
121.529
121.53
121.531
121.532
121.533
121.534
121.535
121.536
121.537
121.538
121.539
121.54
121.541
121.542
121.543
121.544
121.545
121.546
121.547
121.548
121.549
121.55
121.551
121.552
121.553
121.554
121.555
121.556
121.557
121.558
121.559
121.56
121.561
121.562
121.563
121.564
121.565
121.566
121.567
121.568
121.569
121.57
121.571
121.572
121.573
121.574
121.575
121.576
121.577
121.578
121.579
121.58
121.581
121.582
121.583
121.584
121.585
121.586
121.587
121.588
121.589
121.59
121.591
121.592
121.593
121.594
121.595
121.596
121.597
121.598
121.599
121.6
121.601
121.602
121.603
121.604
121.605
121.606
121.607
121.608
121.609
121.61
121.611
121.612
121.613
121.614
121.615
121.616
121.617
121.618
121.619
121.62
121.621
121.622
121.623
121.624
121.625
121.626
121.627
121.628
121.629
121.63
121.631
121.632
121.633
121.634
121.635
121.636
121.637
121.638
121.639
121.64
121.641
121.642
121.643
121.644
121.645
121.646
121.647
121.648
121.649
121.65
121.651
121.652
121.653
121.654
121.655
121.656
121.657
121.658
121.659
121.66
121.661
121.662
121.663
121.664
121.665
121.666
121.667
121.668
121.669
121.67
121.671
121.672
121.673
121.674
121.675
121.676
121.677
121.678
121.679
121.68
121.681
121.682
121.683
121.684
121.685
121.686
121.687
121.688
121.689
121.69
121.691
121.692
121.693
121.694
121.695
121.696
121.697
121.698
121.699
121.7
121.701
121.702
121.703
121.704
121.705
121.706
121.707
121.708
121.709
121.71
121.711
121.712
121.713
121.714
121.715
121.716
121.717
121.718
121.719
121.72
121.721
121.722
121.723
121.724
121.725
121.726
121.727
121.728
121.729
121.73
121.731
121.732
121.733
121.734
121.735
121.736
121.737
121.738
121.739
121.74
121.741
121.742
121.743
121.744
121.745
121.746
121.747
121.748
121.749
121.75
121.751
121.752
121.753
121.754
121.755
121.756
121.757
121.758
121.759
121.76
121.761
121.762
121.763
121.764
121.765
121.766
121.767
121.768
121.769
121.77
121.771
121.772
121.773
121.774
121.775
121.776
121.777
121.778
121.779
121.78
121.781
121.782
121.783
121.784
121.785
121.786
121.787
121.788
121.789
121.79
121.791
121.792
121.793
121.794
121.795
121.796
121.797
121.798
121.799
121.8
121.801
121.802
121.803
121.804
121.805
121.806
121.807
121.808
121.809
121.81
121.811
121.812
121.813
121.814
121.815
121.816
121.817
121.818
121.819
121.82
121.821
121.822
121.823
121.824
121.825
121.826
121.827
121.828
121.829
121.83
121.831
121.832
121.833
121.834
121.835
121.836
121.837
121.838
121.839
121.84
121.841
121.842
121.843
121.844
121.845
121.846
121.847
121.848
121.849
121.85
121.851
121.852
121.853
121.854
121.855
121.856
121.857
121.858
121.859
121.86
121.861
121.862
121.863
121.864
121.865
121.866
121.867
121.868
121.869
121.87
121.871
121.872
121.873
121.874
121.875
121.876
121.877
121.878
121.879
121.88
121.881
121.882
121.883
121.884
121.885
121.886
121.887
121.888
121.889
121.89
121.891
121.892
121.893
121.894
121.895
121.896
121.897
121.898
121.899
121.9
121.901
121.902
121.903
121.904
121.905
121.906
121.907
121.908
121.909
121.91
121.911
121.912
121.913
121.914
121.915
121.916
121.917
121.918
121.919
121.92
121.921
121.922
121.923
121.924
121.925
121.926
121.927
121.928
121.929
121.93
121.931
121.932
121.933
121.934
121.935
121.936
121.937
121.938
121.939
121.94
121.941
121.942
121.943
121.944
121.945
121.946
121.947
121.948
121.949
121.95
121.951
121.952
121.953
121.954
121.955
121.956
121.957
121.958
121.959
121.96
121.961
121.962
121.963
121.964
121.965
121.966
121.967
121.968
121.969
121.97
121.971
121.972
121.973
121.974
121.975
121.976
121.977
121.978
121.979
121.98
121.981
121.982
121.983
121.984
121.985
121.986
121.987
121.988
121.989
121.99
121.991
121.992
121.993
121.994
121.995
121.996
121.997
121.998
121.999
122
122.001
122.002
122.003
122.004
122.005
122.006
122.007
122.008
122.009
122.01
122.011
122.012
122.013
122.014
122.015
122.016
122.017
122.018
122.019
122.02
122.021
122.022
122.023
122.024
122.025
122.026
122.027
122.028
122.029
122.03
122.031
122.032
122.033
122.034
122.035
122.036
122.037
122.038
122.039
122.04
122.041
122.042
122.043
122.044
122.045
122.046
122.047
122.048
122.049
122.05
122.051
122.052
122.053
122.054
122.055
122.056
122.057
122.058
122.059
122.06
122.061
122.062
122.063
122.064
122.065
122.066
122.067
122.068
122.069
122.07
122.071
122.072
122.073
122.074
122.075
122.076
122.077
122.078
122.079
122.08
122.081
122.082
122.083
122.084
122.085
122.086
122.087
122.088
122.089
122.09
122.091
122.092
122.093
122.094
122.095
122.096
122.097
122.098
122.099
122.1
122.101
122.102
122.103
122.104
122.105
122.106
122.107
122.108
122.109
122.11
122.111
122.112
122.113
122.114
122.115
122.116
122.117
122.118
122.119
122.12
122.121
122.122
122.123
122.124
122.125
122.126
122.127
122.128
122.129
122.13
122.131
122.132
122.133
122.134
122.135
122.136
122.137
122.138
122.139
122.14
122.141
122.142
122.143
122.144
122.145
122.146
122.147
122.148
122.149
122.15
122.151
122.152
122.153
122.154
122.155
122.156
122.157
122.158
122.159
122.16
122.161
122.162
122.163
122.164
122.165
122.166
122.167
122.168
122.169
122.17
122.171
122.172
122.173
122.174
122.175
122.176
122.177
122.178
122.179
122.18
122.181
122.182
122.183
122.184
122.185
122.186
122.187
122.188
122.189
122.19
122.191
122.192
122.193
122.194
122.195
122.196
122.197
122.198
122.199
122.2
122.201
122.202
122.203
122.204
122.205
122.206
122.207
122.208
122.209
122.21
122.211
122.212
122.213
122.214
122.215
122.216
122.217
122.218
122.219
122.22
122.221
122.222
122.223
122.224
122.225
122.226
122.227
122.228
122.229
122.23
122.231
122.232
122.233
122.234
122.235
122.236
122.237
122.238
122.239
122.24
122.241
122.242
122.243
122.244
122.245
122.246
122.247
122.248
122.249
122.25
122.251
122.252
122.253
122.254
122.255
122.256
122.257
122.258
122.259
122.26
122.261
122.262
122.263
122.264
122.265
122.266
122.267
122.268
122.269
122.27
122.271
122.272
122.273
122.274
122.275
122.276
122.277
122.278
122.279
122.28
122.281
122.282
122.283
122.284
122.285
122.286
122.287
122.288
122.289
122.29
122.291
122.292
122.293
122.294
122.295
122.296
122.297
122.298
122.299
122.3
122.301
122.302
122.303
122.304
122.305
122.306
122.307
122.308
122.309
122.31
122.311
122.312
122.313
122.314
122.315
122.316
122.317
122.318
122.319
122.32
122.321
122.322
122.323
122.324
122.325
122.326
122.327
122.328
122.329
122.33
122.331
122.332
122.333
122.334
122.335
122.336
122.337
122.338
122.339
122.34
122.341
122.342
122.343
122.344
122.345
122.346
122.347
122.348
122.349
122.35
122.351
122.352
122.353
122.354
122.355
122.356
122.357
122.358
122.359
122.36
122.361
122.362
122.363
122.364
122.365
122.366
122.367
122.368
122.369
122.37
122.371
122.372
122.373
122.374
122.375
122.376
122.377
122.378
122.379
122.38
122.381
122.382
122.383
122.384
122.385
122.386
122.387
122.388
122.389
122.39
122.391
122.392
122.393
122.394
122.395
122.396
122.397
122.398
122.399
122.4
122.401
122.402
122.403
122.404
122.405
122.406
122.407
122.408
122.409
122.41
122.411
122.412
122.413
122.414
122.415
122.416
122.417
122.418
122.419
122.42
122.421
122.422
122.423
122.424
122.425
122.426
122.427
122.428
122.429
122.43
122.431
122.432
122.433
122.434
122.435
122.436
122.437
122.438
122.439
122.44
122.441
122.442
122.443
122.444
122.445
122.446
122.447
122.448
122.449
122.45
122.451
122.452
122.453
122.454
122.455
122.456
122.457
122.458
122.459
122.46
122.461
122.462
122.463
122.464
122.465
122.466
122.467
122.468
122.469
122.47
122.471
122.472
122.473
122.474
122.475
122.476
122.477
122.478
122.479
122.48
122.481
122.482
122.483
122.484
122.485
122.486
122.487
122.488
122.489
122.49
122.491
122.492
122.493
122.494
122.495
122.496
122.497
122.498
122.499
122.5
122.501
122.502
122.503
122.504
122.505
122.506
122.507
122.508
122.509
122.51
122.511
122.512
122.513
122.514
122.515
122.516
122.517
122.518
122.519
122.52
122.521
122.522
122.523
122.524
122.525
122.526
122.527
122.528
122.529
122.53
122.531
122.532
122.533
122.534
122.535
122.536
122.537
122.538
122.539
122.54
122.541
122.542
122.543
122.544
122.545
122.546
122.547
122.548
122.549
122.55
122.551
122.552
122.553
122.554
122.555
122.556
122.557
122.558
122.559
122.56
122.561
122.562
122.563
122.564
122.565
122.566
122.567
122.568
122.569
122.57
122.571
122.572
122.573
122.574
122.575
122.576
122.577
122.578
122.579
122.58
122.581
122.582
122.583
122.584
122.585
122.586
122.587
122.588
122.589
122.59
122.591
122.592
122.593
122.594
122.595
122.596
122.597
122.598
122.599
122.6
122.601
122.602
122.603
122.604
122.605
122.606
122.607
122.608
122.609
122.61
122.611
122.612
122.613
122.614
122.615
122.616
122.617
122.618
122.619
122.62
122.621
122.622
122.623
122.624
122.625
122.626
122.627
122.628
122.629
122.63
122.631
122.632
122.633
122.634
122.635
122.636
122.637
122.638
122.639
122.64
122.641
122.642
122.643
122.644
122.645
122.646
122.647
122.648
122.649
122.65
122.651
122.652
122.653
122.654
122.655
122.656
122.657
122.658
122.659
122.66
122.661
122.662
122.663
122.664
122.665
122.666
122.667
122.668
122.669
122.67
122.671
122.672
122.673
122.674
122.675
122.676
122.677
122.678
122.679
122.68
122.681
122.682
122.683
122.684
122.685
122.686
122.687
122.688
122.689
122.69
122.691
122.692
122.693
122.694
122.695
122.696
122.697
122.698
122.699
122.7
122.701
122.702
122.703
122.704
122.705
122.706
122.707
122.708
122.709
122.71
122.711
122.712
122.713
122.714
122.715
122.716
122.717
122.718
122.719
122.72
122.721
122.722
122.723
122.724
122.725
122.726
122.727
122.728
122.729
122.73
122.731
122.732
122.733
122.734
122.735
122.736
122.737
122.738
122.739
122.74
122.741
122.742
122.743
122.744
122.745
122.746
122.747
122.748
122.749
122.75
122.751
122.752
122.753
122.754
122.755
122.756
122.757
122.758
122.759
122.76
122.761
122.762
122.763
122.764
122.765
122.766
122.767
122.768
122.769
122.77
122.771
122.772
122.773
122.774
122.775
122.776
122.777
122.778
122.779
122.78
122.781
122.782
122.783
122.784
122.785
122.786
122.787
122.788
122.789
122.79
122.791
122.792
122.793
122.794
122.795
122.796
122.797
122.798
122.799
122.8
122.801
122.802
122.803
122.804
122.805
122.806
122.807
122.808
122.809
122.81
122.811
122.812
122.813
122.814
122.815
122.816
122.817
122.818
122.819
122.82
122.821
122.822
122.823
122.824
122.825
122.826
122.827
122.828
122.829
122.83
122.831
122.832
122.833
122.834
122.835
122.836
122.837
122.838
122.839
122.84
122.841
122.842
122.843
122.844
122.845
122.846
122.847
122.848
122.849
122.85
122.851
122.852
122.853
122.854
122.855
122.856
122.857
122.858
122.859
122.86
122.861
122.862
122.863
122.864
122.865
122.866
122.867
122.868
122.869
122.87
122.871
122.872
122.873
122.874
122.875
122.876
122.877
122.878
122.879
122.88
122.881
122.882
122.883
122.884
122.885
122.886
122.887
122.888
122.889
122.89
122.891
122.892
122.893
122.894
122.895
122.896
122.897
122.898
122.899
122.9
122.901
122.902
122.903
122.904
122.905
122.906
122.907
122.908
122.909
122.91
122.911
122.912
122.913
122.914
122.915
122.916
122.917
122.918
122.919
122.92
122.921
122.922
122.923
122.924
122.925
122.926
122.927
122.928
122.929
122.93
122.931
122.932
122.933
122.934
122.935
122.936
122.937
122.938
122.939
122.94
122.941
122.942
122.943
122.944
122.945
122.946
122.947
122.948
122.949
122.95
122.951
122.952
122.953
122.954
122.955
122.956
122.957
122.958
122.959
122.96
122.961
122.962
122.963
122.964
122.965
122.966
122.967
122.968
122.969
122.97
122.971
122.972
122.973
122.974
122.975
122.976
122.977
122.978
122.979
122.98
122.981
122.982
122.983
122.984
122.985
122.986
122.987
122.988
122.989
122.99
122.991
122.992
122.993
122.994
122.995
122.996
122.997
122.998
122.999
123
123.001
123.002
123.003
123.004
123.005
123.006
123.007
123.008
123.009
123.01
123.011
123.012
123.013
123.014
123.015
123.016
123.017
123.018
123.019
123.02
123.021
123.022
123.023
123.024
123.025
123.026
123.027
123.028
123.029
123.03
123.031
123.032
123.033
123.034
123.035
123.036
123.037
123.038
123.039
123.04
123.041
123.042
123.043
123.044
123.045
123.046
123.047
123.048
123.049
123.05
123.051
123.052
123.053
123.054
123.055
123.056
123.057
123.058
123.059
123.06
123.061
123.062
123.063
123.064
123.065
123.066
123.067
123.068
123.069
123.07
123.071
123.072
123.073
123.074
123.075
123.076
123.077
123.078
123.079
123.08
123.081
123.082
123.083
123.084
123.085
123.086
123.087
123.088
123.089
123.09
123.091
123.092
123.093
123.094
123.095
123.096
123.097
123.098
123.099
123.1
123.101
123.102
123.103
123.104
123.105
123.106
123.107
123.108
123.109
123.11
123.111
123.112
123.113
123.114
123.115
123.116
123.117
123.118
123.119
123.12
123.121
123.122
123.123
123.124
123.125
123.126
123.127
123.128
123.129
123.13
123.131
123.132
123.133
123.134
123.135
123.136
123.137
123.138
123.139
123.14
123.141
123.142
123.143
123.144
123.145
123.146
123.147
123.148
123.149
123.15
123.151
123.152
123.153
123.154
123.155
123.156
123.157
123.158
123.159
123.16
123.161
123.162
123.163
123.164
123.165
123.166
123.167
123.168
123.169
123.17
123.171
123.172
123.173
123.174
123.175
123.176
123.177
123.178
123.179
123.18
123.181
123.182
123.183
123.184
123.185
123.186
123.187
123.188
123.189
123.19
123.191
123.192
123.193
123.194
123.195
123.196
123.197
123.198
123.199
123.2
123.201
123.202
123.203
123.204
123.205
123.206
123.207
123.208
123.209
123.21
123.211
123.212
123.213
123.214
123.215
123.216
123.217
123.218
123.219
123.22
123.221
123.222
123.223
123.224
123.225
123.226
123.227
123.228
123.229
123.23
123.231
123.232
123.233
123.234
123.235
123.236
123.237
123.238
123.239
123.24
123.241
123.242
123.243
123.244
123.245
123.246
123.247
123.248
123.249
123.25
123.251
123.252
123.253
123.254
123.255
123.256
123.257
123.258
123.259
123.26
123.261
123.262
123.263
123.264
123.265
123.266
123.267
123.268
123.269
123.27
123.271
123.272
123.273
123.274
123.275
123.276
123.277
123.278
123.279
123.28
123.281
123.282
123.283
123.284
123.285
123.286
123.287
123.288
123.289
123.29
123.291
123.292
123.293
123.294
123.295
123.296
123.297
123.298
123.299
123.3
123.301
123.302
123.303
123.304
123.305
123.306
123.307
123.308
123.309
123.31
123.311
123.312
123.313
123.314
123.315
123.316
123.317
123.318
123.319
123.32
123.321
123.322
123.323
123.324
123.325
123.326
123.327
123.328
123.329
123.33
123.331
123.332
123.333
123.334
123.335
123.336
123.337
123.338
123.339
123.34
123.341
123.342
123.343
123.344
123.345
123.346
123.347
123.348
123.349
123.35
123.351
123.352
123.353
123.354
123.355
123.356
123.357
123.358
123.359
123.36
123.361
123.362
123.363
123.364
123.365
123.366
123.367
123.368
123.369
123.37
123.371
123.372
123.373
123.374
123.375
123.376
123.377
123.378
123.379
123.38
123.381
123.382
123.383
123.384
123.385
123.386
123.387
123.388
123.389
123.39
123.391
123.392
123.393
123.394
123.395
123.396
123.397
123.398
123.399
123.4
123.401
123.402
123.403
123.404
123.405
123.406
123.407
123.408
123.409
123.41
123.411
123.412
123.413
123.414
123.415
123.416
123.417
123.418
123.419
123.42
123.421
123.422
123.423
123.424
123.425
123.426
123.427
123.428
123.429
123.43
123.431
123.432
123.433
123.434
123.435
123.436
123.437
123.438
123.439
123.44
123.441
123.442
123.443
123.444
123.445
123.446
123.447
123.448
123.449
123.45
123.451
123.452
123.453
123.454
123.455
123.456
123.457
123.458
123.459
123.46
123.461
123.462
123.463
123.464
123.465
123.466
123.467
123.468
123.469
123.47
123.471
123.472
123.473
123.474
123.475
123.476
123.477
123.478
123.479
123.48
123.481
123.482
123.483
123.484
123.485
123.486
123.487
123.488
123.489
123.49
123.491
123.492
123.493
123.494
123.495
123.496
123.497
123.498
123.499
123.5
123.501
123.502
123.503
123.504
123.505
123.506
123.507
123.508
123.509
123.51
123.511
123.512
123.513
123.514
123.515
123.516
123.517
123.518
123.519
123.52
123.521
123.522
123.523
123.524
123.525
123.526
123.527
123.528
123.529
123.53
123.531
123.532
123.533
123.534
123.535
123.536
123.537
123.538
123.539
123.54
123.541
123.542
123.543
123.544
123.545
123.546
123.547
123.548
123.549
123.55
123.551
123.552
123.553
123.554
123.555
123.556
123.557
123.558
123.559
123.56
123.561
123.562
123.563
123.564
123.565
123.566
123.567
123.568
123.569
123.57
123.571
123.572
123.573
123.574
123.575
123.576
123.577
123.578
123.579
123.58
123.581
123.582
123.583
123.584
123.585
123.586
123.587
123.588
123.589
123.59
123.591
123.592
123.593
123.594
123.595
123.596
123.597
123.598
123.599
123.6
123.601
123.602
123.603
123.604
123.605
123.606
123.607
123.608
123.609
123.61
123.611
123.612
123.613
123.614
123.615
123.616
123.617
123.618
123.619
123.62
123.621
123.622
123.623
123.624
123.625
123.626
123.627
123.628
123.629
123.63
123.631
123.632
123.633
123.634
123.635
123.636
123.637
123.638
123.639
123.64
123.641
123.642
123.643
123.644
123.645
123.646
123.647
123.648
123.649
123.65
123.651
123.652
123.653
123.654
123.655
123.656
123.657
123.658
123.659
123.66
123.661
123.662
123.663
123.664
123.665
123.666
123.667
123.668
123.669
123.67
123.671
123.672
123.673
123.674
123.675
123.676
123.677
123.678
123.679
123.68
123.681
123.682
123.683
123.684
123.685
123.686
123.687
123.688
123.689
123.69
123.691
123.692
123.693
123.694
123.695
123.696
123.697
123.698
123.699
123.7
123.701
123.702
123.703
123.704
123.705
123.706
123.707
123.708
123.709
123.71
123.711
123.712
123.713
123.714
123.715
123.716
123.717
123.718
123.719
123.72
123.721
123.722
123.723
123.724
123.725
123.726
123.727
123.728
123.729
123.73
123.731
123.732
123.733
123.734
123.735
123.736
123.737
123.738
123.739
123.74
123.741
123.742
123.743
123.744
123.745
123.746
123.747
123.748
123.749
123.75
123.751
123.752
123.753
123.754
123.755
123.756
123.757
123.758
123.759
123.76
123.761
123.762
123.763
123.764
123.765
123.766
123.767
123.768
123.769
123.77
123.771
123.772
123.773
123.774
123.775
123.776
123.777
123.778
123.779
123.78
123.781
123.782
123.783
123.784
123.785
123.786
123.787
123.788
123.789
123.79
123.791
123.792
123.793
123.794
123.795
123.796
123.797
123.798
123.799
123.8
123.801
123.802
123.803
123.804
123.805
123.806
123.807
123.808
123.809
123.81
123.811
123.812
123.813
123.814
123.815
123.816
123.817
123.818
123.819
123.82
123.821
123.822
123.823
123.824
123.825
123.826
123.827
123.828
123.829
123.83
123.831
123.832
123.833
123.834
123.835
123.836
123.837
123.838
123.839
123.84
123.841
123.842
123.843
123.844
123.845
123.846
123.847
123.848
123.849
123.85
123.851
123.852
123.853
123.854
123.855
123.856
123.857
123.858
123.859
123.86
123.861
123.862
123.863
123.864
123.865
123.866
123.867
123.868
123.869
123.87
123.871
123.872
123.873
123.874
123.875
123.876
123.877
123.878
123.879
123.88
123.881
123.882
123.883
123.884
123.885
123.886
123.887
123.888
123.889
123.89
123.891
123.892
123.893
123.894
123.895
123.896
123.897
123.898
123.899
123.9
123.901
123.902
123.903
123.904
123.905
123.906
123.907
123.908
123.909
123.91
123.911
123.912
123.913
123.914
123.915
123.916
123.917
123.918
123.919
123.92
123.921
123.922
123.923
123.924
123.925
123.926
123.927
123.928
123.929
123.93
123.931
123.932
123.933
123.934
123.935
123.936
123.937
123.938
123.939
123.94
123.941
123.942
123.943
123.944
123.945
123.946
123.947
123.948
123.949
123.95
123.951
123.952
123.953
123.954
123.955
123.956
123.957
123.958
123.959
123.96
123.961
123.962
123.963
123.964
123.965
123.966
123.967
123.968
123.969
123.97
123.971
123.972
123.973
123.974
123.975
123.976
123.977
123.978
123.979
123.98
123.981
123.982
123.983
123.984
123.985
123.986
123.987
123.988
123.989
123.99
123.991
123.992
123.993
123.994
123.995
123.996
123.997
123.998
123.999
124
124.001
124.002
124.003
124.004
124.005
124.006
124.007
124.008
124.009
124.01
124.011
124.012
124.013
124.014
124.015
124.016
124.017
124.018
124.019
124.02
124.021
124.022
124.023
124.024
124.025
124.026
124.027
124.028
124.029
124.03
124.031
124.032
124.033
124.034
124.035
124.036
124.037
124.038
124.039
124.04
124.041
124.042
124.043
124.044
124.045
124.046
124.047
124.048
124.049
124.05
124.051
124.052
124.053
124.054
124.055
124.056
124.057
124.058
124.059
124.06
124.061
124.062
124.063
124.064
124.065
124.066
124.067
124.068
124.069
124.07
124.071
124.072
124.073
124.074
124.075
124.076
124.077
124.078
124.079
124.08
124.081
124.082
124.083
124.084
124.085
124.086
124.087
124.088
124.089
124.09
124.091
124.092
124.093
124.094
124.095
124.096
124.097
124.098
124.099
124.1
124.101
124.102
124.103
124.104
124.105
124.106
124.107
124.108
124.109
124.11
124.111
124.112
124.113
124.114
124.115
124.116
124.117
124.118
124.119
124.12
124.121
124.122
124.123
124.124
124.125
124.126
124.127
124.128
124.129
124.13
124.131
124.132
124.133
124.134
124.135
124.136
124.137
124.138
124.139
124.14
124.141
124.142
124.143
124.144
124.145
124.146
124.147
124.148
124.149
124.15
124.151
124.152
124.153
124.154
124.155
124.156
124.157
124.158
124.159
124.16
124.161
124.162
124.163
124.164
124.165
124.166
124.167
124.168
124.169
124.17
124.171
124.172
124.173
124.174
124.175
124.176
124.177
124.178
124.179
124.18
124.181
124.182
124.183
124.184
124.185
124.186
124.187
124.188
124.189
124.19
124.191
124.192
124.193
124.194
124.195
124.196
124.197
124.198
124.199
124.2
124.201
124.202
124.203
124.204
124.205
124.206
124.207
124.208
124.209
124.21
124.211
124.212
124.213
124.214
124.215
124.216
124.217
124.218
124.219
124.22
124.221
124.222
124.223
124.224
124.225
124.226
124.227
124.228
124.229
124.23
124.231
124.232
124.233
124.234
124.235
124.236
124.237
124.238
124.239
124.24
124.241
124.242
124.243
124.244
124.245
124.246
124.247
124.248
124.249
124.25
124.251
124.252
124.253
124.254
124.255
124.256
124.257
124.258
124.259
124.26
124.261
124.262
124.263
124.264
124.265
124.266
124.267
124.268
124.269
124.27
124.271
124.272
124.273
124.274
124.275
124.276
124.277
124.278
124.279
124.28
124.281
124.282
124.283
124.284
124.285
124.286
124.287
124.288
124.289
124.29
124.291
124.292
124.293
124.294
124.295
124.296
124.297
124.298
124.299
124.3
124.301
124.302
124.303
124.304
124.305
124.306
124.307
124.308
124.309
124.31
124.311
124.312
124.313
124.314
124.315
124.316
124.317
124.318
124.319
124.32
124.321
124.322
124.323
124.324
124.325
124.326
124.327
124.328
124.329
124.33
124.331
124.332
124.333
124.334
124.335
124.336
124.337
124.338
124.339
124.34
124.341
124.342
124.343
124.344
124.345
124.346
124.347
124.348
124.349
124.35
124.351
124.352
124.353
124.354
124.355
124.356
124.357
124.358
124.359
124.36
124.361
124.362
124.363
124.364
124.365
124.366
124.367
124.368
124.369
124.37
124.371
124.372
124.373
124.374
124.375
124.376
124.377
124.378
124.379
124.38
124.381
124.382
124.383
124.384
124.385
124.386
124.387
124.388
124.389
124.39
124.391
124.392
124.393
124.394
124.395
124.396
124.397
124.398
124.399
124.4
124.401
124.402
124.403
124.404
124.405
124.406
124.407
124.408
124.409
124.41
124.411
124.412
124.413
124.414
124.415
124.416
124.417
124.418
124.419
124.42
124.421
124.422
124.423
124.424
124.425
124.426
124.427
124.428
124.429
124.43
124.431
124.432
124.433
124.434
124.435
124.436
124.437
124.438
124.439
124.44
124.441
124.442
124.443
124.444
124.445
124.446
124.447
124.448
124.449
124.45
124.451
124.452
124.453
124.454
124.455
124.456
124.457
124.458
124.459
124.46
124.461
124.462
124.463
124.464
124.465
124.466
124.467
124.468
124.469
124.47
124.471
124.472
124.473
124.474
124.475
124.476
124.477
124.478
124.479
124.48
124.481
124.482
124.483
124.484
124.485
124.486
124.487
124.488
124.489
124.49
124.491
124.492
124.493
124.494
124.495
124.496
124.497
124.498
124.499
124.5
124.501
124.502
124.503
124.504
124.505
124.506
124.507
124.508
124.509
124.51
124.511
124.512
124.513
124.514
124.515
124.516
124.517
124.518
124.519
124.52
124.521
124.522
124.523
124.524
124.525
124.526
124.527
124.528
124.529
124.53
124.531
124.532
124.533
124.534
124.535
124.536
124.537
124.538
124.539
124.54
124.541
124.542
124.543
124.544
124.545
124.546
124.547
124.548
124.549
124.55
124.551
124.552
124.553
124.554
124.555
124.556
124.557
124.558
124.559
124.56
124.561
124.562
124.563
124.564
124.565
124.566
124.567
124.568
124.569
124.57
124.571
124.572
124.573
124.574
124.575
124.576
124.577
124.578
124.579
124.58
124.581
124.582
124.583
124.584
124.585
124.586
124.587
124.588
124.589
124.59
124.591
124.592
124.593
124.594
124.595
124.596
124.597
124.598
124.599
124.6
124.601
124.602
124.603
124.604
124.605
124.606
124.607
124.608
124.609
124.61
124.611
124.612
124.613
124.614
124.615
124.616
124.617
124.618
124.619
124.62
124.621
124.622
124.623
124.624
124.625
124.626
124.627
124.628
124.629
124.63
124.631
124.632
124.633
124.634
124.635
124.636
124.637
124.638
124.639
124.64
124.641
124.642
124.643
124.644
124.645
124.646
124.647
124.648
124.649
124.65
124.651
124.652
124.653
124.654
124.655
124.656
124.657
124.658
124.659
124.66
124.661
124.662
124.663
124.664
124.665
124.666
124.667
124.668
124.669
124.67
124.671
124.672
124.673
124.674
124.675
124.676
124.677
124.678
124.679
124.68
124.681
124.682
124.683
124.684
124.685
124.686
124.687
124.688
124.689
124.69
124.691
124.692
124.693
124.694
124.695
124.696
124.697
124.698
124.699
124.7
124.701
124.702
124.703
124.704
124.705
124.706
124.707
124.708
124.709
124.71
124.711
124.712
124.713
124.714
124.715
124.716
124.717
124.718
124.719
124.72
124.721
124.722
124.723
124.724
124.725
124.726
124.727
124.728
124.729
124.73
124.731
124.732
124.733
124.734
124.735
124.736
124.737
124.738
124.739
124.74
124.741
124.742
124.743
124.744
124.745
124.746
124.747
124.748
124.749
124.75
124.751
124.752
124.753
124.754
124.755
124.756
124.757
124.758
124.759
124.76
124.761
124.762
124.763
124.764
124.765
124.766
124.767
124.768
124.769
124.77
124.771
124.772
124.773
124.774
124.775
124.776
124.777
124.778
124.779
124.78
124.781
124.782
124.783
124.784
124.785
124.786
124.787
124.788
124.789
124.79
124.791
124.792
124.793
124.794
124.795
124.796
124.797
124.798
124.799
124.8
124.801
124.802
124.803
124.804
124.805
124.806
124.807
124.808
124.809
124.81
124.811
124.812
124.813
124.814
124.815
124.816
124.817
124.818
124.819
124.82
124.821
124.822
124.823
124.824
124.825
124.826
124.827
124.828
124.829
124.83
124.831
124.832
124.833
124.834
124.835
124.836
124.837
124.838
124.839
124.84
124.841
124.842
124.843
124.844
124.845
124.846
124.847
124.848
124.849
124.85
124.851
124.852
124.853
124.854
124.855
124.856
124.857
124.858
124.859
124.86
124.861
124.862
124.863
124.864
124.865
124.866
124.867
124.868
124.869
124.87
124.871
124.872
124.873
124.874
124.875
124.876
124.877
124.878
124.879
124.88
124.881
124.882
124.883
124.884
124.885
124.886
124.887
124.888
124.889
124.89
124.891
124.892
124.893
124.894
124.895
124.896
124.897
124.898
124.899
124.9
124.901
124.902
124.903
124.904
124.905
124.906
124.907
124.908
124.909
124.91
124.911
124.912
124.913
124.914
124.915
124.916
124.917
124.918
124.919
124.92
124.921
124.922
124.923
124.924
124.925
124.926
124.927
124.928
124.929
124.93
124.931
124.932
124.933
124.934
124.935
124.936
124.937
124.938
124.939
124.94
124.941
124.942
124.943
124.944
124.945
124.946
124.947
124.948
124.949
124.95
124.951
124.952
124.953
124.954
124.955
124.956
124.957
124.958
124.959
124.96
124.961
124.962
124.963
124.964
124.965
124.966
124.967
124.968
124.969
124.97
124.971
124.972
124.973
124.974
124.975
124.976
124.977
124.978
124.979
124.98
124.981
124.982
124.983
124.984
124.985
124.986
124.987
124.988
124.989
124.99
124.991
124.992
124.993
124.994
124.995
124.996
124.997
124.998
124.999
125
125.001
125.002
125.003
125.004
125.005
125.006
125.007
125.008
125.009
125.01
125.011
125.012
125.013
125.014
125.015
125.016
125.017
125.018
125.019
125.02
125.021
125.022
125.023
125.024
125.025
125.026
125.027
125.028
125.029
125.03
125.031
125.032
125.033
125.034
125.035
125.036
125.037
125.038
125.039
125.04
125.041
125.042
125.043
125.044
125.045
125.046
125.047
125.048
125.049
125.05
125.051
125.052
125.053
125.054
125.055
125.056
125.057
125.058
125.059
125.06
125.061
125.062
125.063
125.064
125.065
125.066
125.067
125.068
125.069
125.07
125.071
125.072
125.073
125.074
125.075
125.076
125.077
125.078
125.079
125.08
125.081
125.082
125.083
125.084
125.085
125.086
125.087
125.088
125.089
125.09
125.091
125.092
125.093
125.094
125.095
125.096
125.097
125.098
125.099
125.1
125.101
125.102
125.103
125.104
125.105
125.106
125.107
125.108
125.109
125.11
125.111
125.112
125.113
125.114
125.115
125.116
125.117
125.118
125.119
125.12
125.121
125.122
125.123
125.124
125.125
125.126
125.127
125.128
125.129
125.13
125.131
125.132
125.133
125.134
125.135
125.136
125.137
125.138
125.139
125.14
125.141
125.142
125.143
125.144
125.145
125.146
125.147
125.148
125.149
125.15
125.151
125.152
125.153
125.154
125.155
125.156
125.157
125.158
125.159
125.16
125.161
125.162
125.163
125.164
125.165
125.166
125.167
125.168
125.169
125.17
125.171
125.172
125.173
125.174
125.175
125.176
125.177
125.178
125.179
125.18
125.181
125.182
125.183
125.184
125.185
125.186
125.187
125.188
125.189
125.19
125.191
125.192
125.193
125.194
125.195
125.196
125.197
125.198
125.199
125.2
125.201
125.202
125.203
125.204
125.205
125.206
125.207
125.208
125.209
125.21
125.211
125.212
125.213
125.214
125.215
125.216
125.217
125.218
125.219
125.22
125.221
125.222
125.223
125.224
125.225
125.226
125.227
125.228
125.229
125.23
125.231
125.232
125.233
125.234
125.235
125.236
125.237
125.238
125.239
125.24
125.241
125.242
125.243
125.244
125.245
125.246
125.247
125.248
125.249
125.25
125.251
125.252
125.253
125.254
125.255
125.256
125.257
125.258
125.259
125.26
125.261
125.262
125.263
125.264
125.265
125.266
125.267
125.268
125.269
125.27
125.271
125.272
125.273
125.274
125.275
125.276
125.277
125.278
125.279
125.28
125.281
125.282
125.283
125.284
125.285
125.286
125.287
125.288
125.289
125.29
125.291
125.292
125.293
125.294
125.295
125.296
125.297
125.298
125.299
125.3
125.301
125.302
125.303
125.304
125.305
125.306
125.307
125.308
125.309
125.31
125.311
125.312
125.313
125.314
125.315
125.316
125.317
125.318
125.319
125.32
125.321
125.322
125.323
125.324
125.325
125.326
125.327
125.328
125.329
125.33
125.331
125.332
125.333
125.334
125.335
125.336
125.337
125.338
125.339
125.34
125.341
125.342
125.343
125.344
125.345
125.346
125.347
125.348
125.349
125.35
125.351
125.352
125.353
125.354
125.355
125.356
125.357
125.358
125.359
125.36
125.361
125.362
125.363
125.364
125.365
125.366
125.367
125.368
125.369
125.37
125.371
125.372
125.373
125.374
125.375
125.376
125.377
125.378
125.379
125.38
125.381
125.382
125.383
125.384
125.385
125.386
125.387
125.388
125.389
125.39
125.391
125.392
125.393
125.394
125.395
125.396
125.397
125.398
125.399
125.4
125.401
125.402
125.403
125.404
125.405
125.406
125.407
125.408
125.409
125.41
125.411
125.412
125.413
125.414
125.415
125.416
125.417
125.418
125.419
125.42
125.421
125.422
125.423
125.424
125.425
125.426
125.427
125.428
125.429
125.43
125.431
125.432
125.433
125.434
125.435
125.436
125.437
125.438
125.439
125.44
125.441
125.442
125.443
125.444
125.445
125.446
125.447
125.448
125.449
125.45
125.451
125.452
125.453
125.454
125.455
125.456
125.457
125.458
125.459
125.46
125.461
125.462
125.463
125.464
125.465
125.466
125.467
125.468
125.469
125.47
125.471
125.472
125.473
125.474
125.475
125.476
125.477
125.478
125.479
125.48
125.481
125.482
125.483
125.484
125.485
125.486
125.487
125.488
125.489
125.49
125.491
125.492
125.493
125.494
125.495
125.496
125.497
125.498
125.499
125.5
125.501
125.502
125.503
125.504
125.505
125.506
125.507
125.508
125.509
125.51
125.511
125.512
125.513
125.514
125.515
125.516
125.517
125.518
125.519
125.52
125.521
125.522
125.523
125.524
125.525
125.526
125.527
125.528
125.529
125.53
125.531
125.532
125.533
125.534
125.535
125.536
125.537
125.538
125.539
125.54
125.541
125.542
125.543
125.544
125.545
125.546
125.547
125.548
125.549
125.55
125.551
125.552
125.553
125.554
125.555
125.556
125.557
125.558
125.559
125.56
125.561
125.562
125.563
125.564
125.565
125.566
125.567
125.568
125.569
125.57
125.571
125.572
125.573
125.574
125.575
125.576
125.577
125.578
125.579
125.58
125.581
125.582
125.583
125.584
125.585
125.586
125.587
125.588
125.589
125.59
125.591
125.592
125.593
125.594
125.595
125.596
125.597
125.598
125.599
125.6
125.601
125.602
125.603
125.604
125.605
125.606
125.607
125.608
125.609
125.61
125.611
125.612
125.613
125.614
125.615
125.616
125.617
125.618
125.619
125.62
125.621
125.622
125.623
125.624
125.625
125.626
125.627
125.628
125.629
125.63
125.631
125.632
125.633
125.634
125.635
125.636
125.637
125.638
125.639
125.64
125.641
125.642
125.643
125.644
125.645
125.646
125.647
125.648
125.649
125.65
125.651
125.652
125.653
125.654
125.655
125.656
125.657
125.658
125.659
125.66
125.661
125.662
125.663
125.664
125.665
125.666
125.667
125.668
125.669
125.67
125.671
125.672
125.673
125.674
125.675
125.676
125.677
125.678
125.679
125.68
125.681
125.682
125.683
125.684
125.685
125.686
125.687
125.688
125.689
125.69
125.691
125.692
125.693
125.694
125.695
125.696
125.697
125.698
125.699
125.7
125.701
125.702
125.703
125.704
125.705
125.706
125.707
125.708
125.709
125.71
125.711
125.712
125.713
125.714
125.715
125.716
125.717
125.718
125.719
125.72
125.721
125.722
125.723
125.724
125.725
125.726
125.727
125.728
125.729
125.73
125.731
125.732
125.733
125.734
125.735
125.736
125.737
125.738
125.739
125.74
125.741
125.742
125.743
125.744
125.745
125.746
125.747
125.748
125.749
125.75
125.751
125.752
125.753
125.754
125.755
125.756
125.757
125.758
125.759
125.76
125.761
125.762
125.763
125.764
125.765
125.766
125.767
125.768
125.769
125.77
125.771
125.772
125.773
125.774
125.775
125.776
125.777
125.778
125.779
125.78
125.781
125.782
125.783
125.784
125.785
125.786
125.787
125.788
125.789
125.79
125.791
125.792
125.793
125.794
125.795
125.796
125.797
125.798
125.799
125.8
125.801
125.802
125.803
125.804
125.805
125.806
125.807
125.808
125.809
125.81
125.811
125.812
125.813
125.814
125.815
125.816
125.817
125.818
125.819
125.82
125.821
125.822
125.823
125.824
125.825
125.826
125.827
125.828
125.829
125.83
125.831
125.832
125.833
125.834
125.835
125.836
125.837
125.838
125.839
125.84
125.841
125.842
125.843
125.844
125.845
125.846
125.847
125.848
125.849
125.85
125.851
125.852
125.853
125.854
125.855
125.856
125.857
125.858
125.859
125.86
125.861
125.862
125.863
125.864
125.865
125.866
125.867
125.868
125.869
125.87
125.871
125.872
125.873
125.874
125.875
125.876
125.877
125.878
125.879
125.88
125.881
125.882
125.883
125.884
125.885
125.886
125.887
125.888
125.889
125.89
125.891
125.892
125.893
125.894
125.895
125.896
125.897
125.898
125.899
125.9
125.901
125.902
125.903
125.904
125.905
125.906
125.907
125.908
125.909
125.91
125.911
125.912
125.913
125.914
125.915
125.916
125.917
125.918
125.919
125.92
125.921
125.922
125.923
125.924
125.925
125.926
125.927
125.928
125.929
125.93
125.931
125.932
125.933
125.934
125.935
125.936
125.937
125.938
125.939
125.94
125.941
125.942
125.943
125.944
125.945
125.946
125.947
125.948
125.949
125.95
125.951
125.952
125.953
125.954
125.955
125.956
125.957
125.958
125.959
125.96
125.961
125.962
125.963
125.964
125.965
125.966
125.967
125.968
125.969
125.97
125.971
125.972
125.973
125.974
125.975
125.976
125.977
125.978
125.979
125.98
125.981
125.982
125.983
125.984
125.985
125.986
125.987
125.988
125.989
125.99
125.991
125.992
125.993
125.994
125.995
125.996
125.997
125.998
125.999
126
126.001
126.002
126.003
126.004
126.005
126.006
126.007
126.008
126.009
126.01
126.011
126.012
126.013
126.014
126.015
126.016
126.017
126.018
126.019
126.02
126.021
126.022
126.023
126.024
126.025
126.026
126.027
126.028
126.029
126.03
126.031
126.032
126.033
126.034
126.035
126.036
126.037
126.038
126.039
126.04
126.041
126.042
126.043
126.044
126.045
126.046
126.047
126.048
126.049
126.05
126.051
126.052
126.053
126.054
126.055
126.056
126.057
126.058
126.059
126.06
126.061
126.062
126.063
126.064
126.065
126.066
126.067
126.068
126.069
126.07
126.071
126.072
126.073
126.074
126.075
126.076
126.077
126.078
126.079
126.08
126.081
126.082
126.083
126.084
126.085
126.086
126.087
126.088
126.089
126.09
126.091
126.092
126.093
126.094
126.095
126.096
126.097
126.098
126.099
126.1
126.101
126.102
126.103
126.104
126.105
126.106
126.107
126.108
126.109
126.11
126.111
126.112
126.113
126.114
126.115
126.116
126.117
126.118
126.119
126.12
126.121
126.122
126.123
126.124
126.125
126.126
126.127
126.128
126.129
126.13
126.131
126.132
126.133
126.134
126.135
126.136
126.137
126.138
126.139
126.14
126.141
126.142
126.143
126.144
126.145
126.146
126.147
126.148
126.149
126.15
126.151
126.152
126.153
126.154
126.155
126.156
126.157
126.158
126.159
126.16
126.161
126.162
126.163
126.164
126.165
126.166
126.167
126.168
126.169
126.17
126.171
126.172
126.173
126.174
126.175
126.176
126.177
126.178
126.179
126.18
126.181
126.182
126.183
126.184
126.185
126.186
126.187
126.188
126.189
126.19
126.191
126.192
126.193
126.194
126.195
126.196
126.197
126.198
126.199
126.2
126.201
126.202
126.203
126.204
126.205
126.206
126.207
126.208
126.209
126.21
126.211
126.212
126.213
126.214
126.215
126.216
126.217
126.218
126.219
126.22
126.221
126.222
126.223
126.224
126.225
126.226
126.227
126.228
126.229
126.23
126.231
126.232
126.233
126.234
126.235
126.236
126.237
126.238
126.239
126.24
126.241
126.242
126.243
126.244
126.245
126.246
126.247
126.248
126.249
126.25
126.251
126.252
126.253
126.254
126.255
126.256
126.257
126.258
126.259
126.26
126.261
126.262
126.263
126.264
126.265
126.266
126.267
126.268
126.269
126.27
126.271
126.272
126.273
126.274
126.275
126.276
126.277
126.278
126.279
126.28
126.281
126.282
126.283
126.284
126.285
126.286
126.287
126.288
126.289
126.29
126.291
126.292
126.293
126.294
126.295
126.296
126.297
126.298
126.299
126.3
126.301
126.302
126.303
126.304
126.305
126.306
126.307
126.308
126.309
126.31
126.311
126.312
126.313
126.314
126.315
126.316
126.317
126.318
126.319
126.32
126.321
126.322
126.323
126.324
126.325
126.326
126.327
126.328
126.329
126.33
126.331
126.332
126.333
126.334
126.335
126.336
126.337
126.338
126.339
126.34
126.341
126.342
126.343
126.344
126.345
126.346
126.347
126.348
126.349
126.35
126.351
126.352
126.353
126.354
126.355
126.356
126.357
126.358
126.359
126.36
126.361
126.362
126.363
126.364
126.365
126.366
126.367
126.368
126.369
126.37
126.371
126.372
126.373
126.374
126.375
126.376
126.377
126.378
126.379
126.38
126.381
126.382
126.383
126.384
126.385
126.386
126.387
126.388
126.389
126.39
126.391
126.392
126.393
126.394
126.395
126.396
126.397
126.398
126.399
126.4
126.401
126.402
126.403
126.404
126.405
126.406
126.407
126.408
126.409
126.41
126.411
126.412
126.413
126.414
126.415
126.416
126.417
126.418
126.419
126.42
126.421
126.422
126.423
126.424
126.425
126.426
126.427
126.428
126.429
126.43
126.431
126.432
126.433
126.434
126.435
126.436
126.437
126.438
126.439
126.44
126.441
126.442
126.443
126.444
126.445
126.446
126.447
126.448
126.449
126.45
126.451
126.452
126.453
126.454
126.455
126.456
126.457
126.458
126.459
126.46
126.461
126.462
126.463
126.464
126.465
126.466
126.467
126.468
126.469
126.47
126.471
126.472
126.473
126.474
126.475
126.476
126.477
126.478
126.479
126.48
126.481
126.482
126.483
126.484
126.485
126.486
126.487
126.488
126.489
126.49
126.491
126.492
126.493
126.494
126.495
126.496
126.497
126.498
126.499
126.5
126.501
126.502
126.503
126.504
126.505
126.506
126.507
126.508
126.509
126.51
126.511
126.512
126.513
126.514
126.515
126.516
126.517
126.518
126.519
126.52
126.521
126.522
126.523
126.524
126.525
126.526
126.527
126.528
126.529
126.53
126.531
126.532
126.533
126.534
126.535
126.536
126.537
126.538
126.539
126.54
126.541
126.542
126.543
126.544
126.545
126.546
126.547
126.548
126.549
126.55
126.551
126.552
126.553
126.554
126.555
126.556
126.557
126.558
126.559
126.56
126.561
126.562
126.563
126.564
126.565
126.566
126.567
126.568
126.569
126.57
126.571
126.572
126.573
126.574
126.575
126.576
126.577
126.578
126.579
126.58
126.581
126.582
126.583
126.584
126.585
126.586
126.587
126.588
126.589
126.59
126.591
126.592
126.593
126.594
126.595
126.596
126.597
126.598
126.599
126.6
126.601
126.602
126.603
126.604
126.605
126.606
126.607
126.608
126.609
126.61
126.611
126.612
126.613
126.614
126.615
126.616
126.617
126.618
126.619
126.62
126.621
126.622
126.623
126.624
126.625
126.626
126.627
126.628
126.629
126.63
126.631
126.632
126.633
126.634
126.635
126.636
126.637
126.638
126.639
126.64
126.641
126.642
126.643
126.644
126.645
126.646
126.647
126.648
126.649
126.65
126.651
126.652
126.653
126.654
126.655
126.656
126.657
126.658
126.659
126.66
126.661
126.662
126.663
126.664
126.665
126.666
126.667
126.668
126.669
126.67
126.671
126.672
126.673
126.674
126.675
126.676
126.677
126.678
126.679
126.68
126.681
126.682
126.683
126.684
126.685
126.686
126.687
126.688
126.689
126.69
126.691
126.692
126.693
126.694
126.695
126.696
126.697
126.698
126.699
126.7
126.701
126.702
126.703
126.704
126.705
126.706
126.707
126.708
126.709
126.71
126.711
126.712
126.713
126.714
126.715
126.716
126.717
126.718
126.719
126.72
126.721
126.722
126.723
126.724
126.725
126.726
126.727
126.728
126.729
126.73
126.731
126.732
126.733
126.734
126.735
126.736
126.737
126.738
126.739
126.74
126.741
126.742
126.743
126.744
126.745
126.746
126.747
126.748
126.749
126.75
126.751
126.752
126.753
126.754
126.755
126.756
126.757
126.758
126.759
126.76
126.761
126.762
126.763
126.764
126.765
126.766
126.767
126.768
126.769
126.77
126.771
126.772
126.773
126.774
126.775
126.776
126.777
126.778
126.779
126.78
126.781
126.782
126.783
126.784
126.785
126.786
126.787
126.788
126.789
126.79
126.791
126.792
126.793
126.794
126.795
126.796
126.797
126.798
126.799
126.8
126.801
126.802
126.803
126.804
126.805
126.806
126.807
126.808
126.809
126.81
126.811
126.812
126.813
126.814
126.815
126.816
126.817
126.818
126.819
126.82
126.821
126.822
126.823
126.824
126.825
126.826
126.827
126.828
126.829
126.83
126.831
126.832
126.833
126.834
126.835
126.836
126.837
126.838
126.839
126.84
126.841
126.842
126.843
126.844
126.845
126.846
126.847
126.848
126.849
126.85
126.851
126.852
126.853
126.854
126.855
126.856
126.857
126.858
126.859
126.86
126.861
126.862
126.863
126.864
126.865
126.866
126.867
126.868
126.869
126.87
126.871
126.872
126.873
126.874
126.875
126.876
126.877
126.878
126.879
126.88
126.881
126.882
126.883
126.884
126.885
126.886
126.887
126.888
126.889
126.89
126.891
126.892
126.893
126.894
126.895
126.896
126.897
126.898
126.899
126.9
126.901
126.902
126.903
126.904
126.905
126.906
126.907
126.908
126.909
126.91
126.911
126.912
126.913
126.914
126.915
126.916
126.917
126.918
126.919
126.92
126.921
126.922
126.923
126.924
126.925
126.926
126.927
126.928
126.929
126.93
126.931
126.932
126.933
126.934
126.935
126.936
126.937
126.938
126.939
126.94
126.941
126.942
126.943
126.944
126.945
126.946
126.947
126.948
126.949
126.95
126.951
126.952
126.953
126.954
126.955
126.956
126.957
126.958
126.959
126.96
126.961
126.962
126.963
126.964
126.965
126.966
126.967
126.968
126.969
126.97
126.971
126.972
126.973
126.974
126.975
126.976
126.977
126.978
126.979
126.98
126.981
126.982
126.983
126.984
126.985
126.986
126.987
126.988
126.989
126.99
126.991
126.992
126.993
126.994
126.995
126.996
126.997
126.998
126.999
127
127.001
127.002
127.003
127.004
127.005
127.006
127.007
127.008
127.009
127.01
127.011
127.012
127.013
127.014
127.015
127.016
127.017
127.018
127.019
127.02
127.021
127.022
127.023
127.024
127.025
127.026
127.027
127.028
127.029
127.03
127.031
127.032
127.033
127.034
127.035
127.036
127.037
127.038
127.039
127.04
127.041
127.042
127.043
127.044
127.045
127.046
127.047
127.048
127.049
127.05
127.051
127.052
127.053
127.054
127.055
127.056
127.057
127.058
127.059
127.06
127.061
127.062
127.063
127.064
127.065
127.066
127.067
127.068
127.069
127.07
127.071
127.072
127.073
127.074
127.075
127.076
127.077
127.078
127.079
127.08
127.081
127.082
127.083
127.084
127.085
127.086
127.087
127.088
127.089
127.09
127.091
127.092
127.093
127.094
127.095
127.096
127.097
127.098
127.099
127.1
127.101
127.102
127.103
127.104
127.105
127.106
127.107
127.108
127.109
127.11
127.111
127.112
127.113
127.114
127.115
127.116
127.117
127.118
127.119
127.12
127.121
127.122
127.123
127.124
127.125
127.126
127.127
127.128
127.129
127.13
127.131
127.132
127.133
127.134
127.135
127.136
127.137
127.138
127.139
127.14
127.141
127.142
127.143
127.144
127.145
127.146
127.147
127.148
127.149
127.15
127.151
127.152
127.153
127.154
127.155
127.156
127.157
127.158
127.159
127.16
127.161
127.162
127.163
127.164
127.165
127.166
127.167
127.168
127.169
127.17
127.171
127.172
127.173
127.174
127.175
127.176
127.177
127.178
127.179
127.18
127.181
127.182
127.183
127.184
127.185
127.186
127.187
127.188
127.189
127.19
127.191
127.192
127.193
127.194
127.195
127.196
127.197
127.198
127.199
127.2
127.201
127.202
127.203
127.204
127.205
127.206
127.207
127.208
127.209
127.21
127.211
127.212
127.213
127.214
127.215
127.216
127.217
127.218
127.219
127.22
127.221
127.222
127.223
127.224
127.225
127.226
127.227
127.228
127.229
127.23
127.231
127.232
127.233
127.234
127.235
127.236
127.237
127.238
127.239
127.24
127.241
127.242
127.243
127.244
127.245
127.246
127.247
127.248
127.249
127.25
127.251
127.252
127.253
127.254
127.255
127.256
127.257
127.258
127.259
127.26
127.261
127.262
127.263
127.264
127.265
127.266
127.267
127.268
127.269
127.27
127.271
127.272
127.273
127.274
127.275
127.276
127.277
127.278
127.279
127.28
127.281
127.282
127.283
127.284
127.285
127.286
127.287
127.288
127.289
127.29
127.291
127.292
127.293
127.294
127.295
127.296
127.297
127.298
127.299
127.3
127.301
127.302
127.303
127.304
127.305
127.306
127.307
127.308
127.309
127.31
127.311
127.312
127.313
127.314
127.315
127.316
127.317
127.318
127.319
127.32
127.321
127.322
127.323
127.324
127.325
127.326
127.327
127.328
127.329
127.33
127.331
127.332
127.333
127.334
127.335
127.336
127.337
127.338
127.339
127.34
127.341
127.342
127.343
127.344
127.345
127.346
127.347
127.348
127.349
127.35
127.351
127.352
127.353
127.354
127.355
127.356
127.357
127.358
127.359
127.36
127.361
127.362
127.363
127.364
127.365
127.366
127.367
127.368
127.369
127.37
127.371
127.372
127.373
127.374
127.375
127.376
127.377
127.378
127.379
127.38
127.381
127.382
127.383
127.384
127.385
127.386
127.387
127.388
127.389
127.39
127.391
127.392
127.393
127.394
127.395
127.396
127.397
127.398
127.399
127.4
127.401
127.402
127.403
127.404
127.405
127.406
127.407
127.408
127.409
127.41
127.411
127.412
127.413
127.414
127.415
127.416
127.417
127.418
127.419
127.42
127.421
127.422
127.423
127.424
127.425
127.426
127.427
127.428
127.429
127.43
127.431
127.432
127.433
127.434
127.435
127.436
127.437
127.438
127.439
127.44
127.441
127.442
127.443
127.444
127.445
127.446
127.447
127.448
127.449
127.45
127.451
127.452
127.453
127.454
127.455
127.456
127.457
127.458
127.459
127.46
127.461
127.462
127.463
127.464
127.465
127.466
127.467
127.468
127.469
127.47
127.471
127.472
127.473
127.474
127.475
127.476
127.477
127.478
127.479
127.48
127.481
127.482
127.483
127.484
127.485
127.486
127.487
127.488
127.489
127.49
127.491
127.492
127.493
127.494
127.495
127.496
127.497
127.498
127.499
127.5
127.501
127.502
127.503
127.504
127.505
127.506
127.507
127.508
127.509
127.51
127.511
127.512
127.513
127.514
127.515
127.516
127.517
127.518
127.519
127.52
127.521
127.522
127.523
127.524
127.525
127.526
127.527
127.528
127.529
127.53
127.531
127.532
127.533
127.534
127.535
127.536
127.537
127.538
127.539
127.54
127.541
127.542
127.543
127.544
127.545
127.546
127.547
127.548
127.549
127.55
127.551
127.552
127.553
127.554
127.555
127.556
127.557
127.558
127.559
127.56
127.561
127.562
127.563
127.564
127.565
127.566
127.567
127.568
127.569
127.57
127.571
127.572
127.573
127.574
127.575
127.576
127.577
127.578
127.579
127.58
127.581
127.582
127.583
127.584
127.585
127.586
127.587
127.588
127.589
127.59
127.591
127.592
127.593
127.594
127.595
127.596
127.597
127.598
127.599
127.6
127.601
127.602
127.603
127.604
127.605
127.606
127.607
127.608
127.609
127.61
127.611
127.612
127.613
127.614
127.615
127.616
127.617
127.618
127.619
127.62
127.621
127.622
127.623
127.624
127.625
127.626
127.627
127.628
127.629
127.63
127.631
127.632
127.633
127.634
127.635
127.636
127.637
127.638
127.639
127.64
127.641
127.642
127.643
127.644
127.645
127.646
127.647
127.648
127.649
127.65
127.651
127.652
127.653
127.654
127.655
127.656
127.657
127.658
127.659
127.66
127.661
127.662
127.663
127.664
127.665
127.666
127.667
127.668
127.669
127.67
127.671
127.672
127.673
127.674
127.675
127.676
127.677
127.678
127.679
127.68
127.681
127.682
127.683
127.684
127.685
127.686
127.687
127.688
127.689
127.69
127.691
127.692
127.693
127.694
127.695
127.696
127.697
127.698
127.699
127.7
127.701
127.702
127.703
127.704
127.705
127.706
127.707
127.708
127.709
127.71
127.711
127.712
127.713
127.714
127.715
127.716
127.717
127.718
127.719
127.72
127.721
127.722
127.723
127.724
127.725
127.726
127.727
127.728
127.729
127.73
127.731
127.732
127.733
127.734
127.735
127.736
127.737
127.738
127.739
127.74
127.741
127.742
127.743
127.744
127.745
127.746
127.747
127.748
127.749
127.75
127.751
127.752
127.753
127.754
127.755
127.756
127.757
127.758
127.759
127.76
127.761
127.762
127.763
127.764
127.765
127.766
127.767
127.768
127.769
127.77
127.771
127.772
127.773
127.774
127.775
127.776
127.777
127.778
127.779
127.78
127.781
127.782
127.783
127.784
127.785
127.786
127.787
127.788
127.789
127.79
127.791
127.792
127.793
127.794
127.795
127.796
127.797
127.798
127.799
127.8
127.801
127.802
127.803
127.804
127.805
127.806
127.807
127.808
127.809
127.81
127.811
127.812
127.813
127.814
127.815
127.816
127.817
127.818
127.819
127.82
127.821
127.822
127.823
127.824
127.825
127.826
127.827
127.828
127.829
127.83
127.831
127.832
127.833
127.834
127.835
127.836
127.837
127.838
127.839
127.84
127.841
127.842
127.843
127.844
127.845
127.846
127.847
127.848
127.849
127.85
127.851
127.852
127.853
127.854
127.855
127.856
127.857
127.858
127.859
127.86
127.861
127.862
127.863
127.864
127.865
127.866
127.867
127.868
127.869
127.87
127.871
127.872
127.873
127.874
127.875
127.876
127.877
127.878
127.879
127.88
127.881
127.882
127.883
127.884
127.885
127.886
127.887
127.888
127.889
127.89
127.891
127.892
127.893
127.894
127.895
127.896
127.897
127.898
127.899
127.9
127.901
127.902
127.903
127.904
127.905
127.906
127.907
127.908
127.909
127.91
127.911
127.912
127.913
127.914
127.915
127.916
127.917
127.918
127.919
127.92
127.921
127.922
127.923
127.924
127.925
127.926
127.927
127.928
127.929
127.93
127.931
127.932
127.933
127.934
127.935
127.936
127.937
127.938
127.939
127.94
127.941
127.942
127.943
127.944
127.945
127.946
127.947
127.948
127.949
127.95
127.951
127.952
127.953
127.954
127.955
127.956
127.957
127.958
127.959
127.96
127.961
127.962
127.963
127.964
127.965
127.966
127.967
127.968
127.969
127.97
127.971
127.972
127.973
127.974
127.975
127.976
127.977
127.978
127.979
127.98
127.981
127.982
127.983
127.984
127.985
127.986
127.987
127.988
127.989
127.99
127.991
127.992
127.993
127.994
127.995
127.996
127.997
127.998
127.999
128
128.001
128.002
128.003
128.004
128.005
128.006
128.007
128.008
128.009
128.01
128.011
128.012
128.013
128.014
128.015
128.016
128.017
128.018
128.019
128.02
128.021
128.022
128.023
128.024
128.025
128.026
128.027
128.028
128.029
128.03
128.031
128.032
128.033
128.034
128.035
128.036
128.037
128.038
128.039
128.04
128.041
128.042
128.043
128.044
128.045
128.046
128.047
128.048
128.049
128.05
128.051
128.052
128.053
128.054
128.055
128.056
128.057
128.058
128.059
128.06
128.061
128.062
128.063
128.064
128.065
128.066
128.067
128.068
128.069
128.07
128.071
128.072
128.073
128.074
128.075
128.076
128.077
128.078
128.079
128.08
128.081
128.082
128.083
128.084
128.085
128.086
128.087
128.088
128.089
128.09
128.091
128.092
128.093
128.094
128.095
128.096
128.097
128.098
128.099
128.1
128.101
128.102
128.103
128.104
128.105
128.106
128.107
128.108
128.109
128.11
128.111
128.112
128.113
128.114
128.115
128.116
128.117
128.118
128.119
128.12
128.121
128.122
128.123
128.124
128.125
128.126
128.127
128.128
128.129
128.13
128.131
128.132
128.133
128.134
128.135
128.136
128.137
128.138
128.139
128.14
128.141
128.142
128.143
128.144
128.145
128.146
128.147
128.148
128.149
128.15
128.151
128.152
128.153
128.154
128.155
128.156
128.157
128.158
128.159
128.16
128.161
128.162
128.163
128.164
128.165
128.166
128.167
128.168
128.169
128.17
128.171
128.172
128.173
128.174
128.175
128.176
128.177
128.178
128.179
128.18
128.181
128.182
128.183
128.184
128.185
128.186
128.187
128.188
128.189
128.19
128.191
128.192
128.193
128.194
128.195
128.196
128.197
128.198
128.199
128.2
128.201
128.202
128.203
128.204
128.205
128.206
128.207
128.208
128.209
128.21
128.211
128.212
128.213
128.214
128.215
128.216
128.217
128.218
128.219
128.22
128.221
128.222
128.223
128.224
128.225
128.226
128.227
128.228
128.229
128.23
128.231
128.232
128.233
128.234
128.235
128.236
128.237
128.238
128.239
128.24
128.241
128.242
128.243
128.244
128.245
128.246
128.247
128.248
128.249
128.25
128.251
128.252
128.253
128.254
128.255
128.256
128.257
128.258
128.259
128.26
128.261
128.262
128.263
128.264
128.265
128.266
128.267
128.268
128.269
128.27
128.271
128.272
128.273
128.274
128.275
128.276
128.277
128.278
128.279
128.28
128.281
128.282
128.283
128.284
128.285
128.286
128.287
128.288
128.289
128.29
128.291
128.292
128.293
128.294
128.295
128.296
128.297
128.298
128.299
128.3
128.301
128.302
128.303
128.304
128.305
128.306
128.307
128.308
128.309
128.31
128.311
128.312
128.313
128.314
128.315
128.316
128.317
128.318
128.319
128.32
128.321
128.322
128.323
128.324
128.325
128.326
128.327
128.328
128.329
128.33
128.331
128.332
128.333
128.334
128.335
128.336
128.337
128.338
128.339
128.34
128.341
128.342
128.343
128.344
128.345
128.346
128.347
128.348
128.349
128.35
128.351
128.352
128.353
128.354
128.355
128.356
128.357
128.358
128.359
128.36
128.361
128.362
128.363
128.364
128.365
128.366
128.367
128.368
128.369
128.37
128.371
128.372
128.373
128.374
128.375
128.376
128.377
128.378
128.379
128.38
128.381
128.382
128.383
128.384
128.385
128.386
128.387
128.388
128.389
128.39
128.391
128.392
128.393
128.394
128.395
128.396
128.397
128.398
128.399
128.4
128.401
128.402
128.403
128.404
128.405
128.406
128.407
128.408
128.409
128.41
128.411
128.412
128.413
128.414
128.415
128.416
128.417
128.418
128.419
128.42
128.421
128.422
128.423
128.424
128.425
128.426
128.427
128.428
128.429
128.43
128.431
128.432
128.433
128.434
128.435
128.436
128.437
128.438
128.439
128.44
128.441
128.442
128.443
128.444
128.445
128.446
128.447
128.448
128.449
128.45
128.451
128.452
128.453
128.454
128.455
128.456
128.457
128.458
128.459
128.46
128.461
128.462
128.463
128.464
128.465
128.466
128.467
128.468
128.469
128.47
128.471
128.472
128.473
128.474
128.475
128.476
128.477
128.478
128.479
128.48
128.481
128.482
128.483
128.484
128.485
128.486
128.487
128.488
128.489
128.49
128.491
128.492
128.493
128.494
128.495
128.496
128.497
128.498
128.499
128.5
128.501
128.502
128.503
128.504
128.505
128.506
128.507
128.508
128.509
128.51
128.511
128.512
128.513
128.514
128.515
128.516
128.517
128.518
128.519
128.52
128.521
128.522
128.523
128.524
128.525
128.526
128.527
128.528
128.529
128.53
128.531
128.532
128.533
128.534
128.535
128.536
128.537
128.538
128.539
128.54
128.541
128.542
128.543
128.544
128.545
128.546
128.547
128.548
128.549
128.55
128.551
128.552
128.553
128.554
128.555
128.556
128.557
128.558
128.559
128.56
128.561
128.562
128.563
128.564
128.565
128.566
128.567
128.568
128.569
128.57
128.571
128.572
128.573
128.574
128.575
128.576
128.577
128.578
128.579
128.58
128.581
128.582
128.583
128.584
128.585
128.586
128.587
128.588
128.589
128.59
128.591
128.592
128.593
128.594
128.595
128.596
128.597
128.598
128.599
128.6
128.601
128.602
128.603
128.604
128.605
128.606
128.607
128.608
128.609
128.61
128.611
128.612
128.613
128.614
128.615
128.616
128.617
128.618
128.619
128.62
128.621
128.622
128.623
128.624
128.625
128.626
128.627
128.628
128.629
128.63
128.631
128.632
128.633
128.634
128.635
128.636
128.637
128.638
128.639
128.64
128.641
128.642
128.643
128.644
128.645
128.646
128.647
128.648
128.649
128.65
128.651
128.652
128.653
128.654
128.655
128.656
128.657
128.658
128.659
128.66
128.661
128.662
128.663
128.664
128.665
128.666
128.667
128.668
128.669
128.67
128.671
128.672
128.673
128.674
128.675
128.676
128.677
128.678
128.679
128.68
128.681
128.682
128.683
128.684
128.685
128.686
128.687
128.688
128.689
128.69
128.691
128.692
128.693
128.694
128.695
128.696
128.697
128.698
128.699
128.7
128.701
128.702
128.703
128.704
128.705
128.706
128.707
128.708
128.709
128.71
128.711
128.712
128.713
128.714
128.715
128.716
128.717
128.718
128.719
128.72
128.721
128.722
128.723
128.724
128.725
128.726
128.727
128.728
128.729
128.73
128.731
128.732
128.733
128.734
128.735
128.736
128.737
128.738
128.739
128.74
128.741
128.742
128.743
128.744
128.745
128.746
128.747
128.748
128.749
128.75
128.751
128.752
128.753
128.754
128.755
128.756
128.757
128.758
128.759
128.76
128.761
128.762
128.763
128.764
128.765
128.766
128.767
128.768
128.769
128.77
128.771
128.772
128.773
128.774
128.775
128.776
128.777
128.778
128.779
128.78
128.781
128.782
128.783
128.784
128.785
128.786
128.787
128.788
128.789
128.79
128.791
128.792
128.793
128.794
128.795
128.796
128.797
128.798
128.799
128.8
128.801
128.802
128.803
128.804
128.805
128.806
128.807
128.808
128.809
128.81
128.811
128.812
128.813
128.814
128.815
128.816
128.817
128.818
128.819
128.82
128.821
128.822
128.823
128.824
128.825
128.826
128.827
128.828
128.829
128.83
128.831
128.832
128.833
128.834
128.835
128.836
128.837
128.838
128.839
128.84
128.841
128.842
128.843
128.844
128.845
128.846
128.847
128.848
128.849
128.85
128.851
128.852
128.853
128.854
128.855
128.856
128.857
128.858
128.859
128.86
128.861
128.862
128.863
128.864
128.865
128.866
128.867
128.868
128.869
128.87
128.871
128.872
128.873
128.874
128.875
128.876
128.877
128.878
128.879
128.88
128.881
128.882
128.883
128.884
128.885
128.886
128.887
128.888
128.889
128.89
128.891
128.892
128.893
128.894
128.895
128.896
128.897
128.898
128.899
128.9
128.901
128.902
128.903
128.904
128.905
128.906
128.907
128.908
128.909
128.91
128.911
128.912
128.913
128.914
128.915
128.916
128.917
128.918
128.919
128.92
128.921
128.922
128.923
128.924
128.925
128.926
128.927
128.928
128.929
128.93
128.931
128.932
128.933
128.934
128.935
128.936
128.937
128.938
128.939
128.94
128.941
128.942
128.943
128.944
128.945
128.946
128.947
128.948
128.949
128.95
128.951
128.952
128.953
128.954
128.955
128.956
128.957
128.958
128.959
128.96
128.961
128.962
128.963
128.964
128.965
128.966
128.967
128.968
128.969
128.97
128.971
128.972
128.973
128.974
128.975
128.976
128.977
128.978
128.979
128.98
128.981
128.982
128.983
128.984
128.985
128.986
128.987
128.988
128.989
128.99
128.991
128.992
128.993
128.994
128.995
128.996
128.997
128.998
128.999
129
129.001
129.002
129.003
129.004
129.005
129.006
129.007
129.008
129.009
129.01
129.011
129.012
129.013
129.014
129.015
129.016
129.017
129.018
129.019
129.02
129.021
129.022
129.023
129.024
129.025
129.026
129.027
129.028
129.029
129.03
129.031
129.032
129.033
129.034
129.035
129.036
129.037
129.038
129.039
129.04
129.041
129.042
129.043
129.044
129.045
129.046
129.047
129.048
129.049
129.05
129.051
129.052
129.053
129.054
129.055
129.056
129.057
129.058
129.059
129.06
129.061
129.062
129.063
129.064
129.065
129.066
129.067
129.068
129.069
129.07
129.071
129.072
129.073
129.074
129.075
129.076
129.077
129.078
129.079
129.08
129.081
129.082
129.083
129.084
129.085
129.086
129.087
129.088
129.089
129.09
129.091
129.092
129.093
129.094
129.095
129.096
129.097
129.098
129.099
129.1
129.101
129.102
129.103
129.104
129.105
129.106
129.107
129.108
129.109
129.11
129.111
129.112
129.113
129.114
129.115
129.116
129.117
129.118
129.119
129.12
129.121
129.122
129.123
129.124
129.125
129.126
129.127
129.128
129.129
129.13
129.131
129.132
129.133
129.134
129.135
129.136
129.137
129.138
129.139
129.14
129.141
129.142
129.143
129.144
129.145
129.146
129.147
129.148
129.149
129.15
129.151
129.152
129.153
129.154
129.155
129.156
129.157
129.158
129.159
129.16
129.161
129.162
129.163
129.164
129.165
129.166
129.167
129.168
129.169
129.17
129.171
129.172
129.173
129.174
129.175
129.176
129.177
129.178
129.179
129.18
129.181
129.182
129.183
129.184
129.185
129.186
129.187
129.188
129.189
129.19
129.191
129.192
129.193
129.194
129.195
129.196
129.197
129.198
129.199
129.2
129.201
129.202
129.203
129.204
129.205
129.206
129.207
129.208
129.209
129.21
129.211
129.212
129.213
129.214
129.215
129.216
129.217
129.218
129.219
129.22
129.221
129.222
129.223
129.224
129.225
129.226
129.227
129.228
129.229
129.23
129.231
129.232
129.233
129.234
129.235
129.236
129.237
129.238
129.239
129.24
129.241
129.242
129.243
129.244
129.245
129.246
129.247
129.248
129.249
129.25
129.251
129.252
129.253
129.254
129.255
129.256
129.257
129.258
129.259
129.26
129.261
129.262
129.263
129.264
129.265
129.266
129.267
129.268
129.269
129.27
129.271
129.272
129.273
129.274
129.275
129.276
129.277
129.278
129.279
129.28
129.281
129.282
129.283
129.284
129.285
129.286
129.287
129.288
129.289
129.29
129.291
129.292
129.293
129.294
129.295
129.296
129.297
129.298
129.299
129.3
129.301
129.302
129.303
129.304
129.305
129.306
129.307
129.308
129.309
129.31
129.311
129.312
129.313
129.314
129.315
129.316
129.317
129.318
129.319
129.32
129.321
129.322
129.323
129.324
129.325
129.326
129.327
129.328
129.329
129.33
129.331
129.332
129.333
129.334
129.335
129.336
129.337
129.338
129.339
129.34
129.341
129.342
129.343
129.344
129.345
129.346
129.347
129.348
129.349
129.35
129.351
129.352
129.353
129.354
129.355
129.356
129.357
129.358
129.359
129.36
129.361
129.362
129.363
129.364
129.365
129.366
129.367
129.368
129.369
129.37
129.371
129.372
129.373
129.374
129.375
129.376
129.377
129.378
129.379
129.38
129.381
129.382
129.383
129.384
129.385
129.386
129.387
129.388
129.389
129.39
129.391
129.392
129.393
129.394
129.395
129.396
129.397
129.398
129.399
129.4
129.401
129.402
129.403
129.404
129.405
129.406
129.407
129.408
129.409
129.41
129.411
129.412
129.413
129.414
129.415
129.416
129.417
129.418
129.419
129.42
129.421
129.422
129.423
129.424
129.425
129.426
129.427
129.428
129.429
129.43
129.431
129.432
129.433
129.434
129.435
129.436
129.437
129.438
129.439
129.44
129.441
129.442
129.443
129.444
129.445
129.446
129.447
129.448
129.449
129.45
129.451
129.452
129.453
129.454
129.455
129.456
129.457
129.458
129.459
129.46
129.461
129.462
129.463
129.464
129.465
129.466
129.467
129.468
129.469
129.47
129.471
129.472
129.473
129.474
129.475
129.476
129.477
129.478
129.479
129.48
129.481
129.482
129.483
129.484
129.485
129.486
129.487
129.488
129.489
129.49
129.491
129.492
129.493
129.494
129.495
129.496
129.497
129.498
129.499
129.5
129.501
129.502
129.503
129.504
129.505
129.506
129.507
129.508
129.509
129.51
129.511
129.512
129.513
129.514
129.515
129.516
129.517
129.518
129.519
129.52
129.521
129.522
129.523
129.524
129.525
129.526
129.527
129.528
129.529
129.53
129.531
129.532
129.533
129.534
129.535
129.536
129.537
129.538
129.539
129.54
129.541
129.542
129.543
129.544
129.545
129.546
129.547
129.548
129.549
129.55
129.551
129.552
129.553
129.554
129.555
129.556
129.557
129.558
129.559
129.56
129.561
129.562
129.563
129.564
129.565
129.566
129.567
129.568
129.569
129.57
129.571
129.572
129.573
129.574
129.575
129.576
129.577
129.578
129.579
129.58
129.581
129.582
129.583
129.584
129.585
129.586
129.587
129.588
129.589
129.59
129.591
129.592
129.593
129.594
129.595
129.596
129.597
129.598
129.599
129.6
129.601
129.602
129.603
129.604
129.605
129.606
129.607
129.608
129.609
129.61
129.611
129.612
129.613
129.614
129.615
129.616
129.617
129.618
129.619
129.62
129.621
129.622
129.623
129.624
129.625
129.626
129.627
129.628
129.629
129.63
129.631
129.632
129.633
129.634
129.635
129.636
129.637
129.638
129.639
129.64
129.641
129.642
129.643
129.644
129.645
129.646
129.647
129.648
129.649
129.65
129.651
129.652
129.653
129.654
129.655
129.656
129.657
129.658
129.659
129.66
129.661
129.662
129.663
129.664
129.665
129.666
129.667
129.668
129.669
129.67
129.671
129.672
129.673
129.674
129.675
129.676
129.677
129.678
129.679
129.68
129.681
129.682
129.683
129.684
129.685
129.686
129.687
129.688
129.689
129.69
129.691
129.692
129.693
129.694
129.695
129.696
129.697
129.698
129.699
129.7
129.701
129.702
129.703
129.704
129.705
129.706
129.707
129.708
129.709
129.71
129.711
129.712
129.713
129.714
129.715
129.716
129.717
129.718
129.719
129.72
129.721
129.722
129.723
129.724
129.725
129.726
129.727
129.728
129.729
129.73
129.731
129.732
129.733
129.734
129.735
129.736
129.737
129.738
129.739
129.74
129.741
129.742
129.743
129.744
129.745
129.746
129.747
129.748
129.749
129.75
129.751
129.752
129.753
129.754
129.755
129.756
129.757
129.758
129.759
129.76
129.761
129.762
129.763
129.764
129.765
129.766
129.767
129.768
129.769
129.77
129.771
129.772
129.773
129.774
129.775
129.776
129.777
129.778
129.779
129.78
129.781
129.782
129.783
129.784
129.785
129.786
129.787
129.788
129.789
129.79
129.791
129.792
129.793
129.794
129.795
129.796
129.797
129.798
129.799
129.8
129.801
129.802
129.803
129.804
129.805
129.806
129.807
129.808
129.809
129.81
129.811
129.812
129.813
129.814
129.815
129.816
129.817
129.818
129.819
129.82
129.821
129.822
129.823
129.824
129.825
129.826
129.827
129.828
129.829
129.83
129.831
129.832
129.833
129.834
129.835
129.836
129.837
129.838
129.839
129.84
129.841
129.842
129.843
129.844
129.845
129.846
129.847
129.848
129.849
129.85
129.851
129.852
129.853
129.854
129.855
129.856
129.857
129.858
129.859
129.86
129.861
129.862
129.863
129.864
129.865
129.866
129.867
129.868
129.869
129.87
129.871
129.872
129.873
129.874
129.875
129.876
129.877
129.878
129.879
129.88
129.881
129.882
129.883
129.884
129.885
129.886
129.887
129.888
129.889
129.89
129.891
129.892
129.893
129.894
129.895
129.896
129.897
129.898
129.899
129.9
129.901
129.902
129.903
129.904
129.905
129.906
129.907
129.908
129.909
129.91
129.911
129.912
129.913
129.914
129.915
129.916
129.917
129.918
129.919
129.92
129.921
129.922
129.923
129.924
129.925
129.926
129.927
129.928
129.929
129.93
129.931
129.932
129.933
129.934
129.935
129.936
129.937
129.938
129.939
129.94
129.941
129.942
129.943
129.944
129.945
129.946
129.947
129.948
129.949
129.95
129.951
129.952
129.953
129.954
129.955
129.956
129.957
129.958
129.959
129.96
129.961
129.962
129.963
129.964
129.965
129.966
129.967
129.968
129.969
129.97
129.971
129.972
129.973
129.974
129.975
129.976
129.977
129.978
129.979
129.98
129.981
129.982
129.983
129.984
129.985
129.986
129.987
129.988
129.989
129.99
129.991
129.992
129.993
129.994
129.995
129.996
129.997
129.998
129.999
130
130.001
130.002
130.003
130.004
130.005
130.006
130.007
130.008
130.009
130.01
130.011
130.012
130.013
130.014
130.015
130.016
130.017
130.018
130.019
130.02
130.021
130.022
130.023
130.024
130.025
130.026
130.027
130.028
130.029
130.03
130.031
130.032
130.033
130.034
130.035
130.036
130.037
130.038
130.039
130.04
130.041
130.042
130.043
130.044
130.045
130.046
130.047
130.048
130.049
130.05
130.051
130.052
130.053
130.054
130.055
130.056
130.057
130.058
130.059
130.06
130.061
130.062
130.063
130.064
130.065
130.066
130.067
130.068
130.069
130.07
130.071
130.072
130.073
130.074
130.075
130.076
130.077
130.078
130.079
130.08
130.081
130.082
130.083
130.084
130.085
130.086
130.087
130.088
130.089
130.09
130.091
130.092
130.093
130.094
130.095
130.096
130.097
130.098
130.099
130.1
130.101
130.102
130.103
130.104
130.105
130.106
130.107
130.108
130.109
130.11
130.111
130.112
130.113
130.114
130.115
130.116
130.117
130.118
130.119
130.12
130.121
130.122
130.123
130.124
130.125
130.126
130.127
130.128
130.129
130.13
130.131
130.132
130.133
130.134
130.135
130.136
130.137
130.138
130.139
130.14
130.141
130.142
130.143
130.144
130.145
130.146
130.147
130.148
130.149
130.15
130.151
130.152
130.153
130.154
130.155
130.156
130.157
130.158
130.159
130.16
130.161
130.162
130.163
130.164
130.165
130.166
130.167
130.168
130.169
130.17
130.171
130.172
130.173
130.174
130.175
130.176
130.177
130.178
130.179
130.18
130.181
130.182
130.183
130.184
130.185
130.186
130.187
130.188
130.189
130.19
130.191
130.192
130.193
130.194
130.195
130.196
130.197
130.198
130.199
130.2
130.201
130.202
130.203
130.204
130.205
130.206
130.207
130.208
130.209
130.21
130.211
130.212
130.213
130.214
130.215
130.216
130.217
130.218
130.219
130.22
130.221
130.222
130.223
130.224
130.225
130.226
130.227
130.228
130.229
130.23
130.231
130.232
130.233
130.234
130.235
130.236
130.237
130.238
130.239
130.24
130.241
130.242
130.243
130.244
130.245
130.246
130.247
130.248
130.249
130.25
130.251
130.252
130.253
130.254
130.255
130.256
130.257
130.258
130.259
130.26
130.261
130.262
130.263
130.264
130.265
130.266
130.267
130.268
130.269
130.27
130.271
130.272
130.273
130.274
130.275
130.276
130.277
130.278
130.279
130.28
130.281
130.282
130.283
130.284
130.285
130.286
130.287
130.288
130.289
130.29
130.291
130.292
130.293
130.294
130.295
130.296
130.297
130.298
130.299
130.3
130.301
130.302
130.303
130.304
130.305
130.306
130.307
130.308
130.309
130.31
130.311
130.312
130.313
130.314
130.315
130.316
130.317
130.318
130.319
130.32
130.321
130.322
130.323
130.324
130.325
130.326
130.327
130.328
130.329
130.33
130.331
130.332
130.333
130.334
130.335
130.336
130.337
130.338
130.339
130.34
130.341
130.342
130.343
130.344
130.345
130.346
130.347
130.348
130.349
130.35
130.351
130.352
130.353
130.354
130.355
130.356
130.357
130.358
130.359
130.36
130.361
130.362
130.363
130.364
130.365
130.366
130.367
130.368
130.369
130.37
130.371
130.372
130.373
130.374
130.375
130.376
130.377
130.378
130.379
130.38
130.381
130.382
130.383
130.384
130.385
130.386
130.387
130.388
130.389
130.39
130.391
130.392
130.393
130.394
130.395
130.396
130.397
130.398
130.399
130.4
130.401
130.402
130.403
130.404
130.405
130.406
130.407
130.408
130.409
130.41
130.411
130.412
130.413
130.414
130.415
130.416
130.417
130.418
130.419
130.42
130.421
130.422
130.423
130.424
130.425
130.426
130.427
130.428
130.429
130.43
130.431
130.432
130.433
130.434
130.435
130.436
130.437
130.438
130.439
130.44
130.441
130.442
130.443
130.444
130.445
130.446
130.447
130.448
130.449
130.45
130.451
130.452
130.453
130.454
130.455
130.456
130.457
130.458
130.459
130.46
130.461
130.462
130.463
130.464
130.465
130.466
130.467
130.468
130.469
130.47
130.471
130.472
130.473
130.474
130.475
130.476
130.477
130.478
130.479
130.48
130.481
130.482
130.483
130.484
130.485
130.486
130.487
130.488
130.489
130.49
130.491
130.492
130.493
130.494
130.495
130.496
130.497
130.498
130.499
130.5
130.501
130.502
130.503
130.504
130.505
130.506
130.507
130.508
130.509
130.51
130.511
130.512
130.513
130.514
130.515
130.516
130.517
130.518
130.519
130.52
130.521
130.522
130.523
130.524
130.525
130.526
130.527
130.528
130.529
130.53
130.531
130.532
130.533
130.534
130.535
130.536
130.537
130.538
130.539
130.54
130.541
130.542
130.543
130.544
130.545
130.546
130.547
130.548
130.549
130.55
130.551
130.552
130.553
130.554
130.555
130.556
130.557
130.558
130.559
130.56
130.561
130.562
130.563
130.564
130.565
130.566
130.567
130.568
130.569
130.57
130.571
130.572
130.573
130.574
130.575
130.576
130.577
130.578
130.579
130.58
130.581
130.582
130.583
130.584
130.585
130.586
130.587
130.588
130.589
130.59
130.591
130.592
130.593
130.594
130.595
130.596
130.597
130.598
130.599
130.6
130.601
130.602
130.603
130.604
130.605
130.606
130.607
130.608
130.609
130.61
130.611
130.612
130.613
130.614
130.615
130.616
130.617
130.618
130.619
130.62
130.621
130.622
130.623
130.624
130.625
130.626
130.627
130.628
130.629
130.63
130.631
130.632
130.633
130.634
130.635
130.636
130.637
130.638
130.639
130.64
130.641
130.642
130.643
130.644
130.645
130.646
130.647
130.648
130.649
130.65
130.651
130.652
130.653
130.654
130.655
130.656
130.657
130.658
130.659
130.66
130.661
130.662
130.663
130.664
130.665
130.666
130.667
130.668
130.669
130.67
130.671
130.672
130.673
130.674
130.675
130.676
130.677
130.678
130.679
130.68
130.681
130.682
130.683
130.684
130.685
130.686
130.687
130.688
130.689
130.69
130.691
130.692
130.693
130.694
130.695
130.696
130.697
130.698
130.699
130.7
130.701
130.702
130.703
130.704
130.705
130.706
130.707
130.708
130.709
130.71
130.711
130.712
130.713
130.714
130.715
130.716
130.717
130.718
130.719
130.72
130.721
130.722
130.723
130.724
130.725
130.726
130.727
130.728
130.729
130.73
130.731
130.732
130.733
130.734
130.735
130.736
130.737
130.738
130.739
130.74
130.741
130.742
130.743
130.744
130.745
130.746
130.747
130.748
130.749
130.75
130.751
130.752
130.753
130.754
130.755
130.756
130.757
130.758
130.759
130.76
130.761
130.762
130.763
130.764
130.765
130.766
130.767
130.768
130.769
130.77
130.771
130.772
130.773
130.774
130.775
130.776
130.777
130.778
130.779
130.78
130.781
130.782
130.783
130.784
130.785
130.786
130.787
130.788
130.789
130.79
130.791
130.792
130.793
130.794
130.795
130.796
130.797
130.798
130.799
130.8
130.801
130.802
130.803
130.804
130.805
130.806
130.807
130.808
130.809
130.81
130.811
130.812
130.813
130.814
130.815
130.816
130.817
130.818
130.819
130.82
130.821
130.822
130.823
130.824
130.825
130.826
130.827
130.828
130.829
130.83
130.831
130.832
130.833
130.834
130.835
130.836
130.837
130.838
130.839
130.84
130.841
130.842
130.843
130.844
130.845
130.846
130.847
130.848
130.849
130.85
130.851
130.852
130.853
130.854
130.855
130.856
130.857
130.858
130.859
130.86
130.861
130.862
130.863
130.864
130.865
130.866
130.867
130.868
130.869
130.87
130.871
130.872
130.873
130.874
130.875
130.876
130.877
130.878
130.879
130.88
130.881
130.882
130.883
130.884
130.885
130.886
130.887
130.888
130.889
130.89
130.891
130.892
130.893
130.894
130.895
130.896
130.897
130.898
130.899
130.9
130.901
130.902
130.903
130.904
130.905
130.906
130.907
130.908
130.909
130.91
130.911
130.912
130.913
130.914
130.915
130.916
130.917
130.918
130.919
130.92
130.921
130.922
130.923
130.924
130.925
130.926
130.927
130.928
130.929
130.93
130.931
130.932
130.933
130.934
130.935
130.936
130.937
130.938
130.939
130.94
130.941
130.942
130.943
130.944
130.945
130.946
130.947
130.948
130.949
130.95
130.951
130.952
130.953
130.954
130.955
130.956
130.957
130.958
130.959
130.96
130.961
130.962
130.963
130.964
130.965
130.966
130.967
130.968
130.969
130.97
130.971
130.972
130.973
130.974
130.975
130.976
130.977
130.978
130.979
130.98
130.981
130.982
130.983
130.984
130.985
130.986
130.987
130.988
130.989
130.99
130.991
130.992
130.993
130.994
130.995
130.996
130.997
130.998
130.999
131
131.001
131.002
131.003
131.004
131.005
131.006
131.007
131.008
131.009
131.01
131.011
131.012
131.013
131.014
131.015
131.016
131.017
131.018
131.019
131.02
131.021
131.022
131.023
131.024
131.025
131.026
131.027
131.028
131.029
131.03
131.031
131.032
131.033
131.034
131.035
131.036
131.037
131.038
131.039
131.04
131.041
131.042
131.043
131.044
131.045
131.046
131.047
131.048
131.049
131.05
131.051
131.052
131.053
131.054
131.055
131.056
131.057
131.058
131.059
131.06
131.061
131.062
131.063
131.064
131.065
131.066
131.067
131.068
131.069
131.07
131.071
131.072
131.073
131.074
131.075
131.076
131.077
131.078
131.079
131.08
131.081
131.082
131.083
131.084
131.085
131.086
131.087
131.088
131.089
131.09
131.091
131.092
131.093
131.094
131.095
131.096
131.097
131.098
131.099
131.1
131.101
131.102
131.103
131.104
131.105
131.106
131.107
131.108
131.109
131.11
131.111
131.112
131.113
131.114
131.115
131.116
131.117
131.118
131.119
131.12
131.121
131.122
131.123
131.124
131.125
131.126
131.127
131.128
131.129
131.13
131.131
131.132
131.133
131.134
131.135
131.136
131.137
131.138
131.139
131.14
131.141
131.142
131.143
131.144
131.145
131.146
131.147
131.148
131.149
131.15
131.151
131.152
131.153
131.154
131.155
131.156
131.157
131.158
131.159
131.16
131.161
131.162
131.163
131.164
131.165
131.166
131.167
131.168
131.169
131.17
131.171
131.172
131.173
131.174
131.175
131.176
131.177
131.178
131.179
131.18
131.181
131.182
131.183
131.184
131.185
131.186
131.187
131.188
131.189
131.19
131.191
131.192
131.193
131.194
131.195
131.196
131.197
131.198
131.199
131.2
131.201
131.202
131.203
131.204
131.205
131.206
131.207
131.208
131.209
131.21
131.211
131.212
131.213
131.214
131.215
131.216
131.217
131.218
131.219
131.22
131.221
131.222
131.223
131.224
131.225
131.226
131.227
131.228
131.229
131.23
131.231
131.232
131.233
131.234
131.235
131.236
131.237
131.238
131.239
131.24
131.241
131.242
131.243
131.244
131.245
131.246
131.247
131.248
131.249
131.25
131.251
131.252
131.253
131.254
131.255
131.256
131.257
131.258
131.259
131.26
131.261
131.262
131.263
131.264
131.265
131.266
131.267
131.268
131.269
131.27
131.271
131.272
131.273
131.274
131.275
131.276
131.277
131.278
131.279
131.28
131.281
131.282
131.283
131.284
131.285
131.286
131.287
131.288
131.289
131.29
131.291
131.292
131.293
131.294
131.295
131.296
131.297
131.298
131.299
131.3
131.301
131.302
131.303
131.304
131.305
131.306
131.307
131.308
131.309
131.31
131.311
131.312
131.313
131.314
131.315
131.316
131.317
131.318
131.319
131.32
131.321
131.322
131.323
131.324
131.325
131.326
131.327
131.328
131.329
131.33
131.331
131.332
131.333
131.334
131.335
131.336
131.337
131.338
131.339
131.34
131.341
131.342
131.343
131.344
131.345
131.346
131.347
131.348
131.349
131.35
131.351
131.352
131.353
131.354
131.355
131.356
131.357
131.358
131.359
131.36
131.361
131.362
131.363
131.364
131.365
131.366
131.367
131.368
131.369
131.37
131.371
131.372
131.373
131.374
131.375
131.376
131.377
131.378
131.379
131.38
131.381
131.382
131.383
131.384
131.385
131.386
131.387
131.388
131.389
131.39
131.391
131.392
131.393
131.394
131.395
131.396
131.397
131.398
131.399
131.4
131.401
131.402
131.403
131.404
131.405
131.406
131.407
131.408
131.409
131.41
131.411
131.412
131.413
131.414
131.415
131.416
131.417
131.418
131.419
131.42
131.421
131.422
131.423
131.424
131.425
131.426
131.427
131.428
131.429
131.43
131.431
131.432
131.433
131.434
131.435
131.436
131.437
131.438
131.439
131.44
131.441
131.442
131.443
131.444
131.445
131.446
131.447
131.448
131.449
131.45
131.451
131.452
131.453
131.454
131.455
131.456
131.457
131.458
131.459
131.46
131.461
131.462
131.463
131.464
131.465
131.466
131.467
131.468
131.469
131.47
131.471
131.472
131.473
131.474
131.475
131.476
131.477
131.478
131.479
131.48
131.481
131.482
131.483
131.484
131.485
131.486
131.487
131.488
131.489
131.49
131.491
131.492
131.493
131.494
131.495
131.496
131.497
131.498
131.499
131.5
131.501
131.502
131.503
131.504
131.505
131.506
131.507
131.508
131.509
131.51
131.511
131.512
131.513
131.514
131.515
131.516
131.517
131.518
131.519
131.52
131.521
131.522
131.523
131.524
131.525
131.526
131.527
131.528
131.529
131.53
131.531
131.532
131.533
131.534
131.535
131.536
131.537
131.538
131.539
131.54
131.541
131.542
131.543
131.544
131.545
131.546
131.547
131.548
131.549
131.55
131.551
131.552
131.553
131.554
131.555
131.556
131.557
131.558
131.559
131.56
131.561
131.562
131.563
131.564
131.565
131.566
131.567
131.568
131.569
131.57
131.571
131.572
131.573
131.574
131.575
131.576
131.577
131.578
131.579
131.58
131.581
131.582
131.583
131.584
131.585
131.586
131.587
131.588
131.589
131.59
131.591
131.592
131.593
131.594
131.595
131.596
131.597
131.598
131.599
131.6
131.601
131.602
131.603
131.604
131.605
131.606
131.607
131.608
131.609
131.61
131.611
131.612
131.613
131.614
131.615
131.616
131.617
131.618
131.619
131.62
131.621
131.622
131.623
131.624
131.625
131.626
131.627
131.628
131.629
131.63
131.631
131.632
131.633
131.634
131.635
131.636
131.637
131.638
131.639
131.64
131.641
131.642
131.643
131.644
131.645
131.646
131.647
131.648
131.649
131.65
131.651
131.652
131.653
131.654
131.655
131.656
131.657
131.658
131.659
131.66
131.661
131.662
131.663
131.664
131.665
131.666
131.667
131.668
131.669
131.67
131.671
131.672
131.673
131.674
131.675
131.676
131.677
131.678
131.679
131.68
131.681
131.682
131.683
131.684
131.685
131.686
131.687
131.688
131.689
131.69
131.691
131.692
131.693
131.694
131.695
131.696
131.697
131.698
131.699
131.7
131.701
131.702
131.703
131.704
131.705
131.706
131.707
131.708
131.709
131.71
131.711
131.712
131.713
131.714
131.715
131.716
131.717
131.718
131.719
131.72
131.721
131.722
131.723
131.724
131.725
131.726
131.727
131.728
131.729
131.73
131.731
131.732
131.733
131.734
131.735
131.736
131.737
131.738
131.739
131.74
131.741
131.742
131.743
131.744
131.745
131.746
131.747
131.748
131.749
131.75
131.751
131.752
131.753
131.754
131.755
131.756
131.757
131.758
131.759
131.76
131.761
131.762
131.763
131.764
131.765
131.766
131.767
131.768
131.769
131.77
131.771
131.772
131.773
131.774
131.775
131.776
131.777
131.778
131.779
131.78
131.781
131.782
131.783
131.784
131.785
131.786
131.787
131.788
131.789
131.79
131.791
131.792
131.793
131.794
131.795
131.796
131.797
131.798
131.799
131.8
131.801
131.802
131.803
131.804
131.805
131.806
131.807
131.808
131.809
131.81
131.811
131.812
131.813
131.814
131.815
131.816
131.817
131.818
131.819
131.82
131.821
131.822
131.823
131.824
131.825
131.826
131.827
131.828
131.829
131.83
131.831
131.832
131.833
131.834
131.835
131.836
131.837
131.838
131.839
131.84
131.841
131.842
131.843
131.844
131.845
131.846
131.847
131.848
131.849
131.85
131.851
131.852
131.853
131.854
131.855
131.856
131.857
131.858
131.859
131.86
131.861
131.862
131.863
131.864
131.865
131.866
131.867
131.868
131.869
131.87
131.871
131.872
131.873
131.874
131.875
131.876
131.877
131.878
131.879
131.88
131.881
131.882
131.883
131.884
131.885
131.886
131.887
131.888
131.889
131.89
131.891
131.892
131.893
131.894
131.895
131.896
131.897
131.898
131.899
131.9
131.901
131.902
131.903
131.904
131.905
131.906
131.907
131.908
131.909
131.91
131.911
131.912
131.913
131.914
131.915
131.916
131.917
131.918
131.919
131.92
131.921
131.922
131.923
131.924
131.925
131.926
131.927
131.928
131.929
131.93
131.931
131.932
131.933
131.934
131.935
131.936
131.937
131.938
131.939
131.94
131.941
131.942
131.943
131.944
131.945
131.946
131.947
131.948
131.949
131.95
131.951
131.952
131.953
131.954
131.955
131.956
131.957
131.958
131.959
131.96
131.961
131.962
131.963
131.964
131.965
131.966
131.967
131.968
131.969
131.97
131.971
131.972
131.973
131.974
131.975
131.976
131.977
131.978
131.979
131.98
131.981
131.982
131.983
131.984
131.985
131.986
131.987
131.988
131.989
131.99
131.991
131.992
131.993
131.994
131.995
131.996
131.997
131.998
131.999
132
132.001
132.002
132.003
132.004
132.005
132.006
132.007
132.008
132.009
132.01
132.011
132.012
132.013
132.014
132.015
132.016
132.017
132.018
132.019
132.02
132.021
132.022
132.023
132.024
132.025
132.026
132.027
132.028
132.029
132.03
132.031
132.032
132.033
132.034
132.035
132.036
132.037
132.038
132.039
132.04
132.041
132.042
132.043
132.044
132.045
132.046
132.047
132.048
132.049
132.05
132.051
132.052
132.053
132.054
132.055
132.056
132.057
132.058
132.059
132.06
132.061
132.062
132.063
132.064
132.065
132.066
132.067
132.068
132.069
132.07
132.071
132.072
132.073
132.074
132.075
132.076
132.077
132.078
132.079
132.08
132.081
132.082
132.083
132.084
132.085
132.086
132.087
132.088
132.089
132.09
132.091
132.092
132.093
132.094
132.095
132.096
132.097
132.098
132.099
132.1
132.101
132.102
132.103
132.104
132.105
132.106
132.107
132.108
132.109
132.11
132.111
132.112
132.113
132.114
132.115
132.116
132.117
132.118
132.119
132.12
132.121
132.122
132.123
132.124
132.125
132.126
132.127
132.128
132.129
132.13
132.131
132.132
132.133
132.134
132.135
132.136
132.137
132.138
132.139
132.14
132.141
132.142
132.143
132.144
132.145
132.146
132.147
132.148
132.149
132.15
132.151
132.152
132.153
132.154
132.155
132.156
132.157
132.158
132.159
132.16
132.161
132.162
132.163
132.164
132.165
132.166
132.167
132.168
132.169
132.17
132.171
132.172
132.173
132.174
132.175
132.176
132.177
132.178
132.179
132.18
132.181
132.182
132.183
132.184
132.185
132.186
132.187
132.188
132.189
132.19
132.191
132.192
132.193
132.194
132.195
132.196
132.197
132.198
132.199
132.2
132.201
132.202
132.203
132.204
132.205
132.206
132.207
132.208
132.209
132.21
132.211
132.212
132.213
132.214
132.215
132.216
132.217
132.218
132.219
132.22
132.221
132.222
132.223
132.224
132.225
132.226
132.227
132.228
132.229
132.23
132.231
132.232
132.233
132.234
132.235
132.236
132.237
132.238
132.239
132.24
132.241
132.242
132.243
132.244
132.245
132.246
132.247
132.248
132.249
132.25
132.251
132.252
132.253
132.254
132.255
132.256
132.257
132.258
132.259
132.26
132.261
132.262
132.263
132.264
132.265
132.266
132.267
132.268
132.269
132.27
132.271
132.272
132.273
132.274
132.275
132.276
132.277
132.278
132.279
132.28
132.281
132.282
132.283
132.284
132.285
132.286
132.287
132.288
132.289
132.29
132.291
132.292
132.293
132.294
132.295
132.296
132.297
132.298
132.299
132.3
132.301
132.302
132.303
132.304
132.305
132.306
132.307
132.308
132.309
132.31
132.311
132.312
132.313
132.314
132.315
132.316
132.317
132.318
132.319
132.32
132.321
132.322
132.323
132.324
132.325
132.326
132.327
132.328
132.329
132.33
132.331
132.332
132.333
132.334
132.335
132.336
132.337
132.338
132.339
132.34
132.341
132.342
132.343
132.344
132.345
132.346
132.347
132.348
132.349
132.35
132.351
132.352
132.353
132.354
132.355
132.356
132.357
132.358
132.359
132.36
132.361
132.362
132.363
132.364
132.365
132.366
132.367
132.368
132.369
132.37
132.371
132.372
132.373
132.374
132.375
132.376
132.377
132.378
132.379
132.38
132.381
132.382
132.383
132.384
132.385
132.386
132.387
132.388
132.389
132.39
132.391
132.392
132.393
132.394
132.395
132.396
132.397
132.398
132.399
132.4
132.401
132.402
132.403
132.404
132.405
132.406
132.407
132.408
132.409
132.41
132.411
132.412
132.413
132.414
132.415
132.416
132.417
132.418
132.419
132.42
132.421
132.422
132.423
132.424
132.425
132.426
132.427
132.428
132.429
132.43
132.431
132.432
132.433
132.434
132.435
132.436
132.437
132.438
132.439
132.44
132.441
132.442
132.443
132.444
132.445
132.446
132.447
132.448
132.449
132.45
132.451
132.452
132.453
132.454
132.455
132.456
132.457
132.458
132.459
132.46
132.461
132.462
132.463
132.464
132.465
132.466
132.467
132.468
132.469
132.47
132.471
132.472
132.473
132.474
132.475
132.476
132.477
132.478
132.479
132.48
132.481
132.482
132.483
132.484
132.485
132.486
132.487
132.488
132.489
132.49
132.491
132.492
132.493
132.494
132.495
132.496
132.497
132.498
132.499
132.5
132.501
132.502
132.503
132.504
132.505
132.506
132.507
132.508
132.509
132.51
132.511
132.512
132.513
132.514
132.515
132.516
132.517
132.518
132.519
132.52
132.521
132.522
132.523
132.524
132.525
132.526
132.527
132.528
132.529
132.53
132.531
132.532
132.533
132.534
132.535
132.536
132.537
132.538
132.539
132.54
132.541
132.542
132.543
132.544
132.545
132.546
132.547
132.548
132.549
132.55
132.551
132.552
132.553
132.554
132.555
132.556
132.557
132.558
132.559
132.56
132.561
132.562
132.563
132.564
132.565
132.566
132.567
132.568
132.569
132.57
132.571
132.572
132.573
132.574
132.575
132.576
132.577
132.578
132.579
132.58
132.581
132.582
132.583
132.584
132.585
132.586
132.587
132.588
132.589
132.59
132.591
132.592
132.593
132.594
132.595
132.596
132.597
132.598
132.599
132.6
132.601
132.602
132.603
132.604
132.605
132.606
132.607
132.608
132.609
132.61
132.611
132.612
132.613
132.614
132.615
132.616
132.617
132.618
132.619
132.62
132.621
132.622
132.623
132.624
132.625
132.626
132.627
132.628
132.629
132.63
132.631
132.632
132.633
132.634
132.635
132.636
132.637
132.638
132.639
132.64
132.641
132.642
132.643
132.644
132.645
132.646
132.647
132.648
132.649
132.65
132.651
132.652
132.653
132.654
132.655
132.656
132.657
132.658
132.659
132.66
132.661
132.662
132.663
132.664
132.665
132.666
132.667
132.668
132.669
132.67
132.671
132.672
132.673
132.674
132.675
132.676
132.677
132.678
132.679
132.68
132.681
132.682
132.683
132.684
132.685
132.686
132.687
132.688
132.689
132.69
132.691
132.692
132.693
132.694
132.695
132.696
132.697
132.698
132.699
132.7
132.701
132.702
132.703
132.704
132.705
132.706
132.707
132.708
132.709
132.71
132.711
132.712
132.713
132.714
132.715
132.716
132.717
132.718
132.719
132.72
132.721
132.722
132.723
132.724
132.725
132.726
132.727
132.728
132.729
132.73
132.731
132.732
132.733
132.734
132.735
132.736
132.737
132.738
132.739
132.74
132.741
132.742
132.743
132.744
132.745
132.746
132.747
132.748
132.749
132.75
132.751
132.752
132.753
132.754
132.755
132.756
132.757
132.758
132.759
132.76
132.761
132.762
132.763
132.764
132.765
132.766
132.767
132.768
132.769
132.77
132.771
132.772
132.773
132.774
132.775
132.776
132.777
132.778
132.779
132.78
132.781
132.782
132.783
132.784
132.785
132.786
132.787
132.788
132.789
132.79
132.791
132.792
132.793
132.794
132.795
132.796
132.797
132.798
132.799
132.8
132.801
132.802
132.803
132.804
132.805
132.806
132.807
132.808
132.809
132.81
132.811
132.812
132.813
132.814
132.815
132.816
132.817
132.818
132.819
132.82
132.821
132.822
132.823
132.824
132.825
132.826
132.827
132.828
132.829
132.83
132.831
132.832
132.833
132.834
132.835
132.836
132.837
132.838
132.839
132.84
132.841
132.842
132.843
132.844
132.845
132.846
132.847
132.848
132.849
132.85
132.851
132.852
132.853
132.854
132.855
132.856
132.857
132.858
132.859
132.86
132.861
132.862
132.863
132.864
132.865
132.866
132.867
132.868
132.869
132.87
132.871
132.872
132.873
132.874
132.875
132.876
132.877
132.878
132.879
132.88
132.881
132.882
132.883
132.884
132.885
132.886
132.887
132.888
132.889
132.89
132.891
132.892
132.893
132.894
132.895
132.896
132.897
132.898
132.899
132.9
132.901
132.902
132.903
132.904
132.905
132.906
132.907
132.908
132.909
132.91
132.911
132.912
132.913
132.914
132.915
132.916
132.917
132.918
132.919
132.92
132.921
132.922
132.923
132.924
132.925
132.926
132.927
132.928
132.929
132.93
132.931
132.932
132.933
132.934
132.935
132.936
132.937
132.938
132.939
132.94
132.941
132.942
132.943
132.944
132.945
132.946
132.947
132.948
132.949
132.95
132.951
132.952
132.953
132.954
132.955
132.956
132.957
132.958
132.959
132.96
132.961
132.962
132.963
132.964
132.965
132.966
132.967
132.968
132.969
132.97
132.971
132.972
132.973
132.974
132.975
132.976
132.977
132.978
132.979
132.98
132.981
132.982
132.983
132.984
132.985
132.986
132.987
132.988
132.989
132.99
132.991
132.992
132.993
132.994
132.995
132.996
132.997
132.998
132.999
133
133.001
133.002
133.003
133.004
133.005
133.006
133.007
133.008
133.009
133.01
133.011
133.012
133.013
133.014
133.015
133.016
133.017
133.018
133.019
133.02
133.021
133.022
133.023
133.024
133.025
133.026
133.027
133.028
133.029
133.03
133.031
133.032
133.033
133.034
133.035
133.036
133.037
133.038
133.039
133.04
133.041
133.042
133.043
133.044
133.045
133.046
133.047
133.048
133.049
133.05
133.051
133.052
133.053
133.054
133.055
133.056
133.057
133.058
133.059
133.06
133.061
133.062
133.063
133.064
133.065
133.066
133.067
133.068
133.069
133.07
133.071
133.072
133.073
133.074
133.075
133.076
133.077
133.078
133.079
133.08
133.081
133.082
133.083
133.084
133.085
133.086
133.087
133.088
133.089
133.09
133.091
133.092
133.093
133.094
133.095
133.096
133.097
133.098
133.099
133.1
133.101
133.102
133.103
133.104
133.105
133.106
133.107
133.108
133.109
133.11
133.111
133.112
133.113
133.114
133.115
133.116
133.117
133.118
133.119
133.12
133.121
133.122
133.123
133.124
133.125
133.126
133.127
133.128
133.129
133.13
133.131
133.132
133.133
133.134
133.135
133.136
133.137
133.138
133.139
133.14
133.141
133.142
133.143
133.144
133.145
133.146
133.147
133.148
133.149
133.15
133.151
133.152
133.153
133.154
133.155
133.156
133.157
133.158
133.159
133.16
133.161
133.162
133.163
133.164
133.165
133.166
133.167
133.168
133.169
133.17
133.171
133.172
133.173
133.174
133.175
133.176
133.177
133.178
133.179
133.18
133.181
133.182
133.183
133.184
133.185
133.186
133.187
133.188
133.189
133.19
133.191
133.192
133.193
133.194
133.195
133.196
133.197
133.198
133.199
133.2
133.201
133.202
133.203
133.204
133.205
133.206
133.207
133.208
133.209
133.21
133.211
133.212
133.213
133.214
133.215
133.216
133.217
133.218
133.219
133.22
133.221
133.222
133.223
133.224
133.225
133.226
133.227
133.228
133.229
133.23
133.231
133.232
133.233
133.234
133.235
133.236
133.237
133.238
133.239
133.24
133.241
133.242
133.243
133.244
133.245
133.246
133.247
133.248
133.249
133.25
133.251
133.252
133.253
133.254
133.255
133.256
133.257
133.258
133.259
133.26
133.261
133.262
133.263
133.264
133.265
133.266
133.267
133.268
133.269
133.27
133.271
133.272
133.273
133.274
133.275
133.276
133.277
133.278
133.279
133.28
133.281
133.282
133.283
133.284
133.285
133.286
133.287
133.288
133.289
133.29
133.291
133.292
133.293
133.294
133.295
133.296
133.297
133.298
133.299
133.3
133.301
133.302
133.303
133.304
133.305
133.306
133.307
133.308
133.309
133.31
133.311
133.312
133.313
133.314
133.315
133.316
133.317
133.318
133.319
133.32
133.321
133.322
133.323
133.324
133.325
133.326
133.327
133.328
133.329
133.33
133.331
133.332
133.333
133.334
133.335
133.336
133.337
133.338
133.339
133.34
133.341
133.342
133.343
133.344
133.345
133.346
133.347
133.348
133.349
133.35
133.351
133.352
133.353
133.354
133.355
133.356
133.357
133.358
133.359
133.36
133.361
133.362
133.363
133.364
133.365
133.366
133.367
133.368
133.369
133.37
133.371
133.372
133.373
133.374
133.375
133.376
133.377
133.378
133.379
133.38
133.381
133.382
133.383
133.384
133.385
133.386
133.387
133.388
133.389
133.39
133.391
133.392
133.393
133.394
133.395
133.396
133.397
133.398
133.399
133.4
133.401
133.402
133.403
133.404
133.405
133.406
133.407
133.408
133.409
133.41
133.411
133.412
133.413
133.414
133.415
133.416
133.417
133.418
133.419
133.42
133.421
133.422
133.423
133.424
133.425
133.426
133.427
133.428
133.429
133.43
133.431
133.432
133.433
133.434
133.435
133.436
133.437
133.438
133.439
133.44
133.441
133.442
133.443
133.444
133.445
133.446
133.447
133.448
133.449
133.45
133.451
133.452
133.453
133.454
133.455
133.456
133.457
133.458
133.459
133.46
133.461
133.462
133.463
133.464
133.465
133.466
133.467
133.468
133.469
133.47
133.471
133.472
133.473
133.474
133.475
133.476
133.477
133.478
133.479
133.48
133.481
133.482
133.483
133.484
133.485
133.486
133.487
133.488
133.489
133.49
133.491
133.492
133.493
133.494
133.495
133.496
133.497
133.498
133.499
133.5
133.501
133.502
133.503
133.504
133.505
133.506
133.507
133.508
133.509
133.51
133.511
133.512
133.513
133.514
133.515
133.516
133.517
133.518
133.519
133.52
133.521
133.522
133.523
133.524
133.525
133.526
133.527
133.528
133.529
133.53
133.531
133.532
133.533
133.534
133.535
133.536
133.537
133.538
133.539
133.54
133.541
133.542
133.543
133.544
133.545
133.546
133.547
133.548
133.549
133.55
133.551
133.552
133.553
133.554
133.555
133.556
133.557
133.558
133.559
133.56
133.561
133.562
133.563
133.564
133.565
133.566
133.567
133.568
133.569
133.57
133.571
133.572
133.573
133.574
133.575
133.576
133.577
133.578
133.579
133.58
133.581
133.582
133.583
133.584
133.585
133.586
133.587
133.588
133.589
133.59
133.591
133.592
133.593
133.594
133.595
133.596
133.597
133.598
133.599
133.6
133.601
133.602
133.603
133.604
133.605
133.606
133.607
133.608
133.609
133.61
133.611
133.612
133.613
133.614
133.615
133.616
133.617
133.618
133.619
133.62
133.621
133.622
133.623
133.624
133.625
133.626
133.627
133.628
133.629
133.63
133.631
133.632
133.633
133.634
133.635
133.636
133.637
133.638
133.639
133.64
133.641
133.642
133.643
133.644
133.645
133.646
133.647
133.648
133.649
133.65
133.651
133.652
133.653
133.654
133.655
133.656
133.657
133.658
133.659
133.66
133.661
133.662
133.663
133.664
133.665
133.666
133.667
133.668
133.669
133.67
133.671
133.672
133.673
133.674
133.675
133.676
133.677
133.678
133.679
133.68
133.681
133.682
133.683
133.684
133.685
133.686
133.687
133.688
133.689
133.69
133.691
133.692
133.693
133.694
133.695
133.696
133.697
133.698
133.699
133.7
133.701
133.702
133.703
133.704
133.705
133.706
133.707
133.708
133.709
133.71
133.711
133.712
133.713
133.714
133.715
133.716
133.717
133.718
133.719
133.72
133.721
133.722
133.723
133.724
133.725
133.726
133.727
133.728
133.729
133.73
133.731
133.732
133.733
133.734
133.735
133.736
133.737
133.738
133.739
133.74
133.741
133.742
133.743
133.744
133.745
133.746
133.747
133.748
133.749
133.75
133.751
133.752
133.753
133.754
133.755
133.756
133.757
133.758
133.759
133.76
133.761
133.762
133.763
133.764
133.765
133.766
133.767
133.768
133.769
133.77
133.771
133.772
133.773
133.774
133.775
133.776
133.777
133.778
133.779
133.78
133.781
133.782
133.783
133.784
133.785
133.786
133.787
133.788
133.789
133.79
133.791
133.792
133.793
133.794
133.795
133.796
133.797
133.798
133.799
133.8
133.801
133.802
133.803
133.804
133.805
133.806
133.807
133.808
133.809
133.81
133.811
133.812
133.813
133.814
133.815
133.816
133.817
133.818
133.819
133.82
133.821
133.822
133.823
133.824
133.825
133.826
133.827
133.828
133.829
133.83
133.831
133.832
133.833
133.834
133.835
133.836
133.837
133.838
133.839
133.84
133.841
133.842
133.843
133.844
133.845
133.846
133.847
133.848
133.849
133.85
133.851
133.852
133.853
133.854
133.855
133.856
133.857
133.858
133.859
133.86
133.861
133.862
133.863
133.864
133.865
133.866
133.867
133.868
133.869
133.87
133.871
133.872
133.873
133.874
133.875
133.876
133.877
133.878
133.879
133.88
133.881
133.882
133.883
133.884
133.885
133.886
133.887
133.888
133.889
133.89
133.891
133.892
133.893
133.894
133.895
133.896
133.897
133.898
133.899
133.9
133.901
133.902
133.903
133.904
133.905
133.906
133.907
133.908
133.909
133.91
133.911
133.912
133.913
133.914
133.915
133.916
133.917
133.918
133.919
133.92
133.921
133.922
133.923
133.924
133.925
133.926
133.927
133.928
133.929
133.93
133.931
133.932
133.933
133.934
133.935
133.936
133.937
133.938
133.939
133.94
133.941
133.942
133.943
133.944
133.945
133.946
133.947
133.948
133.949
133.95
133.951
133.952
133.953
133.954
133.955
133.956
133.957
133.958
133.959
133.96
133.961
133.962
133.963
133.964
133.965
133.966
133.967
133.968
133.969
133.97
133.971
133.972
133.973
133.974
133.975
133.976
133.977
133.978
133.979
133.98
133.981
133.982
133.983
133.984
133.985
133.986
133.987
133.988
133.989
133.99
133.991
133.992
133.993
133.994
133.995
133.996
133.997
133.998
133.999
134
134.001
134.002
134.003
134.004
134.005
134.006
134.007
134.008
134.009
134.01
134.011
134.012
134.013
134.014
134.015
134.016
134.017
134.018
134.019
134.02
134.021
134.022
134.023
134.024
134.025
134.026
134.027
134.028
134.029
134.03
134.031
134.032
134.033
134.034
134.035
134.036
134.037
134.038
134.039
134.04
134.041
134.042
134.043
134.044
134.045
134.046
134.047
134.048
134.049
134.05
134.051
134.052
134.053
134.054
134.055
134.056
134.057
134.058
134.059
134.06
134.061
134.062
134.063
134.064
134.065
134.066
134.067
134.068
134.069
134.07
134.071
134.072
134.073
134.074
134.075
134.076
134.077
134.078
134.079
134.08
134.081
134.082
134.083
134.084
134.085
134.086
134.087
134.088
134.089
134.09
134.091
134.092
134.093
134.094
134.095
134.096
134.097
134.098
134.099
134.1
134.101
134.102
134.103
134.104
134.105
134.106
134.107
134.108
134.109
134.11
134.111
134.112
134.113
134.114
134.115
134.116
134.117
134.118
134.119
134.12
134.121
134.122
134.123
134.124
134.125
134.126
134.127
134.128
134.129
134.13
134.131
134.132
134.133
134.134
134.135
134.136
134.137
134.138
134.139
134.14
134.141
134.142
134.143
134.144
134.145
134.146
134.147
134.148
134.149
134.15
134.151
134.152
134.153
134.154
134.155
134.156
134.157
134.158
134.159
134.16
134.161
134.162
134.163
134.164
134.165
134.166
134.167
134.168
134.169
134.17
134.171
134.172
134.173
134.174
134.175
134.176
134.177
134.178
134.179
134.18
134.181
134.182
134.183
134.184
134.185
134.186
134.187
134.188
134.189
134.19
134.191
134.192
134.193
134.194
134.195
134.196
134.197
134.198
134.199
134.2
134.201
134.202
134.203
134.204
134.205
134.206
134.207
134.208
134.209
134.21
134.211
134.212
134.213
134.214
134.215
134.216
134.217
134.218
134.219
134.22
134.221
134.222
134.223
134.224
134.225
134.226
134.227
134.228
134.229
134.23
134.231
134.232
134.233
134.234
134.235
134.236
134.237
134.238
134.239
134.24
134.241
134.242
134.243
134.244
134.245
134.246
134.247
134.248
134.249
134.25
134.251
134.252
134.253
134.254
134.255
134.256
134.257
134.258
134.259
134.26
134.261
134.262
134.263
134.264
134.265
134.266
134.267
134.268
134.269
134.27
134.271
134.272
134.273
134.274
134.275
134.276
134.277
134.278
134.279
134.28
134.281
134.282
134.283
134.284
134.285
134.286
134.287
134.288
134.289
134.29
134.291
134.292
134.293
134.294
134.295
134.296
134.297
134.298
134.299
134.3
134.301
134.302
134.303
134.304
134.305
134.306
134.307
134.308
134.309
134.31
134.311
134.312
134.313
134.314
134.315
134.316
134.317
134.318
134.319
134.32
134.321
134.322
134.323
134.324
134.325
134.326
134.327
134.328
134.329
134.33
134.331
134.332
134.333
134.334
134.335
134.336
134.337
134.338
134.339
134.34
134.341
134.342
134.343
134.344
134.345
134.346
134.347
134.348
134.349
134.35
134.351
134.352
134.353
134.354
134.355
134.356
134.357
134.358
134.359
134.36
134.361
134.362
134.363
134.364
134.365
134.366
134.367
134.368
134.369
134.37
134.371
134.372
134.373
134.374
134.375
134.376
134.377
134.378
134.379
134.38
134.381
134.382
134.383
134.384
134.385
134.386
134.387
134.388
134.389
134.39
134.391
134.392
134.393
134.394
134.395
134.396
134.397
134.398
134.399
134.4
134.401
134.402
134.403
134.404
134.405
134.406
134.407
134.408
134.409
134.41
134.411
134.412
134.413
134.414
134.415
134.416
134.417
134.418
134.419
134.42
134.421
134.422
134.423
134.424
134.425
134.426
134.427
134.428
134.429
134.43
134.431
134.432
134.433
134.434
134.435
134.436
134.437
134.438
134.439
134.44
134.441
134.442
134.443
134.444
134.445
134.446
134.447
134.448
134.449
134.45
134.451
134.452
134.453
134.454
134.455
134.456
134.457
134.458
134.459
134.46
134.461
134.462
134.463
134.464
134.465
134.466
134.467
134.468
134.469
134.47
134.471
134.472
134.473
134.474
134.475
134.476
134.477
134.478
134.479
134.48
134.481
134.482
134.483
134.484
134.485
134.486
134.487
134.488
134.489
134.49
134.491
134.492
134.493
134.494
134.495
134.496
134.497
134.498
134.499
134.5
134.501
134.502
134.503
134.504
134.505
134.506
134.507
134.508
134.509
134.51
134.511
134.512
134.513
134.514
134.515
134.516
134.517
134.518
134.519
134.52
134.521
134.522
134.523
134.524
134.525
134.526
134.527
134.528
134.529
134.53
134.531
134.532
134.533
134.534
134.535
134.536
134.537
134.538
134.539
134.54
134.541
134.542
134.543
134.544
134.545
134.546
134.547
134.548
134.549
134.55
134.551
134.552
134.553
134.554
134.555
134.556
134.557
134.558
134.559
134.56
134.561
134.562
134.563
134.564
134.565
134.566
134.567
134.568
134.569
134.57
134.571
134.572
134.573
134.574
134.575
134.576
134.577
134.578
134.579
134.58
134.581
134.582
134.583
134.584
134.585
134.586
134.587
134.588
134.589
134.59
134.591
134.592
134.593
134.594
134.595
134.596
134.597
134.598
134.599
134.6
134.601
134.602
134.603
134.604
134.605
134.606
134.607
134.608
134.609
134.61
134.611
134.612
134.613
134.614
134.615
134.616
134.617
134.618
134.619
134.62
134.621
134.622
134.623
134.624
134.625
134.626
134.627
134.628
134.629
134.63
134.631
134.632
134.633
134.634
134.635
134.636
134.637
134.638
134.639
134.64
134.641
134.642
134.643
134.644
134.645
134.646
134.647
134.648
134.649
134.65
134.651
134.652
134.653
134.654
134.655
134.656
134.657
134.658
134.659
134.66
134.661
134.662
134.663
134.664
134.665
134.666
134.667
134.668
134.669
134.67
134.671
134.672
134.673
134.674
134.675
134.676
134.677
134.678
134.679
134.68
134.681
134.682
134.683
134.684
134.685
134.686
134.687
134.688
134.689
134.69
134.691
134.692
134.693
134.694
134.695
134.696
134.697
134.698
134.699
134.7
134.701
134.702
134.703
134.704
134.705
134.706
134.707
134.708
134.709
134.71
134.711
134.712
134.713
134.714
134.715
134.716
134.717
134.718
134.719
134.72
134.721
134.722
134.723
134.724
134.725
134.726
134.727
134.728
134.729
134.73
134.731
134.732
134.733
134.734
134.735
134.736
134.737
134.738
134.739
134.74
134.741
134.742
134.743
134.744
134.745
134.746
134.747
134.748
134.749
134.75
134.751
134.752
134.753
134.754
134.755
134.756
134.757
134.758
134.759
134.76
134.761
134.762
134.763
134.764
134.765
134.766
134.767
134.768
134.769
134.77
134.771
134.772
134.773
134.774
134.775
134.776
134.777
134.778
134.779
134.78
134.781
134.782
134.783
134.784
134.785
134.786
134.787
134.788
134.789
134.79
134.791
134.792
134.793
134.794
134.795
134.796
134.797
134.798
134.799
134.8
134.801
134.802
134.803
134.804
134.805
134.806
134.807
134.808
134.809
134.81
134.811
134.812
134.813
134.814
134.815
134.816
134.817
134.818
134.819
134.82
134.821
134.822
134.823
134.824
134.825
134.826
134.827
134.828
134.829
134.83
134.831
134.832
134.833
134.834
134.835
134.836
134.837
134.838
134.839
134.84
134.841
134.842
134.843
134.844
134.845
134.846
134.847
134.848
134.849
134.85
134.851
134.852
134.853
134.854
134.855
134.856
134.857
134.858
134.859
134.86
134.861
134.862
134.863
134.864
134.865
134.866
134.867
134.868
134.869
134.87
134.871
134.872
134.873
134.874
134.875
134.876
134.877
134.878
134.879
134.88
134.881
134.882
134.883
134.884
134.885
134.886
134.887
134.888
134.889
134.89
134.891
134.892
134.893
134.894
134.895
134.896
134.897
134.898
134.899
134.9
134.901
134.902
134.903
134.904
134.905
134.906
134.907
134.908
134.909
134.91
134.911
134.912
134.913
134.914
134.915
134.916
134.917
134.918
134.919
134.92
134.921
134.922
134.923
134.924
134.925
134.926
134.927
134.928
134.929
134.93
134.931
134.932
134.933
134.934
134.935
134.936
134.937
134.938
134.939
134.94
134.941
134.942
134.943
134.944
134.945
134.946
134.947
134.948
134.949
134.95
134.951
134.952
134.953
134.954
134.955
134.956
134.957
134.958
134.959
134.96
134.961
134.962
134.963
134.964
134.965
134.966
134.967
134.968
134.969
134.97
134.971
134.972
134.973
134.974
134.975
134.976
134.977
134.978
134.979
134.98
134.981
134.982
134.983
134.984
134.985
134.986
134.987
134.988
134.989
134.99
134.991
134.992
134.993
134.994
134.995
134.996
134.997
134.998
134.999
135
135.001
135.002
135.003
135.004
135.005
135.006
135.007
135.008
135.009
135.01
135.011
135.012
135.013
135.014
135.015
135.016
135.017
135.018
135.019
135.02
135.021
135.022
135.023
135.024
135.025
135.026
135.027
135.028
135.029
135.03
135.031
135.032
135.033
135.034
135.035
135.036
135.037
135.038
135.039
135.04
135.041
135.042
135.043
135.044
135.045
135.046
135.047
135.048
135.049
135.05
135.051
135.052
135.053
135.054
135.055
135.056
135.057
135.058
135.059
135.06
135.061
135.062
135.063
135.064
135.065
135.066
135.067
135.068
135.069
135.07
135.071
135.072
135.073
135.074
135.075
135.076
135.077
135.078
135.079
135.08
135.081
135.082
135.083
135.084
135.085
135.086
135.087
135.088
135.089
135.09
135.091
135.092
135.093
135.094
135.095
135.096
135.097
135.098
135.099
135.1
135.101
135.102
135.103
135.104
135.105
135.106
135.107
135.108
135.109
135.11
135.111
135.112
135.113
135.114
135.115
135.116
135.117
135.118
135.119
135.12
135.121
135.122
135.123
135.124
135.125
135.126
135.127
135.128
135.129
135.13
135.131
135.132
135.133
135.134
135.135
135.136
135.137
135.138
135.139
135.14
135.141
135.142
135.143
135.144
135.145
135.146
135.147
135.148
135.149
135.15
135.151
135.152
135.153
135.154
135.155
135.156
135.157
135.158
135.159
135.16
135.161
135.162
135.163
135.164
135.165
135.166
135.167
135.168
135.169
135.17
135.171
135.172
135.173
135.174
135.175
135.176
135.177
135.178
135.179
135.18
135.181
135.182
135.183
135.184
135.185
135.186
135.187
135.188
135.189
135.19
135.191
135.192
135.193
135.194
135.195
135.196
135.197
135.198
135.199
135.2
135.201
135.202
135.203
135.204
135.205
135.206
135.207
135.208
135.209
135.21
135.211
135.212
135.213
135.214
135.215
135.216
135.217
135.218
135.219
135.22
135.221
135.222
135.223
135.224
135.225
135.226
135.227
135.228
135.229
135.23
135.231
135.232
135.233
135.234
135.235
135.236
135.237
135.238
135.239
135.24
135.241
135.242
135.243
135.244
135.245
135.246
135.247
135.248
135.249
135.25
135.251
135.252
135.253
135.254
135.255
135.256
135.257
135.258
135.259
135.26
135.261
135.262
135.263
135.264
135.265
135.266
135.267
135.268
135.269
135.27
135.271
135.272
135.273
135.274
135.275
135.276
135.277
135.278
135.279
135.28
135.281
135.282
135.283
135.284
135.285
135.286
135.287
135.288
135.289
135.29
135.291
135.292
135.293
135.294
135.295
135.296
135.297
135.298
135.299
135.3
135.301
135.302
135.303
135.304
135.305
135.306
135.307
135.308
135.309
135.31
135.311
135.312
135.313
135.314
135.315
135.316
135.317
135.318
135.319
135.32
135.321
135.322
135.323
135.324
135.325
135.326
135.327
135.328
135.329
135.33
135.331
135.332
135.333
135.334
135.335
135.336
135.337
135.338
135.339
135.34
135.341
135.342
135.343
135.344
135.345
135.346
135.347
135.348
135.349
135.35
135.351
135.352
135.353
135.354
135.355
135.356
135.357
135.358
135.359
135.36
135.361
135.362
135.363
135.364
135.365
135.366
135.367
135.368
135.369
135.37
135.371
135.372
135.373
135.374
135.375
135.376
135.377
135.378
135.379
135.38
135.381
135.382
135.383
135.384
135.385
135.386
135.387
135.388
135.389
135.39
135.391
135.392
135.393
135.394
135.395
135.396
135.397
135.398
135.399
135.4
135.401
135.402
135.403
135.404
135.405
135.406
135.407
135.408
135.409
135.41
135.411
135.412
135.413
135.414
135.415
135.416
135.417
135.418
135.419
135.42
135.421
135.422
135.423
135.424
135.425
135.426
135.427
135.428
135.429
135.43
135.431
135.432
135.433
135.434
135.435
135.436
135.437
135.438
135.439
135.44
135.441
135.442
135.443
135.444
135.445
135.446
135.447
135.448
135.449
135.45
135.451
135.452
135.453
135.454
135.455
135.456
135.457
135.458
135.459
135.46
135.461
135.462
135.463
135.464
135.465
135.466
135.467
135.468
135.469
135.47
135.471
135.472
135.473
135.474
135.475
135.476
135.477
135.478
135.479
135.48
135.481
135.482
135.483
135.484
135.485
135.486
135.487
135.488
135.489
135.49
135.491
135.492
135.493
135.494
135.495
135.496
135.497
135.498
135.499
135.5
135.501
135.502
135.503
135.504
135.505
135.506
135.507
135.508
135.509
135.51
135.511
135.512
135.513
135.514
135.515
135.516
135.517
135.518
135.519
135.52
135.521
135.522
135.523
135.524
135.525
135.526
135.527
135.528
135.529
135.53
135.531
135.532
135.533
135.534
135.535
135.536
135.537
135.538
135.539
135.54
135.541
135.542
135.543
135.544
135.545
135.546
135.547
135.548
135.549
135.55
135.551
135.552
135.553
135.554
135.555
135.556
135.557
135.558
135.559
135.56
135.561
135.562
135.563
135.564
135.565
135.566
135.567
135.568
135.569
135.57
135.571
135.572
135.573
135.574
135.575
135.576
135.577
135.578
135.579
135.58
135.581
135.582
135.583
135.584
135.585
135.586
135.587
135.588
135.589
135.59
135.591
135.592
135.593
135.594
135.595
135.596
135.597
135.598
135.599
135.6
135.601
135.602
135.603
135.604
135.605
135.606
135.607
135.608
135.609
135.61
135.611
135.612
135.613
135.614
135.615
135.616
135.617
135.618
135.619
135.62
135.621
135.622
135.623
135.624
135.625
135.626
135.627
135.628
135.629
135.63
135.631
135.632
135.633
135.634
135.635
135.636
135.637
135.638
135.639
135.64
135.641
135.642
135.643
135.644
135.645
135.646
135.647
135.648
135.649
135.65
135.651
135.652
135.653
135.654
135.655
135.656
135.657
135.658
135.659
135.66
135.661
135.662
135.663
135.664
135.665
135.666
135.667
135.668
135.669
135.67
135.671
135.672
135.673
135.674
135.675
135.676
135.677
135.678
135.679
135.68
135.681
135.682
135.683
135.684
135.685
135.686
135.687
135.688
135.689
135.69
135.691
135.692
135.693
135.694
135.695
135.696
135.697
135.698
135.699
135.7
135.701
135.702
135.703
135.704
135.705
135.706
135.707
135.708
135.709
135.71
135.711
135.712
135.713
135.714
135.715
135.716
135.717
135.718
135.719
135.72
135.721
135.722
135.723
135.724
135.725
135.726
135.727
135.728
135.729
135.73
135.731
135.732
135.733
135.734
135.735
135.736
135.737
135.738
135.739
135.74
135.741
135.742
135.743
135.744
135.745
135.746
135.747
135.748
135.749
135.75
135.751
135.752
135.753
135.754
135.755
135.756
135.757
135.758
135.759
135.76
135.761
135.762
135.763
135.764
135.765
135.766
135.767
135.768
135.769
135.77
135.771
135.772
135.773
135.774
135.775
135.776
135.777
135.778
135.779
135.78
135.781
135.782
135.783
135.784
135.785
135.786
135.787
135.788
135.789
135.79
135.791
135.792
135.793
135.794
135.795
135.796
135.797
135.798
135.799
135.8
135.801
135.802
135.803
135.804
135.805
135.806
135.807
135.808
135.809
135.81
135.811
135.812
135.813
135.814
135.815
135.816
135.817
135.818
135.819
135.82
135.821
135.822
135.823
135.824
135.825
135.826
135.827
135.828
135.829
135.83
135.831
135.832
135.833
135.834
135.835
135.836
135.837
135.838
135.839
135.84
135.841
135.842
135.843
135.844
135.845
135.846
135.847
135.848
135.849
135.85
135.851
135.852
135.853
135.854
135.855
135.856
135.857
135.858
135.859
135.86
135.861
135.862
135.863
135.864
135.865
135.866
135.867
135.868
135.869
135.87
135.871
135.872
135.873
135.874
135.875
135.876
135.877
135.878
135.879
135.88
135.881
135.882
135.883
135.884
135.885
135.886
135.887
135.888
135.889
135.89
135.891
135.892
135.893
135.894
135.895
135.896
135.897
135.898
135.899
135.9
135.901
135.902
135.903
135.904
135.905
135.906
135.907
135.908
135.909
135.91
135.911
135.912
135.913
135.914
135.915
135.916
135.917
135.918
135.919
135.92
135.921
135.922
135.923
135.924
135.925
135.926
135.927
135.928
135.929
135.93
135.931
135.932
135.933
135.934
135.935
135.936
135.937
135.938
135.939
135.94
135.941
135.942
135.943
135.944
135.945
135.946
135.947
135.948
135.949
135.95
135.951
135.952
135.953
135.954
135.955
135.956
135.957
135.958
135.959
135.96
135.961
135.962
135.963
135.964
135.965
135.966
135.967
135.968
135.969
135.97
135.971
135.972
135.973
135.974
135.975
135.976
135.977
135.978
135.979
135.98
135.981
135.982
135.983
135.984
135.985
135.986
135.987
135.988
135.989
135.99
135.991
135.992
135.993
135.994
135.995
135.996
135.997
135.998
135.999
136
136.001
136.002
136.003
136.004
136.005
136.006
136.007
136.008
136.009
136.01
136.011
136.012
136.013
136.014
136.015
136.016
136.017
136.018
136.019
136.02
136.021
136.022
136.023
136.024
136.025
136.026
136.027
136.028
136.029
136.03
136.031
136.032
136.033
136.034
136.035
136.036
136.037
136.038
136.039
136.04
136.041
136.042
136.043
136.044
136.045
136.046
136.047
136.048
136.049
136.05
136.051
136.052
136.053
136.054
136.055
136.056
136.057
136.058
136.059
136.06
136.061
136.062
136.063
136.064
136.065
136.066
136.067
136.068
136.069
136.07
136.071
136.072
136.073
136.074
136.075
136.076
136.077
136.078
136.079
136.08
136.081
136.082
136.083
136.084
136.085
136.086
136.087
136.088
136.089
136.09
136.091
136.092
136.093
136.094
136.095
136.096
136.097
136.098
136.099
136.1
136.101
136.102
136.103
136.104
136.105
136.106
136.107
136.108
136.109
136.11
136.111
136.112
136.113
136.114
136.115
136.116
136.117
136.118
136.119
136.12
136.121
136.122
136.123
136.124
136.125
136.126
136.127
136.128
136.129
136.13
136.131
136.132
136.133
136.134
136.135
136.136
136.137
136.138
136.139
136.14
136.141
136.142
136.143
136.144
136.145
136.146
136.147
136.148
136.149
136.15
136.151
136.152
136.153
136.154
136.155
136.156
136.157
136.158
136.159
136.16
136.161
136.162
136.163
136.164
136.165
136.166
136.167
136.168
136.169
136.17
136.171
136.172
136.173
136.174
136.175
136.176
136.177
136.178
136.179
136.18
136.181
136.182
136.183
136.184
136.185
136.186
136.187
136.188
136.189
136.19
136.191
136.192
136.193
136.194
136.195
136.196
136.197
136.198
136.199
136.2
136.201
136.202
136.203
136.204
136.205
136.206
136.207
136.208
136.209
136.21
136.211
136.212
136.213
136.214
136.215
136.216
136.217
136.218
136.219
136.22
136.221
136.222
136.223
136.224
136.225
136.226
136.227
136.228
136.229
136.23
136.231
136.232
136.233
136.234
136.235
136.236
136.237
136.238
136.239
136.24
136.241
136.242
136.243
136.244
136.245
136.246
136.247
136.248
136.249
136.25
136.251
136.252
136.253
136.254
136.255
136.256
136.257
136.258
136.259
136.26
136.261
136.262
136.263
136.264
136.265
136.266
136.267
136.268
136.269
136.27
136.271
136.272
136.273
136.274
136.275
136.276
136.277
136.278
136.279
136.28
136.281
136.282
136.283
136.284
136.285
136.286
136.287
136.288
136.289
136.29
136.291
136.292
136.293
136.294
136.295
136.296
136.297
136.298
136.299
136.3
136.301
136.302
136.303
136.304
136.305
136.306
136.307
136.308
136.309
136.31
136.311
136.312
136.313
136.314
136.315
136.316
136.317
136.318
136.319
136.32
136.321
136.322
136.323
136.324
136.325
136.326
136.327
136.328
136.329
136.33
136.331
136.332
136.333
136.334
136.335
136.336
136.337
136.338
136.339
136.34
136.341
136.342
136.343
136.344
136.345
136.346
136.347
136.348
136.349
136.35
136.351
136.352
136.353
136.354
136.355
136.356
136.357
136.358
136.359
136.36
136.361
136.362
136.363
136.364
136.365
136.366
136.367
136.368
136.369
136.37
136.371
136.372
136.373
136.374
136.375
136.376
136.377
136.378
136.379
136.38
136.381
136.382
136.383
136.384
136.385
136.386
136.387
136.388
136.389
136.39
136.391
136.392
136.393
136.394
136.395
136.396
136.397
136.398
136.399
136.4
136.401
136.402
136.403
136.404
136.405
136.406
136.407
136.408
136.409
136.41
136.411
136.412
136.413
136.414
136.415
136.416
136.417
136.418
136.419
136.42
136.421
136.422
136.423
136.424
136.425
136.426
136.427
136.428
136.429
136.43
136.431
136.432
136.433
136.434
136.435
136.436
136.437
136.438
136.439
136.44
136.441
136.442
136.443
136.444
136.445
136.446
136.447
136.448
136.449
136.45
136.451
136.452
136.453
136.454
136.455
136.456
136.457
136.458
136.459
136.46
136.461
136.462
136.463
136.464
136.465
136.466
136.467
136.468
136.469
136.47
136.471
136.472
136.473
136.474
136.475
136.476
136.477
136.478
136.479
136.48
136.481
136.482
136.483
136.484
136.485
136.486
136.487
136.488
136.489
136.49
136.491
136.492
136.493
136.494
136.495
136.496
136.497
136.498
136.499
136.5
136.501
136.502
136.503
136.504
136.505
136.506
136.507
136.508
136.509
136.51
136.511
136.512
136.513
136.514
136.515
136.516
136.517
136.518
136.519
136.52
136.521
136.522
136.523
136.524
136.525
136.526
136.527
136.528
136.529
136.53
136.531
136.532
136.533
136.534
136.535
136.536
136.537
136.538
136.539
136.54
136.541
136.542
136.543
136.544
136.545
136.546
136.547
136.548
136.549
136.55
136.551
136.552
136.553
136.554
136.555
136.556
136.557
136.558
136.559
136.56
136.561
136.562
136.563
136.564
136.565
136.566
136.567
136.568
136.569
136.57
136.571
136.572
136.573
136.574
136.575
136.576
136.577
136.578
136.579
136.58
136.581
136.582
136.583
136.584
136.585
136.586
136.587
136.588
136.589
136.59
136.591
136.592
136.593
136.594
136.595
136.596
136.597
136.598
136.599
136.6
136.601
136.602
136.603
136.604
136.605
136.606
136.607
136.608
136.609
136.61
136.611
136.612
136.613
136.614
136.615
136.616
136.617
136.618
136.619
136.62
136.621
136.622
136.623
136.624
136.625
136.626
136.627
136.628
136.629
136.63
136.631
136.632
136.633
136.634
136.635
136.636
136.637
136.638
136.639
136.64
136.641
136.642
136.643
136.644
136.645
136.646
136.647
136.648
136.649
136.65
136.651
136.652
136.653
136.654
136.655
136.656
136.657
136.658
136.659
136.66
136.661
136.662
136.663
136.664
136.665
136.666
136.667
136.668
136.669
136.67
136.671
136.672
136.673
136.674
136.675
136.676
136.677
136.678
136.679
136.68
136.681
136.682
136.683
136.684
136.685
136.686
136.687
136.688
136.689
136.69
136.691
136.692
136.693
136.694
136.695
136.696
136.697
136.698
136.699
136.7
136.701
136.702
136.703
136.704
136.705
136.706
136.707
136.708
136.709
136.71
136.711
136.712
136.713
136.714
136.715
136.716
136.717
136.718
136.719
136.72
136.721
136.722
136.723
136.724
136.725
136.726
136.727
136.728
136.729
136.73
136.731
136.732
136.733
136.734
136.735
136.736
136.737
136.738
136.739
136.74
136.741
136.742
136.743
136.744
136.745
136.746
136.747
136.748
136.749
136.75
136.751
136.752
136.753
136.754
136.755
136.756
136.757
136.758
136.759
136.76
136.761
136.762
136.763
136.764
136.765
136.766
136.767
136.768
136.769
136.77
136.771
136.772
136.773
136.774
136.775
136.776
136.777
136.778
136.779
136.78
136.781
136.782
136.783
136.784
136.785
136.786
136.787
136.788
136.789
136.79
136.791
136.792
136.793
136.794
136.795
136.796
136.797
136.798
136.799
136.8
136.801
136.802
136.803
136.804
136.805
136.806
136.807
136.808
136.809
136.81
136.811
136.812
136.813
136.814
136.815
136.816
136.817
136.818
136.819
136.82
136.821
136.822
136.823
136.824
136.825
136.826
136.827
136.828
136.829
136.83
136.831
136.832
136.833
136.834
136.835
136.836
136.837
136.838
136.839
136.84
136.841
136.842
136.843
136.844
136.845
136.846
136.847
136.848
136.849
136.85
136.851
136.852
136.853
136.854
136.855
136.856
136.857
136.858
136.859
136.86
136.861
136.862
136.863
136.864
136.865
136.866
136.867
136.868
136.869
136.87
136.871
136.872
136.873
136.874
136.875
136.876
136.877
136.878
136.879
136.88
136.881
136.882
136.883
136.884
136.885
136.886
136.887
136.888
136.889
136.89
136.891
136.892
136.893
136.894
136.895
136.896
136.897
136.898
136.899
136.9
136.901
136.902
136.903
136.904
136.905
136.906
136.907
136.908
136.909
136.91
136.911
136.912
136.913
136.914
136.915
136.916
136.917
136.918
136.919
136.92
136.921
136.922
136.923
136.924
136.925
136.926
136.927
136.928
136.929
136.93
136.931
136.932
136.933
136.934
136.935
136.936
136.937
136.938
136.939
136.94
136.941
136.942
136.943
136.944
136.945
136.946
136.947
136.948
136.949
136.95
136.951
136.952
136.953
136.954
136.955
136.956
136.957
136.958
136.959
136.96
136.961
136.962
136.963
136.964
136.965
136.966
136.967
136.968
136.969
136.97
136.971
136.972
136.973
136.974
136.975
136.976
136.977
136.978
136.979
136.98
136.981
136.982
136.983
136.984
136.985
136.986
136.987
136.988
136.989
136.99
136.991
136.992
136.993
136.994
136.995
136.996
136.997
136.998
136.999
137
137.001
137.002
137.003
137.004
137.005
137.006
137.007
137.008
137.009
137.01
137.011
137.012
137.013
137.014
137.015
137.016
137.017
137.018
137.019
137.02
137.021
137.022
137.023
137.024
137.025
137.026
137.027
137.028
137.029
137.03
137.031
137.032
137.033
137.034
137.035
137.036
137.037
137.038
137.039
137.04
137.041
137.042
137.043
137.044
137.045
137.046
137.047
137.048
137.049
137.05
137.051
137.052
137.053
137.054
137.055
137.056
137.057
137.058
137.059
137.06
137.061
137.062
137.063
137.064
137.065
137.066
137.067
137.068
137.069
137.07
137.071
137.072
137.073
137.074
137.075
137.076
137.077
137.078
137.079
137.08
137.081
137.082
137.083
137.084
137.085
137.086
137.087
137.088
137.089
137.09
137.091
137.092
137.093
137.094
137.095
137.096
137.097
137.098
137.099
137.1
137.101
137.102
137.103
137.104
137.105
137.106
137.107
137.108
137.109
137.11
137.111
137.112
137.113
137.114
137.115
137.116
137.117
137.118
137.119
137.12
137.121
137.122
137.123
137.124
137.125
137.126
137.127
137.128
137.129
137.13
137.131
137.132
137.133
137.134
137.135
137.136
137.137
137.138
137.139
137.14
137.141
137.142
137.143
137.144
137.145
137.146
137.147
137.148
137.149
137.15
137.151
137.152
137.153
137.154
137.155
137.156
137.157
137.158
137.159
137.16
137.161
137.162
137.163
137.164
137.165
137.166
137.167
137.168
137.169
137.17
137.171
137.172
137.173
137.174
137.175
137.176
137.177
137.178
137.179
137.18
137.181
137.182
137.183
137.184
137.185
137.186
137.187
137.188
137.189
137.19
137.191
137.192
137.193
137.194
137.195
137.196
137.197
137.198
137.199
137.2
137.201
137.202
137.203
137.204
137.205
137.206
137.207
137.208
137.209
137.21
137.211
137.212
137.213
137.214
137.215
137.216
137.217
137.218
137.219
137.22
137.221
137.222
137.223
137.224
137.225
137.226
137.227
137.228
137.229
137.23
137.231
137.232
137.233
137.234
137.235
137.236
137.237
137.238
137.239
137.24
137.241
137.242
137.243
137.244
137.245
137.246
137.247
137.248
137.249
137.25
137.251
137.252
137.253
137.254
137.255
137.256
137.257
137.258
137.259
137.26
137.261
137.262
137.263
137.264
137.265
137.266
137.267
137.268
137.269
137.27
137.271
137.272
137.273
137.274
137.275
137.276
137.277
137.278
137.279
137.28
137.281
137.282
137.283
137.284
137.285
137.286
137.287
137.288
137.289
137.29
137.291
137.292
137.293
137.294
137.295
137.296
137.297
137.298
137.299
137.3
137.301
137.302
137.303
137.304
137.305
137.306
137.307
137.308
137.309
137.31
137.311
137.312
137.313
137.314
137.315
137.316
137.317
137.318
137.319
137.32
137.321
137.322
137.323
137.324
137.325
137.326
137.327
137.328
137.329
137.33
137.331
137.332
137.333
137.334
137.335
137.336
137.337
137.338
137.339
137.34
137.341
137.342
137.343
137.344
137.345
137.346
137.347
137.348
137.349
137.35
137.351
137.352
137.353
137.354
137.355
137.356
137.357
137.358
137.359
137.36
137.361
137.362
137.363
137.364
137.365
137.366
137.367
137.368
137.369
137.37
137.371
137.372
137.373
137.374
137.375
137.376
137.377
137.378
137.379
137.38
137.381
137.382
137.383
137.384
137.385
137.386
137.387
137.388
137.389
137.39
137.391
137.392
137.393
137.394
137.395
137.396
137.397
137.398
137.399
137.4
137.401
137.402
137.403
137.404
137.405
137.406
137.407
137.408
137.409
137.41
137.411
137.412
137.413
137.414
137.415
137.416
137.417
137.418
137.419
137.42
137.421
137.422
137.423
137.424
137.425
137.426
137.427
137.428
137.429
137.43
137.431
137.432
137.433
137.434
137.435
137.436
137.437
137.438
137.439
137.44
137.441
137.442
137.443
137.444
137.445
137.446
137.447
137.448
137.449
137.45
137.451
137.452
137.453
137.454
137.455
137.456
137.457
137.458
137.459
137.46
137.461
137.462
137.463
137.464
137.465
137.466
137.467
137.468
137.469
137.47
137.471
137.472
137.473
137.474
137.475
137.476
137.477
137.478
137.479
137.48
137.481
137.482
137.483
137.484
137.485
137.486
137.487
137.488
137.489
137.49
137.491
137.492
137.493
137.494
137.495
137.496
137.497
137.498
137.499
137.5
137.501
137.502
137.503
137.504
137.505
137.506
137.507
137.508
137.509
137.51
137.511
137.512
137.513
137.514
137.515
137.516
137.517
137.518
137.519
137.52
137.521
137.522
137.523
137.524
137.525
137.526
137.527
137.528
137.529
137.53
137.531
137.532
137.533
137.534
137.535
137.536
137.537
137.538
137.539
137.54
137.541
137.542
137.543
137.544
137.545
137.546
137.547
137.548
137.549
137.55
137.551
137.552
137.553
137.554
137.555
137.556
137.557
137.558
137.559
137.56
137.561
137.562
137.563
137.564
137.565
137.566
137.567
137.568
137.569
137.57
137.571
137.572
137.573
137.574
137.575
137.576
137.577
137.578
137.579
137.58
137.581
137.582
137.583
137.584
137.585
137.586
137.587
137.588
137.589
137.59
137.591
137.592
137.593
137.594
137.595
137.596
137.597
137.598
137.599
137.6
137.601
137.602
137.603
137.604
137.605
137.606
137.607
137.608
137.609
137.61
137.611
137.612
137.613
137.614
137.615
137.616
137.617
137.618
137.619
137.62
137.621
137.622
137.623
137.624
137.625
137.626
137.627
137.628
137.629
137.63
137.631
137.632
137.633
137.634
137.635
137.636
137.637
137.638
137.639
137.64
137.641
137.642
137.643
137.644
137.645
137.646
137.647
137.648
137.649
137.65
137.651
137.652
137.653
137.654
137.655
137.656
137.657
137.658
137.659
137.66
137.661
137.662
137.663
137.664
137.665
137.666
137.667
137.668
137.669
137.67
137.671
137.672
137.673
137.674
137.675
137.676
137.677
137.678
137.679
137.68
137.681
137.682
137.683
137.684
137.685
137.686
137.687
137.688
137.689
137.69
137.691
137.692
137.693
137.694
137.695
137.696
137.697
137.698
137.699
137.7
137.701
137.702
137.703
137.704
137.705
137.706
137.707
137.708
137.709
137.71
137.711
137.712
137.713
137.714
137.715
137.716
137.717
137.718
137.719
137.72
137.721
137.722
137.723
137.724
137.725
137.726
137.727
137.728
137.729
137.73
137.731
137.732
137.733
137.734
137.735
137.736
137.737
137.738
137.739
137.74
137.741
137.742
137.743
137.744
137.745
137.746
137.747
137.748
137.749
137.75
137.751
137.752
137.753
137.754
137.755
137.756
137.757
137.758
137.759
137.76
137.761
137.762
137.763
137.764
137.765
137.766
137.767
137.768
137.769
137.77
137.771
137.772
137.773
137.774
137.775
137.776
137.777
137.778
137.779
137.78
137.781
137.782
137.783
137.784
137.785
137.786
137.787
137.788
137.789
137.79
137.791
137.792
137.793
137.794
137.795
137.796
137.797
137.798
137.799
137.8
137.801
137.802
137.803
137.804
137.805
137.806
137.807
137.808
137.809
137.81
137.811
137.812
137.813
137.814
137.815
137.816
137.817
137.818
137.819
137.82
137.821
137.822
137.823
137.824
137.825
137.826
137.827
137.828
137.829
137.83
137.831
137.832
137.833
137.834
137.835
137.836
137.837
137.838
137.839
137.84
137.841
137.842
137.843
137.844
137.845
137.846
137.847
137.848
137.849
137.85
137.851
137.852
137.853
137.854
137.855
137.856
137.857
137.858
137.859
137.86
137.861
137.862
137.863
137.864
137.865
137.866
137.867
137.868
137.869
137.87
137.871
137.872
137.873
137.874
137.875
137.876
137.877
137.878
137.879
137.88
137.881
137.882
137.883
137.884
137.885
137.886
137.887
137.888
137.889
137.89
137.891
137.892
137.893
137.894
137.895
137.896
137.897
137.898
137.899
137.9
137.901
137.902
137.903
137.904
137.905
137.906
137.907
137.908
137.909
137.91
137.911
137.912
137.913
137.914
137.915
137.916
137.917
137.918
137.919
137.92
137.921
137.922
137.923
137.924
137.925
137.926
137.927
137.928
137.929
137.93
137.931
137.932
137.933
137.934
137.935
137.936
137.937
137.938
137.939
137.94
137.941
137.942
137.943
137.944
137.945
137.946
137.947
137.948
137.949
137.95
137.951
137.952
137.953
137.954
137.955
137.956
137.957
137.958
137.959
137.96
137.961
137.962
137.963
137.964
137.965
137.966
137.967
137.968
137.969
137.97
137.971
137.972
137.973
137.974
137.975
137.976
137.977
137.978
137.979
137.98
137.981
137.982
137.983
137.984
137.985
137.986
137.987
137.988
137.989
137.99
137.991
137.992
137.993
137.994
137.995
137.996
137.997
137.998
137.999
138
138.001
138.002
138.003
138.004
138.005
138.006
138.007
138.008
138.009
138.01
138.011
138.012
138.013
138.014
138.015
138.016
138.017
138.018
138.019
138.02
138.021
138.022
138.023
138.024
138.025
138.026
138.027
138.028
138.029
138.03
138.031
138.032
138.033
138.034
138.035
138.036
138.037
138.038
138.039
138.04
138.041
138.042
138.043
138.044
138.045
138.046
138.047
138.048
138.049
138.05
138.051
138.052
138.053
138.054
138.055
138.056
138.057
138.058
138.059
138.06
138.061
138.062
138.063
138.064
138.065
138.066
138.067
138.068
138.069
138.07
138.071
138.072
138.073
138.074
138.075
138.076
138.077
138.078
138.079
138.08
138.081
138.082
138.083
138.084
138.085
138.086
138.087
138.088
138.089
138.09
138.091
138.092
138.093
138.094
138.095
138.096
138.097
138.098
138.099
138.1
138.101
138.102
138.103
138.104
138.105
138.106
138.107
138.108
138.109
138.11
138.111
138.112
138.113
138.114
138.115
138.116
138.117
138.118
138.119
138.12
138.121
138.122
138.123
138.124
138.125
138.126
138.127
138.128
138.129
138.13
138.131
138.132
138.133
138.134
138.135
138.136
138.137
138.138
138.139
138.14
138.141
138.142
138.143
138.144
138.145
138.146
138.147
138.148
138.149
138.15
138.151
138.152
138.153
138.154
138.155
138.156
138.157
138.158
138.159
138.16
138.161
138.162
138.163
138.164
138.165
138.166
138.167
138.168
138.169
138.17
138.171
138.172
138.173
138.174
138.175
138.176
138.177
138.178
138.179
138.18
138.181
138.182
138.183
138.184
138.185
138.186
138.187
138.188
138.189
138.19
138.191
138.192
138.193
138.194
138.195
138.196
138.197
138.198
138.199
138.2
138.201
138.202
138.203
138.204
138.205
138.206
138.207
138.208
138.209
138.21
138.211
138.212
138.213
138.214
138.215
138.216
138.217
138.218
138.219
138.22
138.221
138.222
138.223
138.224
138.225
138.226
138.227
138.228
138.229
138.23
138.231
138.232
138.233
138.234
138.235
138.236
138.237
138.238
138.239
138.24
138.241
138.242
138.243
138.244
138.245
138.246
138.247
138.248
138.249
138.25
138.251
138.252
138.253
138.254
138.255
138.256
138.257
138.258
138.259
138.26
138.261
138.262
138.263
138.264
138.265
138.266
138.267
138.268
138.269
138.27
138.271
138.272
138.273
138.274
138.275
138.276
138.277
138.278
138.279
138.28
138.281
138.282
138.283
138.284
138.285
138.286
138.287
138.288
138.289
138.29
138.291
138.292
138.293
138.294
138.295
138.296
138.297
138.298
138.299
138.3
138.301
138.302
138.303
138.304
138.305
138.306
138.307
138.308
138.309
138.31
138.311
138.312
138.313
138.314
138.315
138.316
138.317
138.318
138.319
138.32
138.321
138.322
138.323
138.324
138.325
138.326
138.327
138.328
138.329
138.33
138.331
138.332
138.333
138.334
138.335
138.336
138.337
138.338
138.339
138.34
138.341
138.342
138.343
138.344
138.345
138.346
138.347
138.348
138.349
138.35
138.351
138.352
138.353
138.354
138.355
138.356
138.357
138.358
138.359
138.36
138.361
138.362
138.363
138.364
138.365
138.366
138.367
138.368
138.369
138.37
138.371
138.372
138.373
138.374
138.375
138.376
138.377
138.378
138.379
138.38
138.381
138.382
138.383
138.384
138.385
138.386
138.387
138.388
138.389
138.39
138.391
138.392
138.393
138.394
138.395
138.396
138.397
138.398
138.399
138.4
138.401
138.402
138.403
138.404
138.405
138.406
138.407
138.408
138.409
138.41
138.411
138.412
138.413
138.414
138.415
138.416
138.417
138.418
138.419
138.42
138.421
138.422
138.423
138.424
138.425
138.426
138.427
138.428
138.429
138.43
138.431
138.432
138.433
138.434
138.435
138.436
138.437
138.438
138.439
138.44
138.441
138.442
138.443
138.444
138.445
138.446
138.447
138.448
138.449
138.45
138.451
138.452
138.453
138.454
138.455
138.456
138.457
138.458
138.459
138.46
138.461
138.462
138.463
138.464
138.465
138.466
138.467
138.468
138.469
138.47
138.471
138.472
138.473
138.474
138.475
138.476
138.477
138.478
138.479
138.48
138.481
138.482
138.483
138.484
138.485
138.486
138.487
138.488
138.489
138.49
138.491
138.492
138.493
138.494
138.495
138.496
138.497
138.498
138.499
138.5
138.501
138.502
138.503
138.504
138.505
138.506
138.507
138.508
138.509
138.51
138.511
138.512
138.513
138.514
138.515
138.516
138.517
138.518
138.519
138.52
138.521
138.522
138.523
138.524
138.525
138.526
138.527
138.528
138.529
138.53
138.531
138.532
138.533
138.534
138.535
138.536
138.537
138.538
138.539
138.54
138.541
138.542
138.543
138.544
138.545
138.546
138.547
138.548
138.549
138.55
138.551
138.552
138.553
138.554
138.555
138.556
138.557
138.558
138.559
138.56
138.561
138.562
138.563
138.564
138.565
138.566
138.567
138.568
138.569
138.57
138.571
138.572
138.573
138.574
138.575
138.576
138.577
138.578
138.579
138.58
138.581
138.582
138.583
138.584
138.585
138.586
138.587
138.588
138.589
138.59
138.591
138.592
138.593
138.594
138.595
138.596
138.597
138.598
138.599
138.6
138.601
138.602
138.603
138.604
138.605
138.606
138.607
138.608
138.609
138.61
138.611
138.612
138.613
138.614
138.615
138.616
138.617
138.618
138.619
138.62
138.621
138.622
138.623
138.624
138.625
138.626
138.627
138.628
138.629
138.63
138.631
138.632
138.633
138.634
138.635
138.636
138.637
138.638
138.639
138.64
138.641
138.642
138.643
138.644
138.645
138.646
138.647
138.648
138.649
138.65
138.651
138.652
138.653
138.654
138.655
138.656
138.657
138.658
138.659
138.66
138.661
138.662
138.663
138.664
138.665
138.666
138.667
138.668
138.669
138.67
138.671
138.672
138.673
138.674
138.675
138.676
138.677
138.678
138.679
138.68
138.681
138.682
138.683
138.684
138.685
138.686
138.687
138.688
138.689
138.69
138.691
138.692
138.693
138.694
138.695
138.696
138.697
138.698
138.699
138.7
138.701
138.702
138.703
138.704
138.705
138.706
138.707
138.708
138.709
138.71
138.711
138.712
138.713
138.714
138.715
138.716
138.717
138.718
138.719
138.72
138.721
138.722
138.723
138.724
138.725
138.726
138.727
138.728
138.729
138.73
138.731
138.732
138.733
138.734
138.735
138.736
138.737
138.738
138.739
138.74
138.741
138.742
138.743
138.744
138.745
138.746
138.747
138.748
138.749
138.75
138.751
138.752
138.753
138.754
138.755
138.756
138.757
138.758
138.759
138.76
138.761
138.762
138.763
138.764
138.765
138.766
138.767
138.768
138.769
138.77
138.771
138.772
138.773
138.774
138.775
138.776
138.777
138.778
138.779
138.78
138.781
138.782
138.783
138.784
138.785
138.786
138.787
138.788
138.789
138.79
138.791
138.792
138.793
138.794
138.795
138.796
138.797
138.798
138.799
138.8
138.801
138.802
138.803
138.804
138.805
138.806
138.807
138.808
138.809
138.81
138.811
138.812
138.813
138.814
138.815
138.816
138.817
138.818
138.819
138.82
138.821
138.822
138.823
138.824
138.825
138.826
138.827
138.828
138.829
138.83
138.831
138.832
138.833
138.834
138.835
138.836
138.837
138.838
138.839
138.84
138.841
138.842
138.843
138.844
138.845
138.846
138.847
138.848
138.849
138.85
138.851
138.852
138.853
138.854
138.855
138.856
138.857
138.858
138.859
138.86
138.861
138.862
138.863
138.864
138.865
138.866
138.867
138.868
138.869
138.87
138.871
138.872
138.873
138.874
138.875
138.876
138.877
138.878
138.879
138.88
138.881
138.882
138.883
138.884
138.885
138.886
138.887
138.888
138.889
138.89
138.891
138.892
138.893
138.894
138.895
138.896
138.897
138.898
138.899
138.9
138.901
138.902
138.903
138.904
138.905
138.906
138.907
138.908
138.909
138.91
138.911
138.912
138.913
138.914
138.915
138.916
138.917
138.918
138.919
138.92
138.921
138.922
138.923
138.924
138.925
138.926
138.927
138.928
138.929
138.93
138.931
138.932
138.933
138.934
138.935
138.936
138.937
138.938
138.939
138.94
138.941
138.942
138.943
138.944
138.945
138.946
138.947
138.948
138.949
138.95
138.951
138.952
138.953
138.954
138.955
138.956
138.957
138.958
138.959
138.96
138.961
138.962
138.963
138.964
138.965
138.966
138.967
138.968
138.969
138.97
138.971
138.972
138.973
138.974
138.975
138.976
138.977
138.978
138.979
138.98
138.981
138.982
138.983
138.984
138.985
138.986
138.987
138.988
138.989
138.99
138.991
138.992
138.993
138.994
138.995
138.996
138.997
138.998
138.999
139
139.001
139.002
139.003
139.004
139.005
139.006
139.007
139.008
139.009
139.01
139.011
139.012
139.013
139.014
139.015
139.016
139.017
139.018
139.019
139.02
139.021
139.022
139.023
139.024
139.025
139.026
139.027
139.028
139.029
139.03
139.031
139.032
139.033
139.034
139.035
139.036
139.037
139.038
139.039
139.04
139.041
139.042
139.043
139.044
139.045
139.046
139.047
139.048
139.049
139.05
139.051
139.052
139.053
139.054
139.055
139.056
139.057
139.058
139.059
139.06
139.061
139.062
139.063
139.064
139.065
139.066
139.067
139.068
139.069
139.07
139.071
139.072
139.073
139.074
139.075
139.076
139.077
139.078
139.079
139.08
139.081
139.082
139.083
139.084
139.085
139.086
139.087
139.088
139.089
139.09
139.091
139.092
139.093
139.094
139.095
139.096
139.097
139.098
139.099
139.1
139.101
139.102
139.103
139.104
139.105
139.106
139.107
139.108
139.109
139.11
139.111
139.112
139.113
139.114
139.115
139.116
139.117
139.118
139.119
139.12
139.121
139.122
139.123
139.124
139.125
139.126
139.127
139.128
139.129
139.13
139.131
139.132
139.133
139.134
139.135
139.136
139.137
139.138
139.139
139.14
139.141
139.142
139.143
139.144
139.145
139.146
139.147
139.148
139.149
139.15
139.151
139.152
139.153
139.154
139.155
139.156
139.157
139.158
139.159
139.16
139.161
139.162
139.163
139.164
139.165
139.166
139.167
139.168
139.169
139.17
139.171
139.172
139.173
139.174
139.175
139.176
139.177
139.178
139.179
139.18
139.181
139.182
139.183
139.184
139.185
139.186
139.187
139.188
139.189
139.19
139.191
139.192
139.193
139.194
139.195
139.196
139.197
139.198
139.199
139.2
139.201
139.202
139.203
139.204
139.205
139.206
139.207
139.208
139.209
139.21
139.211
139.212
139.213
139.214
139.215
139.216
139.217
139.218
139.219
139.22
139.221
139.222
139.223
139.224
139.225
139.226
139.227
139.228
139.229
139.23
139.231
139.232
139.233
139.234
139.235
139.236
139.237
139.238
139.239
139.24
139.241
139.242
139.243
139.244
139.245
139.246
139.247
139.248
139.249
139.25
139.251
139.252
139.253
139.254
139.255
139.256
139.257
139.258
139.259
139.26
139.261
139.262
139.263
139.264
139.265
139.266
139.267
139.268
139.269
139.27
139.271
139.272
139.273
139.274
139.275
139.276
139.277
139.278
139.279
139.28
139.281
139.282
139.283
139.284
139.285
139.286
139.287
139.288
139.289
139.29
139.291
139.292
139.293
139.294
139.295
139.296
139.297
139.298
139.299
139.3
139.301
139.302
139.303
139.304
139.305
139.306
139.307
139.308
139.309
139.31
139.311
139.312
139.313
139.314
139.315
139.316
139.317
139.318
139.319
139.32
139.321
139.322
139.323
139.324
139.325
139.326
139.327
139.328
139.329
139.33
139.331
139.332
139.333
139.334
139.335
139.336
139.337
139.338
139.339
139.34
139.341
139.342
139.343
139.344
139.345
139.346
139.347
139.348
139.349
139.35
139.351
139.352
139.353
139.354
139.355
139.356
139.357
139.358
139.359
139.36
139.361
139.362
139.363
139.364
139.365
139.366
139.367
139.368
139.369
139.37
139.371
139.372
139.373
139.374
139.375
139.376
139.377
139.378
139.379
139.38
139.381
139.382
139.383
139.384
139.385
139.386
139.387
139.388
139.389
139.39
139.391
139.392
139.393
139.394
139.395
139.396
139.397
139.398
139.399
139.4
139.401
139.402
139.403
139.404
139.405
139.406
139.407
139.408
139.409
139.41
139.411
139.412
139.413
139.414
139.415
139.416
139.417
139.418
139.419
139.42
139.421
139.422
139.423
139.424
139.425
139.426
139.427
139.428
139.429
139.43
139.431
139.432
139.433
139.434
139.435
139.436
139.437
139.438
139.439
139.44
139.441
139.442
139.443
139.444
139.445
139.446
139.447
139.448
139.449
139.45
139.451
139.452
139.453
139.454
139.455
139.456
139.457
139.458
139.459
139.46
139.461
139.462
139.463
139.464
139.465
139.466
139.467
139.468
139.469
139.47
139.471
139.472
139.473
139.474
139.475
139.476
139.477
139.478
139.479
139.48
139.481
139.482
139.483
139.484
139.485
139.486
139.487
139.488
139.489
139.49
139.491
139.492
139.493
139.494
139.495
139.496
139.497
139.498
139.499
139.5
139.501
139.502
139.503
139.504
139.505
139.506
139.507
139.508
139.509
139.51
139.511
139.512
139.513
139.514
139.515
139.516
139.517
139.518
139.519
139.52
139.521
139.522
139.523
139.524
139.525
139.526
139.527
139.528
139.529
139.53
139.531
139.532
139.533
139.534
139.535
139.536
139.537
139.538
139.539
139.54
139.541
139.542
139.543
139.544
139.545
139.546
139.547
139.548
139.549
139.55
139.551
139.552
139.553
139.554
139.555
139.556
139.557
139.558
139.559
139.56
139.561
139.562
139.563
139.564
139.565
139.566
139.567
139.568
139.569
139.57
139.571
139.572
139.573
139.574
139.575
139.576
139.577
139.578
139.579
139.58
139.581
139.582
139.583
139.584
139.585
139.586
139.587
139.588
139.589
139.59
139.591
139.592
139.593
139.594
139.595
139.596
139.597
139.598
139.599
139.6
139.601
139.602
139.603
139.604
139.605
139.606
139.607
139.608
139.609
139.61
139.611
139.612
139.613
139.614
139.615
139.616
139.617
139.618
139.619
139.62
139.621
139.622
139.623
139.624
139.625
139.626
139.627
139.628
139.629
139.63
139.631
139.632
139.633
139.634
139.635
139.636
139.637
139.638
139.639
139.64
139.641
139.642
139.643
139.644
139.645
139.646
139.647
139.648
139.649
139.65
139.651
139.652
139.653
139.654
139.655
139.656
139.657
139.658
139.659
139.66
139.661
139.662
139.663
139.664
139.665
139.666
139.667
139.668
139.669
139.67
139.671
139.672
139.673
139.674
139.675
139.676
139.677
139.678
139.679
139.68
139.681
139.682
139.683
139.684
139.685
139.686
139.687
139.688
139.689
139.69
139.691
139.692
139.693
139.694
139.695
139.696
139.697
139.698
139.699
139.7
139.701
139.702
139.703
139.704
139.705
139.706
139.707
139.708
139.709
139.71
139.711
139.712
139.713
139.714
139.715
139.716
139.717
139.718
139.719
139.72
139.721
139.722
139.723
139.724
139.725
139.726
139.727
139.728
139.729
139.73
139.731
139.732
139.733
139.734
139.735
139.736
139.737
139.738
139.739
139.74
139.741
139.742
139.743
139.744
139.745
139.746
139.747
139.748
139.749
139.75
139.751
139.752
139.753
139.754
139.755
139.756
139.757
139.758
139.759
139.76
139.761
139.762
139.763
139.764
139.765
139.766
139.767
139.768
139.769
139.77
139.771
139.772
139.773
139.774
139.775
139.776
139.777
139.778
139.779
139.78
139.781
139.782
139.783
139.784
139.785
139.786
139.787
139.788
139.789
139.79
139.791
139.792
139.793
139.794
139.795
139.796
139.797
139.798
139.799
139.8
139.801
139.802
139.803
139.804
139.805
139.806
139.807
139.808
139.809
139.81
139.811
139.812
139.813
139.814
139.815
139.816
139.817
139.818
139.819
139.82
139.821
139.822
139.823
139.824
139.825
139.826
139.827
139.828
139.829
139.83
139.831
139.832
139.833
139.834
139.835
139.836
139.837
139.838
139.839
139.84
139.841
139.842
139.843
139.844
139.845
139.846
139.847
139.848
139.849
139.85
139.851
139.852
139.853
139.854
139.855
139.856
139.857
139.858
139.859
139.86
139.861
139.862
139.863
139.864
139.865
139.866
139.867
139.868
139.869
139.87
139.871
139.872
139.873
139.874
139.875
139.876
139.877
139.878
139.879
139.88
139.881
139.882
139.883
139.884
139.885
139.886
139.887
139.888
139.889
139.89
139.891
139.892
139.893
139.894
139.895
139.896
139.897
139.898
139.899
139.9
139.901
139.902
139.903
139.904
139.905
139.906
139.907
139.908
139.909
139.91
139.911
139.912
139.913
139.914
139.915
139.916
139.917
139.918
139.919
139.92
139.921
139.922
139.923
139.924
139.925
139.926
139.927
139.928
139.929
139.93
139.931
139.932
139.933
139.934
139.935
139.936
139.937
139.938
139.939
139.94
139.941
139.942
139.943
139.944
139.945
139.946
139.947
139.948
139.949
139.95
139.951
139.952
139.953
139.954
139.955
139.956
139.957
139.958
139.959
139.96
139.961
139.962
139.963
139.964
139.965
139.966
139.967
139.968
139.969
139.97
139.971
139.972
139.973
139.974
139.975
139.976
139.977
139.978
139.979
139.98
139.981
139.982
139.983
139.984
139.985
139.986
139.987
139.988
139.989
139.99
139.991
139.992
139.993
139.994
139.995
139.996
139.997
139.998
139.999
140
140.001
140.002
140.003
140.004
140.005
140.006
140.007
140.008
140.009
140.01
140.011
140.012
140.013
140.014
140.015
140.016
140.017
140.018
140.019
140.02
140.021
140.022
140.023
140.024
140.025
140.026
140.027
140.028
140.029
140.03
140.031
140.032
140.033
140.034
140.035
140.036
140.037
140.038
140.039
140.04
140.041
140.042
140.043
140.044
140.045
140.046
140.047
140.048
140.049
140.05
140.051
140.052
140.053
140.054
140.055
140.056
140.057
140.058
140.059
140.06
140.061
140.062
140.063
140.064
140.065
140.066
140.067
140.068
140.069
140.07
140.071
140.072
140.073
140.074
140.075
140.076
140.077
140.078
140.079
140.08
140.081
140.082
140.083
140.084
140.085
140.086
140.087
140.088
140.089
140.09
140.091
140.092
140.093
140.094
140.095
140.096
140.097
140.098
140.099
140.1
140.101
140.102
140.103
140.104
140.105
140.106
140.107
140.108
140.109
140.11
140.111
140.112
140.113
140.114
140.115
140.116
140.117
140.118
140.119
140.12
140.121
140.122
140.123
140.124
140.125
140.126
140.127
140.128
140.129
140.13
140.131
140.132
140.133
140.134
140.135
140.136
140.137
140.138
140.139
140.14
140.141
140.142
140.143
140.144
140.145
140.146
140.147
140.148
140.149
140.15
140.151
140.152
140.153
140.154
140.155
140.156
140.157
140.158
140.159
140.16
140.161
140.162
140.163
140.164
140.165
140.166
140.167
140.168
140.169
140.17
140.171
140.172
140.173
140.174
140.175
140.176
140.177
140.178
140.179
140.18
140.181
140.182
140.183
140.184
140.185
140.186
140.187
140.188
140.189
140.19
140.191
140.192
140.193
140.194
140.195
140.196
140.197
140.198
140.199
140.2
140.201
140.202
140.203
140.204
140.205
140.206
140.207
140.208
140.209
140.21
140.211
140.212
140.213
140.214
140.215
140.216
140.217
140.218
140.219
140.22
140.221
140.222
140.223
140.224
140.225
140.226
140.227
140.228
140.229
140.23
140.231
140.232
140.233
140.234
140.235
140.236
140.237
140.238
140.239
140.24
140.241
140.242
140.243
140.244
140.245
140.246
140.247
140.248
140.249
140.25
140.251
140.252
140.253
140.254
140.255
140.256
140.257
140.258
140.259
140.26
140.261
140.262
140.263
140.264
140.265
140.266
140.267
140.268
140.269
140.27
140.271
140.272
140.273
140.274
140.275
140.276
140.277
140.278
140.279
140.28
140.281
140.282
140.283
140.284
140.285
140.286
140.287
140.288
140.289
140.29
140.291
140.292
140.293
140.294
140.295
140.296
140.297
140.298
140.299
140.3
140.301
140.302
140.303
140.304
140.305
140.306
140.307
140.308
140.309
140.31
140.311
140.312
140.313
140.314
140.315
140.316
140.317
140.318
140.319
140.32
140.321
140.322
140.323
140.324
140.325
140.326
140.327
140.328
140.329
140.33
140.331
140.332
140.333
140.334
140.335
140.336
140.337
140.338
140.339
140.34
140.341
140.342
140.343
140.344
140.345
140.346
140.347
140.348
140.349
140.35
140.351
140.352
140.353
140.354
140.355
140.356
140.357
140.358
140.359
140.36
140.361
140.362
140.363
140.364
140.365
140.366
140.367
140.368
140.369
140.37
140.371
140.372
140.373
140.374
140.375
140.376
140.377
140.378
140.379
140.38
140.381
140.382
140.383
140.384
140.385
140.386
140.387
140.388
140.389
140.39
140.391
140.392
140.393
140.394
140.395
140.396
140.397
140.398
140.399
140.4
140.401
140.402
140.403
140.404
140.405
140.406
140.407
140.408
140.409
140.41
140.411
140.412
140.413
140.414
140.415
140.416
140.417
140.418
140.419
140.42
140.421
140.422
140.423
140.424
140.425
140.426
140.427
140.428
140.429
140.43
140.431
140.432
140.433
140.434
140.435
140.436
140.437
140.438
140.439
140.44
140.441
140.442
140.443
140.444
140.445
140.446
140.447
140.448
140.449
140.45
140.451
140.452
140.453
140.454
140.455
140.456
140.457
140.458
140.459
140.46
140.461
140.462
140.463
140.464
140.465
140.466
140.467
140.468
140.469
140.47
140.471
140.472
140.473
140.474
140.475
140.476
140.477
140.478
140.479
140.48
140.481
140.482
140.483
140.484
140.485
140.486
140.487
140.488
140.489
140.49
140.491
140.492
140.493
140.494
140.495
140.496
140.497
140.498
140.499
140.5
140.501
140.502
140.503
140.504
140.505
140.506
140.507
140.508
140.509
140.51
140.511
140.512
140.513
140.514
140.515
140.516
140.517
140.518
140.519
140.52
140.521
140.522
140.523
140.524
140.525
140.526
140.527
140.528
140.529
140.53
140.531
140.532
140.533
140.534
140.535
140.536
140.537
140.538
140.539
140.54
140.541
140.542
140.543
140.544
140.545
140.546
140.547
140.548
140.549
140.55
140.551
140.552
140.553
140.554
140.555
140.556
140.557
140.558
140.559
140.56
140.561
140.562
140.563
140.564
140.565
140.566
140.567
140.568
140.569
140.57
140.571
140.572
140.573
140.574
140.575
140.576
140.577
140.578
140.579
140.58
140.581
140.582
140.583
140.584
140.585
140.586
140.587
140.588
140.589
140.59
140.591
140.592
140.593
140.594
140.595
140.596
140.597
140.598
140.599
140.6
140.601
140.602
140.603
140.604
140.605
140.606
140.607
140.608
140.609
140.61
140.611
140.612
140.613
140.614
140.615
140.616
140.617
140.618
140.619
140.62
140.621
140.622
140.623
140.624
140.625
140.626
140.627
140.628
140.629
140.63
140.631
140.632
140.633
140.634
140.635
140.636
140.637
140.638
140.639
140.64
140.641
140.642
140.643
140.644
140.645
140.646
140.647
140.648
140.649
140.65
140.651
140.652
140.653
140.654
140.655
140.656
140.657
140.658
140.659
140.66
140.661
140.662
140.663
140.664
140.665
140.666
140.667
140.668
140.669
140.67
140.671
140.672
140.673
140.674
140.675
140.676
140.677
140.678
140.679
140.68
140.681
140.682
140.683
140.684
140.685
140.686
140.687
140.688
140.689
140.69
140.691
140.692
140.693
140.694
140.695
140.696
140.697
140.698
140.699
140.7
140.701
140.702
140.703
140.704
140.705
140.706
140.707
140.708
140.709
140.71
140.711
140.712
140.713
140.714
140.715
140.716
140.717
140.718
140.719
140.72
140.721
140.722
140.723
140.724
140.725
140.726
140.727
140.728
140.729
140.73
140.731
140.732
140.733
140.734
140.735
140.736
140.737
140.738
140.739
140.74
140.741
140.742
140.743
140.744
140.745
140.746
140.747
140.748
140.749
140.75
140.751
140.752
140.753
140.754
140.755
140.756
140.757
140.758
140.759
140.76
140.761
140.762
140.763
140.764
140.765
140.766
140.767
140.768
140.769
140.77
140.771
140.772
140.773
140.774
140.775
140.776
140.777
140.778
140.779
140.78
140.781
140.782
140.783
140.784
140.785
140.786
140.787
140.788
140.789
140.79
140.791
140.792
140.793
140.794
140.795
140.796
140.797
140.798
140.799
140.8
140.801
140.802
140.803
140.804
140.805
140.806
140.807
140.808
140.809
140.81
140.811
140.812
140.813
140.814
140.815
140.816
140.817
140.818
140.819
140.82
140.821
140.822
140.823
140.824
140.825
140.826
140.827
140.828
140.829
140.83
140.831
140.832
140.833
140.834
140.835
140.836
140.837
140.838
140.839
140.84
140.841
140.842
140.843
140.844
140.845
140.846
140.847
140.848
140.849
140.85
140.851
140.852
140.853
140.854
140.855
140.856
140.857
140.858
140.859
140.86
140.861
140.862
140.863
140.864
140.865
140.866
140.867
140.868
140.869
140.87
140.871
140.872
140.873
140.874
140.875
140.876
140.877
140.878
140.879
140.88
140.881
140.882
140.883
140.884
140.885
140.886
140.887
140.888
140.889
140.89
140.891
140.892
140.893
140.894
140.895
140.896
140.897
140.898
140.899
140.9
140.901
140.902
140.903
140.904
140.905
140.906
140.907
140.908
140.909
140.91
140.911
140.912
140.913
140.914
140.915
140.916
140.917
140.918
140.919
140.92
140.921
140.922
140.923
140.924
140.925
140.926
140.927
140.928
140.929
140.93
140.931
140.932
140.933
140.934
140.935
140.936
140.937
140.938
140.939
140.94
140.941
140.942
140.943
140.944
140.945
140.946
140.947
140.948
140.949
140.95
140.951
140.952
140.953
140.954
140.955
140.956
140.957
140.958
140.959
140.96
140.961
140.962
140.963
140.964
140.965
140.966
140.967
140.968
140.969
140.97
140.971
140.972
140.973
140.974
140.975
140.976
140.977
140.978
140.979
140.98
140.981
140.982
140.983
140.984
140.985
140.986
140.987
140.988
140.989
140.99
140.991
140.992
140.993
140.994
140.995
140.996
140.997
140.998
140.999
141
141.001
141.002
141.003
141.004
141.005
141.006
141.007
141.008
141.009
141.01
141.011
141.012
141.013
141.014
141.015
141.016
141.017
141.018
141.019
141.02
141.021
141.022
141.023
141.024
141.025
141.026
141.027
141.028
141.029
141.03
141.031
141.032
141.033
141.034
141.035
141.036
141.037
141.038
141.039
141.04
141.041
141.042
141.043
141.044
141.045
141.046
141.047
141.048
141.049
141.05
141.051
141.052
141.053
141.054
141.055
141.056
141.057
141.058
141.059
141.06
141.061
141.062
141.063
141.064
141.065
141.066
141.067
141.068
141.069
141.07
141.071
141.072
141.073
141.074
141.075
141.076
141.077
141.078
141.079
141.08
141.081
141.082
141.083
141.084
141.085
141.086
141.087
141.088
141.089
141.09
141.091
141.092
141.093
141.094
141.095
141.096
141.097
141.098
141.099
141.1
141.101
141.102
141.103
141.104
141.105
141.106
141.107
141.108
141.109
141.11
141.111
141.112
141.113
141.114
141.115
141.116
141.117
141.118
141.119
141.12
141.121
141.122
141.123
141.124
141.125
141.126
141.127
141.128
141.129
141.13
141.131
141.132
141.133
141.134
141.135
141.136
141.137
141.138
141.139
141.14
141.141
141.142
141.143
141.144
141.145
141.146
141.147
141.148
141.149
141.15
141.151
141.152
141.153
141.154
141.155
141.156
141.157
141.158
141.159
141.16
141.161
141.162
141.163
141.164
141.165
141.166
141.167
141.168
141.169
141.17
141.171
141.172
141.173
141.174
141.175
141.176
141.177
141.178
141.179
141.18
141.181
141.182
141.183
141.184
141.185
141.186
141.187
141.188
141.189
141.19
141.191
141.192
141.193
141.194
141.195
141.196
141.197
141.198
141.199
141.2
141.201
141.202
141.203
141.204
141.205
141.206
141.207
141.208
141.209
141.21
141.211
141.212
141.213
141.214
141.215
141.216
141.217
141.218
141.219
141.22
141.221
141.222
141.223
141.224
141.225
141.226
141.227
141.228
141.229
141.23
141.231
141.232
141.233
141.234
141.235
141.236
141.237
141.238
141.239
141.24
141.241
141.242
141.243
141.244
141.245
141.246
141.247
141.248
141.249
141.25
141.251
141.252
141.253
141.254
141.255
141.256
141.257
141.258
141.259
141.26
141.261
141.262
141.263
141.264
141.265
141.266
141.267
141.268
141.269
141.27
141.271
141.272
141.273
141.274
141.275
141.276
141.277
141.278
141.279
141.28
141.281
141.282
141.283
141.284
141.285
141.286
141.287
141.288
141.289
141.29
141.291
141.292
141.293
141.294
141.295
141.296
141.297
141.298
141.299
141.3
141.301
141.302
141.303
141.304
141.305
141.306
141.307
141.308
141.309
141.31
141.311
141.312
141.313
141.314
141.315
141.316
141.317
141.318
141.319
141.32
141.321
141.322
141.323
141.324
141.325
141.326
141.327
141.328
141.329
141.33
141.331
141.332
141.333
141.334
141.335
141.336
141.337
141.338
141.339
141.34
141.341
141.342
141.343
141.344
141.345
141.346
141.347
141.348
141.349
141.35
141.351
141.352
141.353
141.354
141.355
141.356
141.357
141.358
141.359
141.36
141.361
141.362
141.363
141.364
141.365
141.366
141.367
141.368
141.369
141.37
141.371
141.372
141.373
141.374
141.375
141.376
141.377
141.378
141.379
141.38
141.381
141.382
141.383
141.384
141.385
141.386
141.387
141.388
141.389
141.39
141.391
141.392
141.393
141.394
141.395
141.396
141.397
141.398
141.399
141.4
141.401
141.402
141.403
141.404
141.405
141.406
141.407
141.408
141.409
141.41
141.411
141.412
141.413
141.414
141.415
141.416
141.417
141.418
141.419
141.42
141.421
141.422
141.423
141.424
141.425
141.426
141.427
141.428
141.429
141.43
141.431
141.432
141.433
141.434
141.435
141.436
141.437
141.438
141.439
141.44
141.441
141.442
141.443
141.444
141.445
141.446
141.447
141.448
141.449
141.45
141.451
141.452
141.453
141.454
141.455
141.456
141.457
141.458
141.459
141.46
141.461
141.462
141.463
141.464
141.465
141.466
141.467
141.468
141.469
141.47
141.471
141.472
141.473
141.474
141.475
141.476
141.477
141.478
141.479
141.48
141.481
141.482
141.483
141.484
141.485
141.486
141.487
141.488
141.489
141.49
141.491
141.492
141.493
141.494
141.495
141.496
141.497
141.498
141.499
141.5
141.501
141.502
141.503
141.504
141.505
141.506
141.507
141.508
141.509
141.51
141.511
141.512
141.513
141.514
141.515
141.516
141.517
141.518
141.519
141.52
141.521
141.522
141.523
141.524
141.525
141.526
141.527
141.528
141.529
141.53
141.531
141.532
141.533
141.534
141.535
141.536
141.537
141.538
141.539
141.54
141.541
141.542
141.543
141.544
141.545
141.546
141.547
141.548
141.549
141.55
141.551
141.552
141.553
141.554
141.555
141.556
141.557
141.558
141.559
141.56
141.561
141.562
141.563
141.564
141.565
141.566
141.567
141.568
141.569
141.57
141.571
141.572
141.573
141.574
141.575
141.576
141.577
141.578
141.579
141.58
141.581
141.582
141.583
141.584
141.585
141.586
141.587
141.588
141.589
141.59
141.591
141.592
141.593
141.594
141.595
141.596
141.597
141.598
141.599
141.6
141.601
141.602
141.603
141.604
141.605
141.606
141.607
141.608
141.609
141.61
141.611
141.612
141.613
141.614
141.615
141.616
141.617
141.618
141.619
141.62
141.621
141.622
141.623
141.624
141.625
141.626
141.627
141.628
141.629
141.63
141.631
141.632
141.633
141.634
141.635
141.636
141.637
141.638
141.639
141.64
141.641
141.642
141.643
141.644
141.645
141.646
141.647
141.648
141.649
141.65
141.651
141.652
141.653
141.654
141.655
141.656
141.657
141.658
141.659
141.66
141.661
141.662
141.663
141.664
141.665
141.666
141.667
141.668
141.669
141.67
141.671
141.672
141.673
141.674
141.675
141.676
141.677
141.678
141.679
141.68
141.681
141.682
141.683
141.684
141.685
141.686
141.687
141.688
141.689
141.69
141.691
141.692
141.693
141.694
141.695
141.696
141.697
141.698
141.699
141.7
141.701
141.702
141.703
141.704
141.705
141.706
141.707
141.708
141.709
141.71
141.711
141.712
141.713
141.714
141.715
141.716
141.717
141.718
141.719
141.72
141.721
141.722
141.723
141.724
141.725
141.726
141.727
141.728
141.729
141.73
141.731
141.732
141.733
141.734
141.735
141.736
141.737
141.738
141.739
141.74
141.741
141.742
141.743
141.744
141.745
141.746
141.747
141.748
141.749
141.75
141.751
141.752
141.753
141.754
141.755
141.756
141.757
141.758
141.759
141.76
141.761
141.762
141.763
141.764
141.765
141.766
141.767
141.768
141.769
141.77
141.771
141.772
141.773
141.774
141.775
141.776
141.777
141.778
141.779
141.78
141.781
141.782
141.783
141.784
141.785
141.786
141.787
141.788
141.789
141.79
141.791
141.792
141.793
141.794
141.795
141.796
141.797
141.798
141.799
141.8
141.801
141.802
141.803
141.804
141.805
141.806
141.807
141.808
141.809
141.81
141.811
141.812
141.813
141.814
141.815
141.816
141.817
141.818
141.819
141.82
141.821
141.822
141.823
141.824
141.825
141.826
141.827
141.828
141.829
141.83
141.831
141.832
141.833
141.834
141.835
141.836
141.837
141.838
141.839
141.84
141.841
141.842
141.843
141.844
141.845
141.846
141.847
141.848
141.849
141.85
141.851
141.852
141.853
141.854
141.855
141.856
141.857
141.858
141.859
141.86
141.861
141.862
141.863
141.864
141.865
141.866
141.867
141.868
141.869
141.87
141.871
141.872
141.873
141.874
141.875
141.876
141.877
141.878
141.879
141.88
141.881
141.882
141.883
141.884
141.885
141.886
141.887
141.888
141.889
141.89
141.891
141.892
141.893
141.894
141.895
141.896
141.897
141.898
141.899
141.9
141.901
141.902
141.903
141.904
141.905
141.906
141.907
141.908
141.909
141.91
141.911
141.912
141.913
141.914
141.915
141.916
141.917
141.918
141.919
141.92
141.921
141.922
141.923
141.924
141.925
141.926
141.927
141.928
141.929
141.93
141.931
141.932
141.933
141.934
141.935
141.936
141.937
141.938
141.939
141.94
141.941
141.942
141.943
141.944
141.945
141.946
141.947
141.948
141.949
141.95
141.951
141.952
141.953
141.954
141.955
141.956
141.957
141.958
141.959
141.96
141.961
141.962
141.963
141.964
141.965
141.966
141.967
141.968
141.969
141.97
141.971
141.972
141.973
141.974
141.975
141.976
141.977
141.978
141.979
141.98
141.981
141.982
141.983
141.984
141.985
141.986
141.987
141.988
141.989
141.99
141.991
141.992
141.993
141.994
141.995
141.996
141.997
141.998
141.999
142
142.001
142.002
142.003
142.004
142.005
142.006
142.007
142.008
142.009
142.01
142.011
142.012
142.013
142.014
142.015
142.016
142.017
142.018
142.019
142.02
142.021
142.022
142.023
142.024
142.025
142.026
142.027
142.028
142.029
142.03
142.031
142.032
142.033
142.034
142.035
142.036
142.037
142.038
142.039
142.04
142.041
142.042
142.043
142.044
142.045
142.046
142.047
142.048
142.049
142.05
142.051
142.052
142.053
142.054
142.055
142.056
142.057
142.058
142.059
142.06
142.061
142.062
142.063
142.064
142.065
142.066
142.067
142.068
142.069
142.07
142.071
142.072
142.073
142.074
142.075
142.076
142.077
142.078
142.079
142.08
142.081
142.082
142.083
142.084
142.085
142.086
142.087
142.088
142.089
142.09
142.091
142.092
142.093
142.094
142.095
142.096
142.097
142.098
142.099
142.1
142.101
142.102
142.103
142.104
142.105
142.106
142.107
142.108
142.109
142.11
142.111
142.112
142.113
142.114
142.115
142.116
142.117
142.118
142.119
142.12
142.121
142.122
142.123
142.124
142.125
142.126
142.127
142.128
142.129
142.13
142.131
142.132
142.133
142.134
142.135
142.136
142.137
142.138
142.139
142.14
142.141
142.142
142.143
142.144
142.145
142.146
142.147
142.148
142.149
142.15
142.151
142.152
142.153
142.154
142.155
142.156
142.157
142.158
142.159
142.16
142.161
142.162
142.163
142.164
142.165
142.166
142.167
142.168
142.169
142.17
142.171
142.172
142.173
142.174
142.175
142.176
142.177
142.178
142.179
142.18
142.181
142.182
142.183
142.184
142.185
142.186
142.187
142.188
142.189
142.19
142.191
142.192
142.193
142.194
142.195
142.196
142.197
142.198
142.199
142.2
142.201
142.202
142.203
142.204
142.205
142.206
142.207
142.208
142.209
142.21
142.211
142.212
142.213
142.214
142.215
142.216
142.217
142.218
142.219
142.22
142.221
142.222
142.223
142.224
142.225
142.226
142.227
142.228
142.229
142.23
142.231
142.232
142.233
142.234
142.235
142.236
142.237
142.238
142.239
142.24
142.241
142.242
142.243
142.244
142.245
142.246
142.247
142.248
142.249
142.25
142.251
142.252
142.253
142.254
142.255
142.256
142.257
142.258
142.259
142.26
142.261
142.262
142.263
142.264
142.265
142.266
142.267
142.268
142.269
142.27
142.271
142.272
142.273
142.274
142.275
142.276
142.277
142.278
142.279
142.28
142.281
142.282
142.283
142.284
142.285
142.286
142.287
142.288
142.289
142.29
142.291
142.292
142.293
142.294
142.295
142.296
142.297
142.298
142.299
142.3
142.301
142.302
142.303
142.304
142.305
142.306
142.307
142.308
142.309
142.31
142.311
142.312
142.313
142.314
142.315
142.316
142.317
142.318
142.319
142.32
142.321
142.322
142.323
142.324
142.325
142.326
142.327
142.328
142.329
142.33
142.331
142.332
142.333
142.334
142.335
142.336
142.337
142.338
142.339
142.34
142.341
142.342
142.343
142.344
142.345
142.346
142.347
142.348
142.349
142.35
142.351
142.352
142.353
142.354
142.355
142.356
142.357
142.358
142.359
142.36
142.361
142.362
142.363
142.364
142.365
142.366
142.367
142.368
142.369
142.37
142.371
142.372
142.373
142.374
142.375
142.376
142.377
142.378
142.379
142.38
142.381
142.382
142.383
142.384
142.385
142.386
142.387
142.388
142.389
142.39
142.391
142.392
142.393
142.394
142.395
142.396
142.397
142.398
142.399
142.4
142.401
142.402
142.403
142.404
142.405
142.406
142.407
142.408
142.409
142.41
142.411
142.412
142.413
142.414
142.415
142.416
142.417
142.418
142.419
142.42
142.421
142.422
142.423
142.424
142.425
142.426
142.427
142.428
142.429
142.43
142.431
142.432
142.433
142.434
142.435
142.436
142.437
142.438
142.439
142.44
142.441
142.442
142.443
142.444
142.445
142.446
142.447
142.448
142.449
142.45
142.451
142.452
142.453
142.454
142.455
142.456
142.457
142.458
142.459
142.46
142.461
142.462
142.463
142.464
142.465
142.466
142.467
142.468
142.469
142.47
142.471
142.472
142.473
142.474
142.475
142.476
142.477
142.478
142.479
142.48
142.481
142.482
142.483
142.484
142.485
142.486
142.487
142.488
142.489
142.49
142.491
142.492
142.493
142.494
142.495
142.496
142.497
142.498
142.499
142.5
142.501
142.502
142.503
142.504
142.505
142.506
142.507
142.508
142.509
142.51
142.511
142.512
142.513
142.514
142.515
142.516
142.517
142.518
142.519
142.52
142.521
142.522
142.523
142.524
142.525
142.526
142.527
142.528
142.529
142.53
142.531
142.532
142.533
142.534
142.535
142.536
142.537
142.538
142.539
142.54
142.541
142.542
142.543
142.544
142.545
142.546
142.547
142.548
142.549
142.55
142.551
142.552
142.553
142.554
142.555
142.556
142.557
142.558
142.559
142.56
142.561
142.562
142.563
142.564
142.565
142.566
142.567
142.568
142.569
142.57
142.571
142.572
142.573
142.574
142.575
142.576
142.577
142.578
142.579
142.58
142.581
142.582
142.583
142.584
142.585
142.586
142.587
142.588
142.589
142.59
142.591
142.592
142.593
142.594
142.595
142.596
142.597
142.598
142.599
142.6
142.601
142.602
142.603
142.604
142.605
142.606
142.607
142.608
142.609
142.61
142.611
142.612
142.613
142.614
142.615
142.616
142.617
142.618
142.619
142.62
142.621
142.622
142.623
142.624
142.625
142.626
142.627
142.628
142.629
142.63
142.631
142.632
142.633
142.634
142.635
142.636
142.637
142.638
142.639
142.64
142.641
142.642
142.643
142.644
142.645
142.646
142.647
142.648
142.649
142.65
142.651
142.652
142.653
142.654
142.655
142.656
142.657
142.658
142.659
142.66
142.661
142.662
142.663
142.664
142.665
142.666
142.667
142.668
142.669
142.67
142.671
142.672
142.673
142.674
142.675
142.676
142.677
142.678
142.679
142.68
142.681
142.682
142.683
142.684
142.685
142.686
142.687
142.688
142.689
142.69
142.691
142.692
142.693
142.694
142.695
142.696
142.697
142.698
142.699
142.7
142.701
142.702
142.703
142.704
142.705
142.706
142.707
142.708
142.709
142.71
142.711
142.712
142.713
142.714
142.715
142.716
142.717
142.718
142.719
142.72
142.721
142.722
142.723
142.724
142.725
142.726
142.727
142.728
142.729
142.73
142.731
142.732
142.733
142.734
142.735
142.736
142.737
142.738
142.739
142.74
142.741
142.742
142.743
142.744
142.745
142.746
142.747
142.748
142.749
142.75
142.751
142.752
142.753
142.754
142.755
142.756
142.757
142.758
142.759
142.76
142.761
142.762
142.763
142.764
142.765
142.766
142.767
142.768
142.769
142.77
142.771
142.772
142.773
142.774
142.775
142.776
142.777
142.778
142.779
142.78
142.781
142.782
142.783
142.784
142.785
142.786
142.787
142.788
142.789
142.79
142.791
142.792
142.793
142.794
142.795
142.796
142.797
142.798
142.799
142.8
142.801
142.802
142.803
142.804
142.805
142.806
142.807
142.808
142.809
142.81
142.811
142.812
142.813
142.814
142.815
142.816
142.817
142.818
142.819
142.82
142.821
142.822
142.823
142.824
142.825
142.826
142.827
142.828
142.829
142.83
142.831
142.832
142.833
142.834
142.835
142.836
142.837
142.838
142.839
142.84
142.841
142.842
142.843
142.844
142.845
142.846
142.847
142.848
142.849
142.85
142.851
142.852
142.853
142.854
142.855
142.856
142.857
142.858
142.859
142.86
142.861
142.862
142.863
142.864
142.865
142.866
142.867
142.868
142.869
142.87
142.871
142.872
142.873
142.874
142.875
142.876
142.877
142.878
142.879
142.88
142.881
142.882
142.883
142.884
142.885
142.886
142.887
142.888
142.889
142.89
142.891
142.892
142.893
142.894
142.895
142.896
142.897
142.898
142.899
142.9
142.901
142.902
142.903
142.904
142.905
142.906
142.907
142.908
142.909
142.91
142.911
142.912
142.913
142.914
142.915
142.916
142.917
142.918
142.919
142.92
142.921
142.922
142.923
142.924
142.925
142.926
142.927
142.928
142.929
142.93
142.931
142.932
142.933
142.934
142.935
142.936
142.937
142.938
142.939
142.94
142.941
142.942
142.943
142.944
142.945
142.946
142.947
142.948
142.949
142.95
142.951
142.952
142.953
142.954
142.955
142.956
142.957
142.958
142.959
142.96
142.961
142.962
142.963
142.964
142.965
142.966
142.967
142.968
142.969
142.97
142.971
142.972
142.973
142.974
142.975
142.976
142.977
142.978
142.979
142.98
142.981
142.982
142.983
142.984
142.985
142.986
142.987
142.988
142.989
142.99
142.991
142.992
142.993
142.994
142.995
142.996
142.997
142.998
142.999
143
143.001
143.002
143.003
143.004
143.005
143.006
143.007
143.008
143.009
143.01
143.011
143.012
143.013
143.014
143.015
143.016
143.017
143.018
143.019
143.02
143.021
143.022
143.023
143.024
143.025
143.026
143.027
143.028
143.029
143.03
143.031
143.032
143.033
143.034
143.035
143.036
143.037
143.038
143.039
143.04
143.041
143.042
143.043
143.044
143.045
143.046
143.047
143.048
143.049
143.05
143.051
143.052
143.053
143.054
143.055
143.056
143.057
143.058
143.059
143.06
143.061
143.062
143.063
143.064
143.065
143.066
143.067
143.068
143.069
143.07
143.071
143.072
143.073
143.074
143.075
143.076
143.077
143.078
143.079
143.08
143.081
143.082
143.083
143.084
143.085
143.086
143.087
143.088
143.089
143.09
143.091
143.092
143.093
143.094
143.095
143.096
143.097
143.098
143.099
143.1
143.101
143.102
143.103
143.104
143.105
143.106
143.107
143.108
143.109
143.11
143.111
143.112
143.113
143.114
143.115
143.116
143.117
143.118
143.119
143.12
143.121
143.122
143.123
143.124
143.125
143.126
143.127
143.128
143.129
143.13
143.131
143.132
143.133
143.134
143.135
143.136
143.137
143.138
143.139
143.14
143.141
143.142
143.143
143.144
143.145
143.146
143.147
143.148
143.149
143.15
143.151
143.152
143.153
143.154
143.155
143.156
143.157
143.158
143.159
143.16
143.161
143.162
143.163
143.164
143.165
143.166
143.167
143.168
143.169
143.17
143.171
143.172
143.173
143.174
143.175
143.176
143.177
143.178
143.179
143.18
143.181
143.182
143.183
143.184
143.185
143.186
143.187
143.188
143.189
143.19
143.191
143.192
143.193
143.194
143.195
143.196
143.197
143.198
143.199
143.2
143.201
143.202
143.203
143.204
143.205
143.206
143.207
143.208
143.209
143.21
143.211
143.212
143.213
143.214
143.215
143.216
143.217
143.218
143.219
143.22
143.221
143.222
143.223
143.224
143.225
143.226
143.227
143.228
143.229
143.23
143.231
143.232
143.233
143.234
143.235
143.236
143.237
143.238
143.239
143.24
143.241
143.242
143.243
143.244
143.245
143.246
143.247
143.248
143.249
143.25
143.251
143.252
143.253
143.254
143.255
143.256
143.257
143.258
143.259
143.26
143.261
143.262
143.263
143.264
143.265
143.266
143.267
143.268
143.269
143.27
143.271
143.272
143.273
143.274
143.275
143.276
143.277
143.278
143.279
143.28
143.281
143.282
143.283
143.284
143.285
143.286
143.287
143.288
143.289
143.29
143.291
143.292
143.293
143.294
143.295
143.296
143.297
143.298
143.299
143.3
143.301
143.302
143.303
143.304
143.305
143.306
143.307
143.308
143.309
143.31
143.311
143.312
143.313
143.314
143.315
143.316
143.317
143.318
143.319
143.32
143.321
143.322
143.323
143.324
143.325
143.326
143.327
143.328
143.329
143.33
143.331
143.332
143.333
143.334
143.335
143.336
143.337
143.338
143.339
143.34
143.341
143.342
143.343
143.344
143.345
143.346
143.347
143.348
143.349
143.35
143.351
143.352
143.353
143.354
143.355
143.356
143.357
143.358
143.359
143.36
143.361
143.362
143.363
143.364
143.365
143.366
143.367
143.368
143.369
143.37
143.371
143.372
143.373
143.374
143.375
143.376
143.377
143.378
143.379
143.38
143.381
143.382
143.383
143.384
143.385
143.386
143.387
143.388
143.389
143.39
143.391
143.392
143.393
143.394
143.395
143.396
143.397
143.398
143.399
143.4
143.401
143.402
143.403
143.404
143.405
143.406
143.407
143.408
143.409
143.41
143.411
143.412
143.413
143.414
143.415
143.416
143.417
143.418
143.419
143.42
143.421
143.422
143.423
143.424
143.425
143.426
143.427
143.428
143.429
143.43
143.431
143.432
143.433
143.434
143.435
143.436
143.437
143.438
143.439
143.44
143.441
143.442
143.443
143.444
143.445
143.446
143.447
143.448
143.449
143.45
143.451
143.452
143.453
143.454
143.455
143.456
143.457
143.458
143.459
143.46
143.461
143.462
143.463
143.464
143.465
143.466
143.467
143.468
143.469
143.47
143.471
143.472
143.473
143.474
143.475
143.476
143.477
143.478
143.479
143.48
143.481
143.482
143.483
143.484
143.485
143.486
143.487
143.488
143.489
143.49
143.491
143.492
143.493
143.494
143.495
143.496
143.497
143.498
143.499
143.5
143.501
143.502
143.503
143.504
143.505
143.506
143.507
143.508
143.509
143.51
143.511
143.512
143.513
143.514
143.515
143.516
143.517
143.518
143.519
143.52
143.521
143.522
143.523
143.524
143.525
143.526
143.527
143.528
143.529
143.53
143.531
143.532
143.533
143.534
143.535
143.536
143.537
143.538
143.539
143.54
143.541
143.542
143.543
143.544
143.545
143.546
143.547
143.548
143.549
143.55
143.551
143.552
143.553
143.554
143.555
143.556
143.557
143.558
143.559
143.56
143.561
143.562
143.563
143.564
143.565
143.566
143.567
143.568
143.569
143.57
143.571
143.572
143.573
143.574
143.575
143.576
143.577
143.578
143.579
143.58
143.581
143.582
143.583
143.584
143.585
143.586
143.587
143.588
143.589
143.59
143.591
143.592
143.593
143.594
143.595
143.596
143.597
143.598
143.599
143.6
143.601
143.602
143.603
143.604
143.605
143.606
143.607
143.608
143.609
143.61
143.611
143.612
143.613
143.614
143.615
143.616
143.617
143.618
143.619
143.62
143.621
143.622
143.623
143.624
143.625
143.626
143.627
143.628
143.629
143.63
143.631
143.632
143.633
143.634
143.635
143.636
143.637
143.638
143.639
143.64
143.641
143.642
143.643
143.644
143.645
143.646
143.647
143.648
143.649
143.65
143.651
143.652
143.653
143.654
143.655
143.656
143.657
143.658
143.659
143.66
143.661
143.662
143.663
143.664
143.665
143.666
143.667
143.668
143.669
143.67
143.671
143.672
143.673
143.674
143.675
143.676
143.677
143.678
143.679
143.68
143.681
143.682
143.683
143.684
143.685
143.686
143.687
143.688
143.689
143.69
143.691
143.692
143.693
143.694
143.695
143.696
143.697
143.698
143.699
143.7
143.701
143.702
143.703
143.704
143.705
143.706
143.707
143.708
143.709
143.71
143.711
143.712
143.713
143.714
143.715
143.716
143.717
143.718
143.719
143.72
143.721
143.722
143.723
143.724
143.725
143.726
143.727
143.728
143.729
143.73
143.731
143.732
143.733
143.734
143.735
143.736
143.737
143.738
143.739
143.74
143.741
143.742
143.743
143.744
143.745
143.746
143.747
143.748
143.749
143.75
143.751
143.752
143.753
143.754
143.755
143.756
143.757
143.758
143.759
143.76
143.761
143.762
143.763
143.764
143.765
143.766
143.767
143.768
143.769
143.77
143.771
143.772
143.773
143.774
143.775
143.776
143.777
143.778
143.779
143.78
143.781
143.782
143.783
143.784
143.785
143.786
143.787
143.788
143.789
143.79
143.791
143.792
143.793
143.794
143.795
143.796
143.797
143.798
143.799
143.8
143.801
143.802
143.803
143.804
143.805
143.806
143.807
143.808
143.809
143.81
143.811
143.812
143.813
143.814
143.815
143.816
143.817
143.818
143.819
143.82
143.821
143.822
143.823
143.824
143.825
143.826
143.827
143.828
143.829
143.83
143.831
143.832
143.833
143.834
143.835
143.836
143.837
143.838
143.839
143.84
143.841
143.842
143.843
143.844
143.845
143.846
143.847
143.848
143.849
143.85
143.851
143.852
143.853
143.854
143.855
143.856
143.857
143.858
143.859
143.86
143.861
143.862
143.863
143.864
143.865
143.866
143.867
143.868
143.869
143.87
143.871
143.872
143.873
143.874
143.875
143.876
143.877
143.878
143.879
143.88
143.881
143.882
143.883
143.884
143.885
143.886
143.887
143.888
143.889
143.89
143.891
143.892
143.893
143.894
143.895
143.896
143.897
143.898
143.899
143.9
143.901
143.902
143.903
143.904
143.905
143.906
143.907
143.908
143.909
143.91
143.911
143.912
143.913
143.914
143.915
143.916
143.917
143.918
143.919
143.92
143.921
143.922
143.923
143.924
143.925
143.926
143.927
143.928
143.929
143.93
143.931
143.932
143.933
143.934
143.935
143.936
143.937
143.938
143.939
143.94
143.941
143.942
143.943
143.944
143.945
143.946
143.947
143.948
143.949
143.95
143.951
143.952
143.953
143.954
143.955
143.956
143.957
143.958
143.959
143.96
143.961
143.962
143.963
143.964
143.965
143.966
143.967
143.968
143.969
143.97
143.971
143.972
143.973
143.974
143.975
143.976
143.977
143.978
143.979
143.98
143.981
143.982
143.983
143.984
143.985
143.986
143.987
143.988
143.989
143.99
143.991
143.992
143.993
143.994
143.995
143.996
143.997
143.998
143.999
144
144.001
144.002
144.003
144.004
144.005
144.006
144.007
144.008
144.009
144.01
144.011
144.012
144.013
144.014
144.015
144.016
144.017
144.018
144.019
144.02
144.021
144.022
144.023
144.024
144.025
144.026
144.027
144.028
144.029
144.03
144.031
144.032
144.033
144.034
144.035
144.036
144.037
144.038
144.039
144.04
144.041
144.042
144.043
144.044
144.045
144.046
144.047
144.048
144.049
144.05
144.051
144.052
144.053
144.054
144.055
144.056
144.057
144.058
144.059
144.06
144.061
144.062
144.063
144.064
144.065
144.066
144.067
144.068
144.069
144.07
144.071
144.072
144.073
144.074
144.075
144.076
144.077
144.078
144.079
144.08
144.081
144.082
144.083
144.084
144.085
144.086
144.087
144.088
144.089
144.09
144.091
144.092
144.093
144.094
144.095
144.096
144.097
144.098
144.099
144.1
144.101
144.102
144.103
144.104
144.105
144.106
144.107
144.108
144.109
144.11
144.111
144.112
144.113
144.114
144.115
144.116
144.117
144.118
144.119
144.12
144.121
144.122
144.123
144.124
144.125
144.126
144.127
144.128
144.129
144.13
144.131
144.132
144.133
144.134
144.135
144.136
144.137
144.138
144.139
144.14
144.141
144.142
144.143
144.144
144.145
144.146
144.147
144.148
144.149
144.15
144.151
144.152
144.153
144.154
144.155
144.156
144.157
144.158
144.159
144.16
144.161
144.162
144.163
144.164
144.165
144.166
144.167
144.168
144.169
144.17
144.171
144.172
144.173
144.174
144.175
144.176
144.177
144.178
144.179
144.18
144.181
144.182
144.183
144.184
144.185
144.186
144.187
144.188
144.189
144.19
144.191
144.192
144.193
144.194
144.195
144.196
144.197
144.198
144.199
144.2
144.201
144.202
144.203
144.204
144.205
144.206
144.207
144.208
144.209
144.21
144.211
144.212
144.213
144.214
144.215
144.216
144.217
144.218
144.219
144.22
144.221
144.222
144.223
144.224
144.225
144.226
144.227
144.228
144.229
144.23
144.231
144.232
144.233
144.234
144.235
144.236
144.237
144.238
144.239
144.24
144.241
144.242
144.243
144.244
144.245
144.246
144.247
144.248
144.249
144.25
144.251
144.252
144.253
144.254
144.255
144.256
144.257
144.258
144.259
144.26
144.261
144.262
144.263
144.264
144.265
144.266
144.267
144.268
144.269
144.27
144.271
144.272
144.273
144.274
144.275
144.276
144.277
144.278
144.279
144.28
144.281
144.282
144.283
144.284
144.285
144.286
144.287
144.288
144.289
144.29
144.291
144.292
144.293
144.294
144.295
144.296
144.297
144.298
144.299
144.3
144.301
144.302
144.303
144.304
144.305
144.306
144.307
144.308
144.309
144.31
144.311
144.312
144.313
144.314
144.315
144.316
144.317
144.318
144.319
144.32
144.321
144.322
144.323
144.324
144.325
144.326
144.327
144.328
144.329
144.33
144.331
144.332
144.333
144.334
144.335
144.336
144.337
144.338
144.339
144.34
144.341
144.342
144.343
144.344
144.345
144.346
144.347
144.348
144.349
144.35
144.351
144.352
144.353
144.354
144.355
144.356
144.357
144.358
144.359
144.36
144.361
144.362
144.363
144.364
144.365
144.366
144.367
144.368
144.369
144.37
144.371
144.372
144.373
144.374
144.375
144.376
144.377
144.378
144.379
144.38
144.381
144.382
144.383
144.384
144.385
144.386
144.387
144.388
144.389
144.39
144.391
144.392
144.393
144.394
144.395
144.396
144.397
144.398
144.399
144.4
144.401
144.402
144.403
144.404
144.405
144.406
144.407
144.408
144.409
144.41
144.411
144.412
144.413
144.414
144.415
144.416
144.417
144.418
144.419
144.42
144.421
144.422
144.423
144.424
144.425
144.426
144.427
144.428
144.429
144.43
144.431
144.432
144.433
144.434
144.435
144.436
144.437
144.438
144.439
144.44
144.441
144.442
144.443
144.444
144.445
144.446
144.447
144.448
144.449
144.45
144.451
144.452
144.453
144.454
144.455
144.456
144.457
144.458
144.459
144.46
144.461
144.462
144.463
144.464
144.465
144.466
144.467
144.468
144.469
144.47
144.471
144.472
144.473
144.474
144.475
144.476
144.477
144.478
144.479
144.48
144.481
144.482
144.483
144.484
144.485
144.486
144.487
144.488
144.489
144.49
144.491
144.492
144.493
144.494
144.495
144.496
144.497
144.498
144.499
144.5
144.501
144.502
144.503
144.504
144.505
144.506
144.507
144.508
144.509
144.51
144.511
144.512
144.513
144.514
144.515
144.516
144.517
144.518
144.519
144.52
144.521
144.522
144.523
144.524
144.525
144.526
144.527
144.528
144.529
144.53
144.531
144.532
144.533
144.534
144.535
144.536
144.537
144.538
144.539
144.54
144.541
144.542
144.543
144.544
144.545
144.546
144.547
144.548
144.549
144.55
144.551
144.552
144.553
144.554
144.555
144.556
144.557
144.558
144.559
144.56
144.561
144.562
144.563
144.564
144.565
144.566
144.567
144.568
144.569
144.57
144.571
144.572
144.573
144.574
144.575
144.576
144.577
144.578
144.579
144.58
144.581
144.582
144.583
144.584
144.585
144.586
144.587
144.588
144.589
144.59
144.591
144.592
144.593
144.594
144.595
144.596
144.597
144.598
144.599
144.6
144.601
144.602
144.603
144.604
144.605
144.606
144.607
144.608
144.609
144.61
144.611
144.612
144.613
144.614
144.615
144.616
144.617
144.618
144.619
144.62
144.621
144.622
144.623
144.624
144.625
144.626
144.627
144.628
144.629
144.63
144.631
144.632
144.633
144.634
144.635
144.636
144.637
144.638
144.639
144.64
144.641
144.642
144.643
144.644
144.645
144.646
144.647
144.648
144.649
144.65
144.651
144.652
144.653
144.654
144.655
144.656
144.657
144.658
144.659
144.66
144.661
144.662
144.663
144.664
144.665
144.666
144.667
144.668
144.669
144.67
144.671
144.672
144.673
144.674
144.675
144.676
144.677
144.678
144.679
144.68
144.681
144.682
144.683
144.684
144.685
144.686
144.687
144.688
144.689
144.69
144.691
144.692
144.693
144.694
144.695
144.696
144.697
144.698
144.699
144.7
144.701
144.702
144.703
144.704
144.705
144.706
144.707
144.708
144.709
144.71
144.711
144.712
144.713
144.714
144.715
144.716
144.717
144.718
144.719
144.72
144.721
144.722
144.723
144.724
144.725
144.726
144.727
144.728
144.729
144.73
144.731
144.732
144.733
144.734
144.735
144.736
144.737
144.738
144.739
144.74
144.741
144.742
144.743
144.744
144.745
144.746
144.747
144.748
144.749
144.75
144.751
144.752
144.753
144.754
144.755
144.756
144.757
144.758
144.759
144.76
144.761
144.762
144.763
144.764
144.765
144.766
144.767
144.768
144.769
144.77
144.771
144.772
144.773
144.774
144.775
144.776
144.777
144.778
144.779
144.78
144.781
144.782
144.783
144.784
144.785
144.786
144.787
144.788
144.789
144.79
144.791
144.792
144.793
144.794
144.795
144.796
144.797
144.798
144.799
144.8
144.801
144.802
144.803
144.804
144.805
144.806
144.807
144.808
144.809
144.81
144.811
144.812
144.813
144.814
144.815
144.816
144.817
144.818
144.819
144.82
144.821
144.822
144.823
144.824
144.825
144.826
144.827
144.828
144.829
144.83
144.831
144.832
144.833
144.834
144.835
144.836
144.837
144.838
144.839
144.84
144.841
144.842
144.843
144.844
144.845
144.846
144.847
144.848
144.849
144.85
144.851
144.852
144.853
144.854
144.855
144.856
144.857
144.858
144.859
144.86
144.861
144.862
144.863
144.864
144.865
144.866
144.867
144.868
144.869
144.87
144.871
144.872
144.873
144.874
144.875
144.876
144.877
144.878
144.879
144.88
144.881
144.882
144.883
144.884
144.885
144.886
144.887
144.888
144.889
144.89
144.891
144.892
144.893
144.894
144.895
144.896
144.897
144.898
144.899
144.9
144.901
144.902
144.903
144.904
144.905
144.906
144.907
144.908
144.909
144.91
144.911
144.912
144.913
144.914
144.915
144.916
144.917
144.918
144.919
144.92
144.921
144.922
144.923
144.924
144.925
144.926
144.927
144.928
144.929
144.93
144.931
144.932
144.933
144.934
144.935
144.936
144.937
144.938
144.939
144.94
144.941
144.942
144.943
144.944
144.945
144.946
144.947
144.948
144.949
144.95
144.951
144.952
144.953
144.954
144.955
144.956
144.957
144.958
144.959
144.96
144.961
144.962
144.963
144.964
144.965
144.966
144.967
144.968
144.969
144.97
144.971
144.972
144.973
144.974
144.975
144.976
144.977
144.978
144.979
144.98
144.981
144.982
144.983
144.984
144.985
144.986
144.987
144.988
144.989
144.99
144.991
144.992
144.993
144.994
144.995
144.996
144.997
144.998
144.999
145
145.001
145.002
145.003
145.004
145.005
145.006
145.007
145.008
145.009
145.01
145.011
145.012
145.013
145.014
145.015
145.016
145.017
145.018
145.019
145.02
145.021
145.022
145.023
145.024
145.025
145.026
145.027
145.028
145.029
145.03
145.031
145.032
145.033
145.034
145.035
145.036
145.037
145.038
145.039
145.04
145.041
145.042
145.043
145.044
145.045
145.046
145.047
145.048
145.049
145.05
145.051
145.052
145.053
145.054
145.055
145.056
145.057
145.058
145.059
145.06
145.061
145.062
145.063
145.064
145.065
145.066
145.067
145.068
145.069
145.07
145.071
145.072
145.073
145.074
145.075
145.076
145.077
145.078
145.079
145.08
145.081
145.082
145.083
145.084
145.085
145.086
145.087
145.088
145.089
145.09
145.091
145.092
145.093
145.094
145.095
145.096
145.097
145.098
145.099
145.1
145.101
145.102
145.103
145.104
145.105
145.106
145.107
145.108
145.109
145.11
145.111
145.112
145.113
145.114
145.115
145.116
145.117
145.118
145.119
145.12
145.121
145.122
145.123
145.124
145.125
145.126
145.127
145.128
145.129
145.13
145.131
145.132
145.133
145.134
145.135
145.136
145.137
145.138
145.139
145.14
145.141
145.142
145.143
145.144
145.145
145.146
145.147
145.148
145.149
145.15
145.151
145.152
145.153
145.154
145.155
145.156
145.157
145.158
145.159
145.16
145.161
145.162
145.163
145.164
145.165
145.166
145.167
145.168
145.169
145.17
145.171
145.172
145.173
145.174
145.175
145.176
145.177
145.178
145.179
145.18
145.181
145.182
145.183
145.184
145.185
145.186
145.187
145.188
145.189
145.19
145.191
145.192
145.193
145.194
145.195
145.196
145.197
145.198
145.199
145.2
145.201
145.202
145.203
145.204
145.205
145.206
145.207
145.208
145.209
145.21
145.211
145.212
145.213
145.214
145.215
145.216
145.217
145.218
145.219
145.22
145.221
145.222
145.223
145.224
145.225
145.226
145.227
145.228
145.229
145.23
145.231
145.232
145.233
145.234
145.235
145.236
145.237
145.238
145.239
145.24
145.241
145.242
145.243
145.244
145.245
145.246
145.247
145.248
145.249
145.25
145.251
145.252
145.253
145.254
145.255
145.256
145.257
145.258
145.259
145.26
145.261
145.262
145.263
145.264
145.265
145.266
145.267
145.268
145.269
145.27
145.271
145.272
145.273
145.274
145.275
145.276
145.277
145.278
145.279
145.28
145.281
145.282
145.283
145.284
145.285
145.286
145.287
145.288
145.289
145.29
145.291
145.292
145.293
145.294
145.295
145.296
145.297
145.298
145.299
145.3
145.301
145.302
145.303
145.304
145.305
145.306
145.307
145.308
145.309
145.31
145.311
145.312
145.313
145.314
145.315
145.316
145.317
145.318
145.319
145.32
145.321
145.322
145.323
145.324
145.325
145.326
145.327
145.328
145.329
145.33
145.331
145.332
145.333
145.334
145.335
145.336
145.337
145.338
145.339
145.34
145.341
145.342
145.343
145.344
145.345
145.346
145.347
145.348
145.349
145.35
145.351
145.352
145.353
145.354
145.355
145.356
145.357
145.358
145.359
145.36
145.361
145.362
145.363
145.364
145.365
145.366
145.367
145.368
145.369
145.37
145.371
145.372
145.373
145.374
145.375
145.376
145.377
145.378
145.379
145.38
145.381
145.382
145.383
145.384
145.385
145.386
145.387
145.388
145.389
145.39
145.391
145.392
145.393
145.394
145.395
145.396
145.397
145.398
145.399
145.4
145.401
145.402
145.403
145.404
145.405
145.406
145.407
145.408
145.409
145.41
145.411
145.412
145.413
145.414
145.415
145.416
145.417
145.418
145.419
145.42
145.421
145.422
145.423
145.424
145.425
145.426
145.427
145.428
145.429
145.43
145.431
145.432
145.433
145.434
145.435
145.436
145.437
145.438
145.439
145.44
145.441
145.442
145.443
145.444
145.445
145.446
145.447
145.448
145.449
145.45
145.451
145.452
145.453
145.454
145.455
145.456
145.457
145.458
145.459
145.46
145.461
145.462
145.463
145.464
145.465
145.466
145.467
145.468
145.469
145.47
145.471
145.472
145.473
145.474
145.475
145.476
145.477
145.478
145.479
145.48
145.481
145.482
145.483
145.484
145.485
145.486
145.487
145.488
145.489
145.49
145.491
145.492
145.493
145.494
145.495
145.496
145.497
145.498
145.499
145.5
145.501
145.502
145.503
145.504
145.505
145.506
145.507
145.508
145.509
145.51
145.511
145.512
145.513
145.514
145.515
145.516
145.517
145.518
145.519
145.52
145.521
145.522
145.523
145.524
145.525
145.526
145.527
145.528
145.529
145.53
145.531
145.532
145.533
145.534
145.535
145.536
145.537
145.538
145.539
145.54
145.541
145.542
145.543
145.544
145.545
145.546
145.547
145.548
145.549
145.55
145.551
145.552
145.553
145.554
145.555
145.556
145.557
145.558
145.559
145.56
145.561
145.562
145.563
145.564
145.565
145.566
145.567
145.568
145.569
145.57
145.571
145.572
145.573
145.574
145.575
145.576
145.577
145.578
145.579
145.58
145.581
145.582
145.583
145.584
145.585
145.586
145.587
145.588
145.589
145.59
145.591
145.592
145.593
145.594
145.595
145.596
145.597
145.598
145.599
145.6
145.601
145.602
145.603
145.604
145.605
145.606
145.607
145.608
145.609
145.61
145.611
145.612
145.613
145.614
145.615
145.616
145.617
145.618
145.619
145.62
145.621
145.622
145.623
145.624
145.625
145.626
145.627
145.628
145.629
145.63
145.631
145.632
145.633
145.634
145.635
145.636
145.637
145.638
145.639
145.64
145.641
145.642
145.643
145.644
145.645
145.646
145.647
145.648
145.649
145.65
145.651
145.652
145.653
145.654
145.655
145.656
145.657
145.658
145.659
145.66
145.661
145.662
145.663
145.664
145.665
145.666
145.667
145.668
145.669
145.67
145.671
145.672
145.673
145.674
145.675
145.676
145.677
145.678
145.679
145.68
145.681
145.682
145.683
145.684
145.685
145.686
145.687
145.688
145.689
145.69
145.691
145.692
145.693
145.694
145.695
145.696
145.697
145.698
145.699
145.7
145.701
145.702
145.703
145.704
145.705
145.706
145.707
145.708
145.709
145.71
145.711
145.712
145.713
145.714
145.715
145.716
145.717
145.718
145.719
145.72
145.721
145.722
145.723
145.724
145.725
145.726
145.727
145.728
145.729
145.73
145.731
145.732
145.733
145.734
145.735
145.736
145.737
145.738
145.739
145.74
145.741
145.742
145.743
145.744
145.745
145.746
145.747
145.748
145.749
145.75
145.751
145.752
145.753
145.754
145.755
145.756
145.757
145.758
145.759
145.76
145.761
145.762
145.763
145.764
145.765
145.766
145.767
145.768
145.769
145.77
145.771
145.772
145.773
145.774
145.775
145.776
145.777
145.778
145.779
145.78
145.781
145.782
145.783
145.784
145.785
145.786
145.787
145.788
145.789
145.79
145.791
145.792
145.793
145.794
145.795
145.796
145.797
145.798
145.799
145.8
145.801
145.802
145.803
145.804
145.805
145.806
145.807
145.808
145.809
145.81
145.811
145.812
145.813
145.814
145.815
145.816
145.817
145.818
145.819
145.82
145.821
145.822
145.823
145.824
145.825
145.826
145.827
145.828
145.829
145.83
145.831
145.832
145.833
145.834
145.835
145.836
145.837
145.838
145.839
145.84
145.841
145.842
145.843
145.844
145.845
145.846
145.847
145.848
145.849
145.85
145.851
145.852
145.853
145.854
145.855
145.856
145.857
145.858
145.859
145.86
145.861
145.862
145.863
145.864
145.865
145.866
145.867
145.868
145.869
145.87
145.871
145.872
145.873
145.874
145.875
145.876
145.877
145.878
145.879
145.88
145.881
145.882
145.883
145.884
145.885
145.886
145.887
145.888
145.889
145.89
145.891
145.892
145.893
145.894
145.895
145.896
145.897
145.898
145.899
145.9
145.901
145.902
145.903
145.904
145.905
145.906
145.907
145.908
145.909
145.91
145.911
145.912
145.913
145.914
145.915
145.916
145.917
145.918
145.919
145.92
145.921
145.922
145.923
145.924
145.925
145.926
145.927
145.928
145.929
145.93
145.931
145.932
145.933
145.934
145.935
145.936
145.937
145.938
145.939
145.94
145.941
145.942
145.943
145.944
145.945
145.946
145.947
145.948
145.949
145.95
145.951
145.952
145.953
145.954
145.955
145.956
145.957
145.958
145.959
145.96
145.961
145.962
145.963
145.964
145.965
145.966
145.967
145.968
145.969
145.97
145.971
145.972
145.973
145.974
145.975
145.976
145.977
145.978
145.979
145.98
145.981
145.982
145.983
145.984
145.985
145.986
145.987
145.988
145.989
145.99
145.991
145.992
145.993
145.994
145.995
145.996
145.997
145.998
145.999
146
146.001
146.002
146.003
146.004
146.005
146.006
146.007
146.008
146.009
146.01
146.011
146.012
146.013
146.014
146.015
146.016
146.017
146.018
146.019
146.02
146.021
146.022
146.023
146.024
146.025
146.026
146.027
146.028
146.029
146.03
146.031
146.032
146.033
146.034
146.035
146.036
146.037
146.038
146.039
146.04
146.041
146.042
146.043
146.044
146.045
146.046
146.047
146.048
146.049
146.05
146.051
146.052
146.053
146.054
146.055
146.056
146.057
146.058
146.059
146.06
146.061
146.062
146.063
146.064
146.065
146.066
146.067
146.068
146.069
146.07
146.071
146.072
146.073
146.074
146.075
146.076
146.077
146.078
146.079
146.08
146.081
146.082
146.083
146.084
146.085
146.086
146.087
146.088
146.089
146.09
146.091
146.092
146.093
146.094
146.095
146.096
146.097
146.098
146.099
146.1
146.101
146.102
146.103
146.104
146.105
146.106
146.107
146.108
146.109
146.11
146.111
146.112
146.113
146.114
146.115
146.116
146.117
146.118
146.119
146.12
146.121
146.122
146.123
146.124
146.125
146.126
146.127
146.128
146.129
146.13
146.131
146.132
146.133
146.134
146.135
146.136
146.137
146.138
146.139
146.14
146.141
146.142
146.143
146.144
146.145
146.146
146.147
146.148
146.149
146.15
146.151
146.152
146.153
146.154
146.155
146.156
146.157
146.158
146.159
146.16
146.161
146.162
146.163
146.164
146.165
146.166
146.167
146.168
146.169
146.17
146.171
146.172
146.173
146.174
146.175
146.176
146.177
146.178
146.179
146.18
146.181
146.182
146.183
146.184
146.185
146.186
146.187
146.188
146.189
146.19
146.191
146.192
146.193
146.194
146.195
146.196
146.197
146.198
146.199
146.2
146.201
146.202
146.203
146.204
146.205
146.206
146.207
146.208
146.209
146.21
146.211
146.212
146.213
146.214
146.215
146.216
146.217
146.218
146.219
146.22
146.221
146.222
146.223
146.224
146.225
146.226
146.227
146.228
146.229
146.23
146.231
146.232
146.233
146.234
146.235
146.236
146.237
146.238
146.239
146.24
146.241
146.242
146.243
146.244
146.245
146.246
146.247
146.248
146.249
146.25
146.251
146.252
146.253
146.254
146.255
146.256
146.257
146.258
146.259
146.26
146.261
146.262
146.263
146.264
146.265
146.266
146.267
146.268
146.269
146.27
146.271
146.272
146.273
146.274
146.275
146.276
146.277
146.278
146.279
146.28
146.281
146.282
146.283
146.284
146.285
146.286
146.287
146.288
146.289
146.29
146.291
146.292
146.293
146.294
146.295
146.296
146.297
146.298
146.299
146.3
146.301
146.302
146.303
146.304
146.305
146.306
146.307
146.308
146.309
146.31
146.311
146.312
146.313
146.314
146.315
146.316
146.317
146.318
146.319
146.32
146.321
146.322
146.323
146.324
146.325
146.326
146.327
146.328
146.329
146.33
146.331
146.332
146.333
146.334
146.335
146.336
146.337
146.338
146.339
146.34
146.341
146.342
146.343
146.344
146.345
146.346
146.347
146.348
146.349
146.35
146.351
146.352
146.353
146.354
146.355
146.356
146.357
146.358
146.359
146.36
146.361
146.362
146.363
146.364
146.365
146.366
146.367
146.368
146.369
146.37
146.371
146.372
146.373
146.374
146.375
146.376
146.377
146.378
146.379
146.38
146.381
146.382
146.383
146.384
146.385
146.386
146.387
146.388
146.389
146.39
146.391
146.392
146.393
146.394
146.395
146.396
146.397
146.398
146.399
146.4
146.401
146.402
146.403
146.404
146.405
146.406
146.407
146.408
146.409
146.41
146.411
146.412
146.413
146.414
146.415
146.416
146.417
146.418
146.419
146.42
146.421
146.422
146.423
146.424
146.425
146.426
146.427
146.428
146.429
146.43
146.431
146.432
146.433
146.434
146.435
146.436
146.437
146.438
146.439
146.44
146.441
146.442
146.443
146.444
146.445
146.446
146.447
146.448
146.449
146.45
146.451
146.452
146.453
146.454
146.455
146.456
146.457
146.458
146.459
146.46
146.461
146.462
146.463
146.464
146.465
146.466
146.467
146.468
146.469
146.47
146.471
146.472
146.473
146.474
146.475
146.476
146.477
146.478
146.479
146.48
146.481
146.482
146.483
146.484
146.485
146.486
146.487
146.488
146.489
146.49
146.491
146.492
146.493
146.494
146.495
146.496
146.497
146.498
146.499
146.5
146.501
146.502
146.503
146.504
146.505
146.506
146.507
146.508
146.509
146.51
146.511
146.512
146.513
146.514
146.515
146.516
146.517
146.518
146.519
146.52
146.521
146.522
146.523
146.524
146.525
146.526
146.527
146.528
146.529
146.53
146.531
146.532
146.533
146.534
146.535
146.536
146.537
146.538
146.539
146.54
146.541
146.542
146.543
146.544
146.545
146.546
146.547
146.548
146.549
146.55
146.551
146.552
146.553
146.554
146.555
146.556
146.557
146.558
146.559
146.56
146.561
146.562
146.563
146.564
146.565
146.566
146.567
146.568
146.569
146.57
146.571
146.572
146.573
146.574
146.575
146.576
146.577
146.578
146.579
146.58
146.581
146.582
146.583
146.584
146.585
146.586
146.587
146.588
146.589
146.59
146.591
146.592
146.593
146.594
146.595
146.596
146.597
146.598
146.599
146.6
146.601
146.602
146.603
146.604
146.605
146.606
146.607
146.608
146.609
146.61
146.611
146.612
146.613
146.614
146.615
146.616
146.617
146.618
146.619
146.62
146.621
146.622
146.623
146.624
146.625
146.626
146.627
146.628
146.629
146.63
146.631
146.632
146.633
146.634
146.635
146.636
146.637
146.638
146.639
146.64
146.641
146.642
146.643
146.644
146.645
146.646
146.647
146.648
146.649
146.65
146.651
146.652
146.653
146.654
146.655
146.656
146.657
146.658
146.659
146.66
146.661
146.662
146.663
146.664
146.665
146.666
146.667
146.668
146.669
146.67
146.671
146.672
146.673
146.674
146.675
146.676
146.677
146.678
146.679
146.68
146.681
146.682
146.683
146.684
146.685
146.686
146.687
146.688
146.689
146.69
146.691
146.692
146.693
146.694
146.695
146.696
146.697
146.698
146.699
146.7
146.701
146.702
146.703
146.704
146.705
146.706
146.707
146.708
146.709
146.71
146.711
146.712
146.713
146.714
146.715
146.716
146.717
146.718
146.719
146.72
146.721
146.722
146.723
146.724
146.725
146.726
146.727
146.728
146.729
146.73
146.731
146.732
146.733
146.734
146.735
146.736
146.737
146.738
146.739
146.74
146.741
146.742
146.743
146.744
146.745
146.746
146.747
146.748
146.749
146.75
146.751
146.752
146.753
146.754
146.755
146.756
146.757
146.758
146.759
146.76
146.761
146.762
146.763
146.764
146.765
146.766
146.767
146.768
146.769
146.77
146.771
146.772
146.773
146.774
146.775
146.776
146.777
146.778
146.779
146.78
146.781
146.782
146.783
146.784
146.785
146.786
146.787
146.788
146.789
146.79
146.791
146.792
146.793
146.794
146.795
146.796
146.797
146.798
146.799
146.8
146.801
146.802
146.803
146.804
146.805
146.806
146.807
146.808
146.809
146.81
146.811
146.812
146.813
146.814
146.815
146.816
146.817
146.818
146.819
146.82
146.821
146.822
146.823
146.824
146.825
146.826
146.827
146.828
146.829
146.83
146.831
146.832
146.833
146.834
146.835
146.836
146.837
146.838
146.839
146.84
146.841
146.842
146.843
146.844
146.845
146.846
146.847
146.848
146.849
146.85
146.851
146.852
146.853
146.854
146.855
146.856
146.857
146.858
146.859
146.86
146.861
146.862
146.863
146.864
146.865
146.866
146.867
146.868
146.869
146.87
146.871
146.872
146.873
146.874
146.875
146.876
146.877
146.878
146.879
146.88
146.881
146.882
146.883
146.884
146.885
146.886
146.887
146.888
146.889
146.89
146.891
146.892
146.893
146.894
146.895
146.896
146.897
146.898
146.899
146.9
146.901
146.902
146.903
146.904
146.905
146.906
146.907
146.908
146.909
146.91
146.911
146.912
146.913
146.914
146.915
146.916
146.917
146.918
146.919
146.92
146.921
146.922
146.923
146.924
146.925
146.926
146.927
146.928
146.929
146.93
146.931
146.932
146.933
146.934
146.935
146.936
146.937
146.938
146.939
146.94
146.941
146.942
146.943
146.944
146.945
146.946
146.947
146.948
146.949
146.95
146.951
146.952
146.953
146.954
146.955
146.956
146.957
146.958
146.959
146.96
146.961
146.962
146.963
146.964
146.965
146.966
146.967
146.968
146.969
146.97
146.971
146.972
146.973
146.974
146.975
146.976
146.977
146.978
146.979
146.98
146.981
146.982
146.983
146.984
146.985
146.986
146.987
146.988
146.989
146.99
146.991
146.992
146.993
146.994
146.995
146.996
146.997
146.998
146.999
147
147.001
147.002
147.003
147.004
147.005
147.006
147.007
147.008
147.009
147.01
147.011
147.012
147.013
147.014
147.015
147.016
147.017
147.018
147.019
147.02
147.021
147.022
147.023
147.024
147.025
147.026
147.027
147.028
147.029
147.03
147.031
147.032
147.033
147.034
147.035
147.036
147.037
147.038
147.039
147.04
147.041
147.042
147.043
147.044
147.045
147.046
147.047
147.048
147.049
147.05
147.051
147.052
147.053
147.054
147.055
147.056
147.057
147.058
147.059
147.06
147.061
147.062
147.063
147.064
147.065
147.066
147.067
147.068
147.069
147.07
147.071
147.072
147.073
147.074
147.075
147.076
147.077
147.078
147.079
147.08
147.081
147.082
147.083
147.084
147.085
147.086
147.087
147.088
147.089
147.09
147.091
147.092
147.093
147.094
147.095
147.096
147.097
147.098
147.099
147.1
147.101
147.102
147.103
147.104
147.105
147.106
147.107
147.108
147.109
147.11
147.111
147.112
147.113
147.114
147.115
147.116
147.117
147.118
147.119
147.12
147.121
147.122
147.123
147.124
147.125
147.126
147.127
147.128
147.129
147.13
147.131
147.132
147.133
147.134
147.135
147.136
147.137
147.138
147.139
147.14
147.141
147.142
147.143
147.144
147.145
147.146
147.147
147.148
147.149
147.15
147.151
147.152
147.153
147.154
147.155
147.156
147.157
147.158
147.159
147.16
147.161
147.162
147.163
147.164
147.165
147.166
147.167
147.168
147.169
147.17
147.171
147.172
147.173
147.174
147.175
147.176
147.177
147.178
147.179
147.18
147.181
147.182
147.183
147.184
147.185
147.186
147.187
147.188
147.189
147.19
147.191
147.192
147.193
147.194
147.195
147.196
147.197
147.198
147.199
147.2
147.201
147.202
147.203
147.204
147.205
147.206
147.207
147.208
147.209
147.21
147.211
147.212
147.213
147.214
147.215
147.216
147.217
147.218
147.219
147.22
147.221
147.222
147.223
147.224
147.225
147.226
147.227
147.228
147.229
147.23
147.231
147.232
147.233
147.234
147.235
147.236
147.237
147.238
147.239
147.24
147.241
147.242
147.243
147.244
147.245
147.246
147.247
147.248
147.249
147.25
147.251
147.252
147.253
147.254
147.255
147.256
147.257
147.258
147.259
147.26
147.261
147.262
147.263
147.264
147.265
147.266
147.267
147.268
147.269
147.27
147.271
147.272
147.273
147.274
147.275
147.276
147.277
147.278
147.279
147.28
147.281
147.282
147.283
147.284
147.285
147.286
147.287
147.288
147.289
147.29
147.291
147.292
147.293
147.294
147.295
147.296
147.297
147.298
147.299
147.3
147.301
147.302
147.303
147.304
147.305
147.306
147.307
147.308
147.309
147.31
147.311
147.312
147.313
147.314
147.315
147.316
147.317
147.318
147.319
147.32
147.321
147.322
147.323
147.324
147.325
147.326
147.327
147.328
147.329
147.33
147.331
147.332
147.333
147.334
147.335
147.336
147.337
147.338
147.339
147.34
147.341
147.342
147.343
147.344
147.345
147.346
147.347
147.348
147.349
147.35
147.351
147.352
147.353
147.354
147.355
147.356
147.357
147.358
147.359
147.36
147.361
147.362
147.363
147.364
147.365
147.366
147.367
147.368
147.369
147.37
147.371
147.372
147.373
147.374
147.375
147.376
147.377
147.378
147.379
147.38
147.381
147.382
147.383
147.384
147.385
147.386
147.387
147.388
147.389
147.39
147.391
147.392
147.393
147.394
147.395
147.396
147.397
147.398
147.399
147.4
147.401
147.402
147.403
147.404
147.405
147.406
147.407
147.408
147.409
147.41
147.411
147.412
147.413
147.414
147.415
147.416
147.417
147.418
147.419
147.42
147.421
147.422
147.423
147.424
147.425
147.426
147.427
147.428
147.429
147.43
147.431
147.432
147.433
147.434
147.435
147.436
147.437
147.438
147.439
147.44
147.441
147.442
147.443
147.444
147.445
147.446
147.447
147.448
147.449
147.45
147.451
147.452
147.453
147.454
147.455
147.456
147.457
147.458
147.459
147.46
147.461
147.462
147.463
147.464
147.465
147.466
147.467
147.468
147.469
147.47
147.471
147.472
147.473
147.474
147.475
147.476
147.477
147.478
147.479
147.48
147.481
147.482
147.483
147.484
147.485
147.486
147.487
147.488
147.489
147.49
147.491
147.492
147.493
147.494
147.495
147.496
147.497
147.498
147.499
147.5
147.501
147.502
147.503
147.504
147.505
147.506
147.507
147.508
147.509
147.51
147.511
147.512
147.513
147.514
147.515
147.516
147.517
147.518
147.519
147.52
147.521
147.522
147.523
147.524
147.525
147.526
147.527
147.528
147.529
147.53
147.531
147.532
147.533
147.534
147.535
147.536
147.537
147.538
147.539
147.54
147.541
147.542
147.543
147.544
147.545
147.546
147.547
147.548
147.549
147.55
147.551
147.552
147.553
147.554
147.555
147.556
147.557
147.558
147.559
147.56
147.561
147.562
147.563
147.564
147.565
147.566
147.567
147.568
147.569
147.57
147.571
147.572
147.573
147.574
147.575
147.576
147.577
147.578
147.579
147.58
147.581
147.582
147.583
147.584
147.585
147.586
147.587
147.588
147.589
147.59
147.591
147.592
147.593
147.594
147.595
147.596
147.597
147.598
147.599
147.6
147.601
147.602
147.603
147.604
147.605
147.606
147.607
147.608
147.609
147.61
147.611
147.612
147.613
147.614
147.615
147.616
147.617
147.618
147.619
147.62
147.621
147.622
147.623
147.624
147.625
147.626
147.627
147.628
147.629
147.63
147.631
147.632
147.633
147.634
147.635
147.636
147.637
147.638
147.639
147.64
147.641
147.642
147.643
147.644
147.645
147.646
147.647
147.648
147.649
147.65
147.651
147.652
147.653
147.654
147.655
147.656
147.657
147.658
147.659
147.66
147.661
147.662
147.663
147.664
147.665
147.666
147.667
147.668
147.669
147.67
147.671
147.672
147.673
147.674
147.675
147.676
147.677
147.678
147.679
147.68
147.681
147.682
147.683
147.684
147.685
147.686
147.687
147.688
147.689
147.69
147.691
147.692
147.693
147.694
147.695
147.696
147.697
147.698
147.699
147.7
147.701
147.702
147.703
147.704
147.705
147.706
147.707
147.708
147.709
147.71
147.711
147.712
147.713
147.714
147.715
147.716
147.717
147.718
147.719
147.72
147.721
147.722
147.723
147.724
147.725
147.726
147.727
147.728
147.729
147.73
147.731
147.732
147.733
147.734
147.735
147.736
147.737
147.738
147.739
147.74
147.741
147.742
147.743
147.744
147.745
147.746
147.747
147.748
147.749
147.75
147.751
147.752
147.753
147.754
147.755
147.756
147.757
147.758
147.759
147.76
147.761
147.762
147.763
147.764
147.765
147.766
147.767
147.768
147.769
147.77
147.771
147.772
147.773
147.774
147.775
147.776
147.777
147.778
147.779
147.78
147.781
147.782
147.783
147.784
147.785
147.786
147.787
147.788
147.789
147.79
147.791
147.792
147.793
147.794
147.795
147.796
147.797
147.798
147.799
147.8
147.801
147.802
147.803
147.804
147.805
147.806
147.807
147.808
147.809
147.81
147.811
147.812
147.813
147.814
147.815
147.816
147.817
147.818
147.819
147.82
147.821
147.822
147.823
147.824
147.825
147.826
147.827
147.828
147.829
147.83
147.831
147.832
147.833
147.834
147.835
147.836
147.837
147.838
147.839
147.84
147.841
147.842
147.843
147.844
147.845
147.846
147.847
147.848
147.849
147.85
147.851
147.852
147.853
147.854
147.855
147.856
147.857
147.858
147.859
147.86
147.861
147.862
147.863
147.864
147.865
147.866
147.867
147.868
147.869
147.87
147.871
147.872
147.873
147.874
147.875
147.876
147.877
147.878
147.879
147.88
147.881
147.882
147.883
147.884
147.885
147.886
147.887
147.888
147.889
147.89
147.891
147.892
147.893
147.894
147.895
147.896
147.897
147.898
147.899
147.9
147.901
147.902
147.903
147.904
147.905
147.906
147.907
147.908
147.909
147.91
147.911
147.912
147.913
147.914
147.915
147.916
147.917
147.918
147.919
147.92
147.921
147.922
147.923
147.924
147.925
147.926
147.927
147.928
147.929
147.93
147.931
147.932
147.933
147.934
147.935
147.936
147.937
147.938
147.939
147.94
147.941
147.942
147.943
147.944
147.945
147.946
147.947
147.948
147.949
147.95
147.951
147.952
147.953
147.954
147.955
147.956
147.957
147.958
147.959
147.96
147.961
147.962
147.963
147.964
147.965
147.966
147.967
147.968
147.969
147.97
147.971
147.972
147.973
147.974
147.975
147.976
147.977
147.978
147.979
147.98
147.981
147.982
147.983
147.984
147.985
147.986
147.987
147.988
147.989
147.99
147.991
147.992
147.993
147.994
147.995
147.996
147.997
147.998
147.999
148
148.001
148.002
148.003
148.004
148.005
148.006
148.007
148.008
148.009
148.01
148.011
148.012
148.013
148.014
148.015
148.016
148.017
148.018
148.019
148.02
148.021
148.022
148.023
148.024
148.025
148.026
148.027
148.028
148.029
148.03
148.031
148.032
148.033
148.034
148.035
148.036
148.037
148.038
148.039
148.04
148.041
148.042
148.043
148.044
148.045
148.046
148.047
148.048
148.049
148.05
148.051
148.052
148.053
148.054
148.055
148.056
148.057
148.058
148.059
148.06
148.061
148.062
148.063
148.064
148.065
148.066
148.067
148.068
148.069
148.07
148.071
148.072
148.073
148.074
148.075
148.076
148.077
148.078
148.079
148.08
148.081
148.082
148.083
148.084
148.085
148.086
148.087
148.088
148.089
148.09
148.091
148.092
148.093
148.094
148.095
148.096
148.097
148.098
148.099
148.1
148.101
148.102
148.103
148.104
148.105
148.106
148.107
148.108
148.109
148.11
148.111
148.112
148.113
148.114
148.115
148.116
148.117
148.118
148.119
148.12
148.121
148.122
148.123
148.124
148.125
148.126
148.127
148.128
148.129
148.13
148.131
148.132
148.133
148.134
148.135
148.136
148.137
148.138
148.139
148.14
148.141
148.142
148.143
148.144
148.145
148.146
148.147
148.148
148.149
148.15
148.151
148.152
148.153
148.154
148.155
148.156
148.157
148.158
148.159
148.16
148.161
148.162
148.163
148.164
148.165
148.166
148.167
148.168
148.169
148.17
148.171
148.172
148.173
148.174
148.175
148.176
148.177
148.178
148.179
148.18
148.181
148.182
148.183
148.184
148.185
148.186
148.187
148.188
148.189
148.19
148.191
148.192
148.193
148.194
148.195
148.196
148.197
148.198
148.199
148.2
148.201
148.202
148.203
148.204
148.205
148.206
148.207
148.208
148.209
148.21
148.211
148.212
148.213
148.214
148.215
148.216
148.217
148.218
148.219
148.22
148.221
148.222
148.223
148.224
148.225
148.226
148.227
148.228
148.229
148.23
148.231
148.232
148.233
148.234
148.235
148.236
148.237
148.238
148.239
148.24
148.241
148.242
148.243
148.244
148.245
148.246
148.247
148.248
148.249
148.25
148.251
148.252
148.253
148.254
148.255
148.256
148.257
148.258
148.259
148.26
148.261
148.262
148.263
148.264
148.265
148.266
148.267
148.268
148.269
148.27
148.271
148.272
148.273
148.274
148.275
148.276
148.277
148.278
148.279
148.28
148.281
148.282
148.283
148.284
148.285
148.286
148.287
148.288
148.289
148.29
148.291
148.292
148.293
148.294
148.295
148.296
148.297
148.298
148.299
148.3
148.301
148.302
148.303
148.304
148.305
148.306
148.307
148.308
148.309
148.31
148.311
148.312
148.313
148.314
148.315
148.316
148.317
148.318
148.319
148.32
148.321
148.322
148.323
148.324
148.325
148.326
148.327
148.328
148.329
148.33
148.331
148.332
148.333
148.334
148.335
148.336
148.337
148.338
148.339
148.34
148.341
148.342
148.343
148.344
148.345
148.346
148.347
148.348
148.349
148.35
148.351
148.352
148.353
148.354
148.355
148.356
148.357
148.358
148.359
148.36
148.361
148.362
148.363
148.364
148.365
148.366
148.367
148.368
148.369
148.37
148.371
148.372
148.373
148.374
148.375
148.376
148.377
148.378
148.379
148.38
148.381
148.382
148.383
148.384
148.385
148.386
148.387
148.388
148.389
148.39
148.391
148.392
148.393
148.394
148.395
148.396
148.397
148.398
148.399
148.4
148.401
148.402
148.403
148.404
148.405
148.406
148.407
148.408
148.409
148.41
148.411
148.412
148.413
148.414
148.415
148.416
148.417
148.418
148.419
148.42
148.421
148.422
148.423
148.424
148.425
148.426
148.427
148.428
148.429
148.43
148.431
148.432
148.433
148.434
148.435
148.436
148.437
148.438
148.439
148.44
148.441
148.442
148.443
148.444
148.445
148.446
148.447
148.448
148.449
148.45
148.451
148.452
148.453
148.454
148.455
148.456
148.457
148.458
148.459
148.46
148.461
148.462
148.463
148.464
148.465
148.466
148.467
148.468
148.469
148.47
148.471
148.472
148.473
148.474
148.475
148.476
148.477
148.478
148.479
148.48
148.481
148.482
148.483
148.484
148.485
148.486
148.487
148.488
148.489
148.49
148.491
148.492
148.493
148.494
148.495
148.496
148.497
148.498
148.499
148.5
148.501
148.502
148.503
148.504
148.505
148.506
148.507
148.508
148.509
148.51
148.511
148.512
148.513
148.514
148.515
148.516
148.517
148.518
148.519
148.52
148.521
148.522
148.523
148.524
148.525
148.526
148.527
148.528
148.529
148.53
148.531
148.532
148.533
148.534
148.535
148.536
148.537
148.538
148.539
148.54
148.541
148.542
148.543
148.544
148.545
148.546
148.547
148.548
148.549
148.55
148.551
148.552
148.553
148.554
148.555
148.556
148.557
148.558
148.559
148.56
148.561
148.562
148.563
148.564
148.565
148.566
148.567
148.568
148.569
148.57
148.571
148.572
148.573
148.574
148.575
148.576
148.577
148.578
148.579
148.58
148.581
148.582
148.583
148.584
148.585
148.586
148.587
148.588
148.589
148.59
148.591
148.592
148.593
148.594
148.595
148.596
148.597
148.598
148.599
148.6
148.601
148.602
148.603
148.604
148.605
148.606
148.607
148.608
148.609
148.61
148.611
148.612
148.613
148.614
148.615
148.616
148.617
148.618
148.619
148.62
148.621
148.622
148.623
148.624
148.625
148.626
148.627
148.628
148.629
148.63
148.631
148.632
148.633
148.634
148.635
148.636
148.637
148.638
148.639
148.64
148.641
148.642
148.643
148.644
148.645
148.646
148.647
148.648
148.649
148.65
148.651
148.652
148.653
148.654
148.655
148.656
148.657
148.658
148.659
148.66
148.661
148.662
148.663
148.664
148.665
148.666
148.667
148.668
148.669
148.67
148.671
148.672
148.673
148.674
148.675
148.676
148.677
148.678
148.679
148.68
148.681
148.682
148.683
148.684
148.685
148.686
148.687
148.688
148.689
148.69
148.691
148.692
148.693
148.694
148.695
148.696
148.697
148.698
148.699
148.7
148.701
148.702
148.703
148.704
148.705
148.706
148.707
148.708
148.709
148.71
148.711
148.712
148.713
148.714
148.715
148.716
148.717
148.718
148.719
148.72
148.721
148.722
148.723
148.724
148.725
148.726
148.727
148.728
148.729
148.73
148.731
148.732
148.733
148.734
148.735
148.736
148.737
148.738
148.739
148.74
148.741
148.742
148.743
148.744
148.745
148.746
148.747
148.748
148.749
148.75
148.751
148.752
148.753
148.754
148.755
148.756
148.757
148.758
148.759
148.76
148.761
148.762
148.763
148.764
148.765
148.766
148.767
148.768
148.769
148.77
148.771
148.772
148.773
148.774
148.775
148.776
148.777
148.778
148.779
148.78
148.781
148.782
148.783
148.784
148.785
148.786
148.787
148.788
148.789
148.79
148.791
148.792
148.793
148.794
148.795
148.796
148.797
148.798
148.799
148.8
148.801
148.802
148.803
148.804
148.805
148.806
148.807
148.808
148.809
148.81
148.811
148.812
148.813
148.814
148.815
148.816
148.817
148.818
148.819
148.82
148.821
148.822
148.823
148.824
148.825
148.826
148.827
148.828
148.829
148.83
148.831
148.832
148.833
148.834
148.835
148.836
148.837
148.838
148.839
148.84
148.841
148.842
148.843
148.844
148.845
148.846
148.847
148.848
148.849
148.85
148.851
148.852
148.853
148.854
148.855
148.856
148.857
148.858
148.859
148.86
148.861
148.862
148.863
148.864
148.865
148.866
148.867
148.868
148.869
148.87
148.871
148.872
148.873
148.874
148.875
148.876
148.877
148.878
148.879
148.88
148.881
148.882
148.883
148.884
148.885
148.886
148.887
148.888
148.889
148.89
148.891
148.892
148.893
148.894
148.895
148.896
148.897
148.898
148.899
148.9
148.901
148.902
148.903
148.904
148.905
148.906
148.907
148.908
148.909
148.91
148.911
148.912
148.913
148.914
148.915
148.916
148.917
148.918
148.919
148.92
148.921
148.922
148.923
148.924
148.925
148.926
148.927
148.928
148.929
148.93
148.931
148.932
148.933
148.934
148.935
148.936
148.937
148.938
148.939
148.94
148.941
148.942
148.943
148.944
148.945
148.946
148.947
148.948
148.949
148.95
148.951
148.952
148.953
148.954
148.955
148.956
148.957
148.958
148.959
148.96
148.961
148.962
148.963
148.964
148.965
148.966
148.967
148.968
148.969
148.97
148.971
148.972
148.973
148.974
148.975
148.976
148.977
148.978
148.979
148.98
148.981
148.982
148.983
148.984
148.985
148.986
148.987
148.988
148.989
148.99
148.991
148.992
148.993
148.994
148.995
148.996
148.997
148.998
148.999
149
149.001
149.002
149.003
149.004
149.005
149.006
149.007
149.008
149.009
149.01
149.011
149.012
149.013
149.014
149.015
149.016
149.017
149.018
149.019
149.02
149.021
149.022
149.023
149.024
149.025
149.026
149.027
149.028
149.029
149.03
149.031
149.032
149.033
149.034
149.035
149.036
149.037
149.038
149.039
149.04
149.041
149.042
149.043
149.044
149.045
149.046
149.047
149.048
149.049
149.05
149.051
149.052
149.053
149.054
149.055
149.056
149.057
149.058
149.059
149.06
149.061
149.062
149.063
149.064
149.065
149.066
149.067
149.068
149.069
149.07
149.071
149.072
149.073
149.074
149.075
149.076
149.077
149.078
149.079
149.08
149.081
149.082
149.083
149.084
149.085
149.086
149.087
149.088
149.089
149.09
149.091
149.092
149.093
149.094
149.095
149.096
149.097
149.098
149.099
149.1
149.101
149.102
149.103
149.104
149.105
149.106
149.107
149.108
149.109
149.11
149.111
149.112
149.113
149.114
149.115
149.116
149.117
149.118
149.119
149.12
149.121
149.122
149.123
149.124
149.125
149.126
149.127
149.128
149.129
149.13
149.131
149.132
149.133
149.134
149.135
149.136
149.137
149.138
149.139
149.14
149.141
149.142
149.143
149.144
149.145
149.146
149.147
149.148
149.149
149.15
149.151
149.152
149.153
149.154
149.155
149.156
149.157
149.158
149.159
149.16
149.161
149.162
149.163
149.164
149.165
149.166
149.167
149.168
149.169
149.17
149.171
149.172
149.173
149.174
149.175
149.176
149.177
149.178
149.179
149.18
149.181
149.182
149.183
149.184
149.185
149.186
149.187
149.188
149.189
149.19
149.191
149.192
149.193
149.194
149.195
149.196
149.197
149.198
149.199
149.2
149.201
149.202
149.203
149.204
149.205
149.206
149.207
149.208
149.209
149.21
149.211
149.212
149.213
149.214
149.215
149.216
149.217
149.218
149.219
149.22
149.221
149.222
149.223
149.224
149.225
149.226
149.227
149.228
149.229
149.23
149.231
149.232
149.233
149.234
149.235
149.236
149.237
149.238
149.239
149.24
149.241
149.242
149.243
149.244
149.245
149.246
149.247
149.248
149.249
149.25
149.251
149.252
149.253
149.254
149.255
149.256
149.257
149.258
149.259
149.26
149.261
149.262
149.263
149.264
149.265
149.266
149.267
149.268
149.269
149.27
149.271
149.272
149.273
149.274
149.275
149.276
149.277
149.278
149.279
149.28
149.281
149.282
149.283
149.284
149.285
149.286
149.287
149.288
149.289
149.29
149.291
149.292
149.293
149.294
149.295
149.296
149.297
149.298
149.299
149.3
149.301
149.302
149.303
149.304
149.305
149.306
149.307
149.308
149.309
149.31
149.311
149.312
149.313
149.314
149.315
149.316
149.317
149.318
149.319
149.32
149.321
149.322
149.323
149.324
149.325
149.326
149.327
149.328
149.329
149.33
149.331
149.332
149.333
149.334
149.335
149.336
149.337
149.338
149.339
149.34
149.341
149.342
149.343
149.344
149.345
149.346
149.347
149.348
149.349
149.35
149.351
149.352
149.353
149.354
149.355
149.356
149.357
149.358
149.359
149.36
149.361
149.362
149.363
149.364
149.365
149.366
149.367
149.368
149.369
149.37
149.371
149.372
149.373
149.374
149.375
149.376
149.377
149.378
149.379
149.38
149.381
149.382
149.383
149.384
149.385
149.386
149.387
149.388
149.389
149.39
149.391
149.392
149.393
149.394
149.395
149.396
149.397
149.398
149.399
149.4
149.401
149.402
149.403
149.404
149.405
149.406
149.407
149.408
149.409
149.41
149.411
149.412
149.413
149.414
149.415
149.416
149.417
149.418
149.419
149.42
149.421
149.422
149.423
149.424
149.425
149.426
149.427
149.428
149.429
149.43
149.431
149.432
149.433
149.434
149.435
149.436
149.437
149.438
149.439
149.44
149.441
149.442
149.443
149.444
149.445
149.446
149.447
149.448
149.449
149.45
149.451
149.452
149.453
149.454
149.455
149.456
149.457
149.458
149.459
149.46
149.461
149.462
149.463
149.464
149.465
149.466
149.467
149.468
149.469
149.47
149.471
149.472
149.473
149.474
149.475
149.476
149.477
149.478
149.479
149.48
149.481
149.482
149.483
149.484
149.485
149.486
149.487
149.488
149.489
149.49
149.491
149.492
149.493
149.494
149.495
149.496
149.497
149.498
149.499
149.5
149.501
149.502
149.503
149.504
149.505
149.506
149.507
149.508
149.509
149.51
149.511
149.512
149.513
149.514
149.515
149.516
149.517
149.518
149.519
149.52
149.521
149.522
149.523
149.524
149.525
149.526
149.527
149.528
149.529
149.53
149.531
149.532
149.533
149.534
149.535
149.536
149.537
149.538
149.539
149.54
149.541
149.542
149.543
149.544
149.545
149.546
149.547
149.548
149.549
149.55
149.551
149.552
149.553
149.554
149.555
149.556
149.557
149.558
149.559
149.56
149.561
149.562
149.563
149.564
149.565
149.566
149.567
149.568
149.569
149.57
149.571
149.572
149.573
149.574
149.575
149.576
149.577
149.578
149.579
149.58
149.581
149.582
149.583
149.584
149.585
149.586
149.587
149.588
149.589
149.59
149.591
149.592
149.593
149.594
149.595
149.596
149.597
149.598
149.599
149.6
149.601
149.602
149.603
149.604
149.605
149.606
149.607
149.608
149.609
149.61
149.611
149.612
149.613
149.614
149.615
149.616
149.617
149.618
149.619
149.62
149.621
149.622
149.623
149.624
149.625
149.626
149.627
149.628
149.629
149.63
149.631
149.632
149.633
149.634
149.635
149.636
149.637
149.638
149.639
149.64
149.641
149.642
149.643
149.644
149.645
149.646
149.647
149.648
149.649
149.65
149.651
149.652
149.653
149.654
149.655
149.656
149.657
149.658
149.659
149.66
149.661
149.662
149.663
149.664
149.665
149.666
149.667
149.668
149.669
149.67
149.671
149.672
149.673
149.674
149.675
149.676
149.677
149.678
149.679
149.68
149.681
149.682
149.683
149.684
149.685
149.686
149.687
149.688
149.689
149.69
149.691
149.692
149.693
149.694
149.695
149.696
149.697
149.698
149.699
149.7
149.701
149.702
149.703
149.704
149.705
149.706
149.707
149.708
149.709
149.71
149.711
149.712
149.713
149.714
149.715
149.716
149.717
149.718
149.719
149.72
149.721
149.722
149.723
149.724
149.725
149.726
149.727
149.728
149.729
149.73
149.731
149.732
149.733
149.734
149.735
149.736
149.737
149.738
149.739
149.74
149.741
149.742
149.743
149.744
149.745
149.746
149.747
149.748
149.749
149.75
149.751
149.752
149.753
149.754
149.755
149.756
149.757
149.758
149.759
149.76
149.761
149.762
149.763
149.764
149.765
149.766
149.767
149.768
149.769
149.77
149.771
149.772
149.773
149.774
149.775
149.776
149.777
149.778
149.779
149.78
149.781
149.782
149.783
149.784
149.785
149.786
149.787
149.788
149.789
149.79
149.791
149.792
149.793
149.794
149.795
149.796
149.797
149.798
149.799
149.8
149.801
149.802
149.803
149.804
149.805
149.806
149.807
149.808
149.809
149.81
149.811
149.812
149.813
149.814
149.815
149.816
149.817
149.818
149.819
149.82
149.821
149.822
149.823
149.824
149.825
149.826
149.827
149.828
149.829
149.83
149.831
149.832
149.833
149.834
149.835
149.836
149.837
149.838
149.839
149.84
149.841
149.842
149.843
149.844
149.845
149.846
149.847
149.848
149.849
149.85
149.851
149.852
149.853
149.854
149.855
149.856
149.857
149.858
149.859
149.86
149.861
149.862
149.863
149.864
149.865
149.866
149.867
149.868
149.869
149.87
149.871
149.872
149.873
149.874
149.875
149.876
149.877
149.878
149.879
149.88
149.881
149.882
149.883
149.884
149.885
149.886
149.887
149.888
149.889
149.89
149.891
149.892
149.893
149.894
149.895
149.896
149.897
149.898
149.899
149.9
149.901
149.902
149.903
149.904
149.905
149.906
149.907
149.908
149.909
149.91
149.911
149.912
149.913
149.914
149.915
149.916
149.917
149.918
149.919
149.92
149.921
149.922
149.923
149.924
149.925
149.926
149.927
149.928
149.929
149.93
149.931
149.932
149.933
149.934
149.935
149.936
149.937
149.938
149.939
149.94
149.941
149.942
149.943
149.944
149.945
149.946
149.947
149.948
149.949
149.95
149.951
149.952
149.953
149.954
149.955
149.956
149.957
149.958
149.959
149.96
149.961
149.962
149.963
149.964
149.965
149.966
149.967
149.968
149.969
149.97
149.971
149.972
149.973
149.974
149.975
149.976
149.977
149.978
149.979
149.98
149.981
149.982
149.983
149.984
149.985
149.986
149.987
149.988
149.989
149.99
149.991
149.992
149.993
149.994
149.995
149.996
149.997
149.998
149.999
150
150.001
150.002
150.003
150.004
150.005
150.006
150.007
150.008
150.009
150.01
150.011
150.012
150.013
150.014
150.015
150.016
150.017
150.018
150.019
150.02
150.021
150.022
150.023
150.024
150.025
150.026
150.027
150.028
150.029
150.03
150.031
150.032
150.033
150.034
150.035
150.036
150.037
150.038
150.039
150.04
150.041
150.042
150.043
150.044
150.045
150.046
150.047
150.048
150.049
150.05
150.051
150.052
150.053
150.054
150.055
150.056
150.057
150.058
150.059
150.06
150.061
150.062
150.063
150.064
150.065
150.066
150.067
150.068
150.069
150.07
150.071
150.072
150.073
150.074
150.075
150.076
150.077
150.078
150.079
150.08
150.081
150.082
150.083
150.084
150.085
150.086
150.087
150.088
150.089
150.09
150.091
150.092
150.093
150.094
150.095
150.096
150.097
150.098
150.099
150.1
150.101
150.102
150.103
150.104
150.105
150.106
150.107
150.108
150.109
150.11
150.111
150.112
150.113
150.114
150.115
150.116
150.117
150.118
150.119
150.12
150.121
150.122
150.123
150.124
150.125
150.126
150.127
150.128
150.129
150.13
150.131
150.132
150.133
150.134
150.135
150.136
150.137
150.138
150.139
150.14
150.141
150.142
150.143
150.144
150.145
150.146
150.147
150.148
150.149
150.15
150.151
150.152
150.153
150.154
150.155
150.156
150.157
150.158
150.159
150.16
150.161
150.162
150.163
150.164
150.165
150.166
150.167
150.168
150.169
150.17
150.171
150.172
150.173
150.174
150.175
150.176
150.177
150.178
150.179
150.18
150.181
150.182
150.183
150.184
150.185
150.186
150.187
150.188
150.189
150.19
150.191
150.192
150.193
150.194
150.195
150.196
150.197
150.198
150.199
150.2
150.201
150.202
150.203
150.204
150.205
150.206
150.207
150.208
150.209
150.21
150.211
150.212
150.213
150.214
150.215
150.216
150.217
150.218
150.219
150.22
150.221
150.222
150.223
150.224
150.225
150.226
150.227
150.228
150.229
150.23
150.231
150.232
150.233
150.234
150.235
150.236
150.237
150.238
150.239
150.24
150.241
150.242
150.243
150.244
150.245
150.246
150.247
150.248
150.249
150.25
150.251
150.252
150.253
150.254
150.255
150.256
150.257
150.258
150.259
150.26
150.261
150.262
150.263
150.264
150.265
150.266
150.267
150.268
150.269
150.27
150.271
150.272
150.273
150.274
150.275
150.276
150.277
150.278
150.279
150.28
150.281
150.282
150.283
150.284
150.285
150.286
150.287
150.288
150.289
150.29
150.291
150.292
150.293
150.294
150.295
150.296
150.297
150.298
150.299
150.3
150.301
150.302
150.303
150.304
150.305
150.306
150.307
150.308
150.309
150.31
150.311
150.312
150.313
150.314
150.315
150.316
150.317
150.318
150.319
150.32
150.321
150.322
150.323
150.324
150.325
150.326
150.327
150.328
150.329
150.33
150.331
150.332
150.333
150.334
150.335
150.336
150.337
150.338
150.339
150.34
150.341
150.342
150.343
150.344
150.345
150.346
150.347
150.348
150.349
150.35
150.351
150.352
150.353
150.354
150.355
150.356
150.357
150.358
150.359
150.36
150.361
150.362
150.363
150.364
150.365
150.366
150.367
150.368
150.369
150.37
150.371
150.372
150.373
150.374
150.375
150.376
150.377
150.378
150.379
150.38
150.381
150.382
150.383
150.384
150.385
150.386
150.387
150.388
150.389
150.39
150.391
150.392
150.393
150.394
150.395
150.396
150.397
150.398
150.399
150.4
150.401
150.402
150.403
150.404
150.405
150.406
150.407
150.408
150.409
150.41
150.411
150.412
150.413
150.414
150.415
150.416
150.417
150.418
150.419
150.42
150.421
150.422
150.423
150.424
150.425
150.426
150.427
150.428
150.429
150.43
150.431
150.432
150.433
150.434
150.435
150.436
150.437
150.438
150.439
150.44
150.441
150.442
150.443
150.444
150.445
150.446
150.447
150.448
150.449
150.45
150.451
150.452
150.453
150.454
150.455
150.456
150.457
150.458
150.459
150.46
150.461
150.462
150.463
150.464
150.465
150.466
150.467
150.468
150.469
150.47
150.471
150.472
150.473
150.474
150.475
150.476
150.477
150.478
150.479
150.48
150.481
150.482
150.483
150.484
150.485
150.486
150.487
150.488
150.489
150.49
150.491
150.492
150.493
150.494
150.495
150.496
150.497
150.498
150.499
150.5
150.501
150.502
150.503
150.504
150.505
150.506
150.507
150.508
150.509
150.51
150.511
150.512
150.513
150.514
150.515
150.516
150.517
150.518
150.519
150.52
150.521
150.522
150.523
150.524
150.525
150.526
150.527
150.528
150.529
150.53
150.531
150.532
150.533
150.534
150.535
150.536
150.537
150.538
150.539
150.54
150.541
150.542
150.543
150.544
150.545
150.546
150.547
150.548
150.549
150.55
150.551
150.552
150.553
150.554
150.555
150.556
150.557
150.558
150.559
150.56
150.561
150.562
150.563
150.564
150.565
150.566
150.567
150.568
150.569
150.57
150.571
150.572
150.573
150.574
150.575
150.576
150.577
150.578
150.579
150.58
150.581
150.582
150.583
150.584
150.585
150.586
150.587
150.588
150.589
150.59
150.591
150.592
150.593
150.594
150.595
150.596
150.597
150.598
150.599
150.6
150.601
150.602
150.603
150.604
150.605
150.606
150.607
150.608
150.609
150.61
150.611
150.612
150.613
150.614
150.615
150.616
150.617
150.618
150.619
150.62
150.621
150.622
150.623
150.624
150.625
150.626
150.627
150.628
150.629
150.63
150.631
150.632
150.633
150.634
150.635
150.636
150.637
150.638
150.639
150.64
150.641
150.642
150.643
150.644
150.645
150.646
150.647
150.648
150.649
150.65
150.651
150.652
150.653
150.654
150.655
150.656
150.657
150.658
150.659
150.66
150.661
150.662
150.663
150.664
150.665
150.666
150.667
150.668
150.669
150.67
150.671
150.672
150.673
150.674
150.675
150.676
150.677
150.678
150.679
150.68
150.681
150.682
150.683
150.684
150.685
150.686
150.687
150.688
150.689
150.69
150.691
150.692
150.693
150.694
150.695
150.696
150.697
150.698
150.699
150.7
150.701
150.702
150.703
150.704
150.705
150.706
150.707
150.708
150.709
150.71
150.711
150.712
150.713
150.714
150.715
150.716
150.717
150.718
150.719
150.72
150.721
150.722
150.723
150.724
150.725
150.726
150.727
150.728
150.729
150.73
150.731
150.732
150.733
150.734
150.735
150.736
150.737
150.738
150.739
150.74
150.741
150.742
150.743
150.744
150.745
150.746
150.747
150.748
150.749
150.75
150.751
150.752
150.753
150.754
150.755
150.756
150.757
150.758
150.759
150.76
150.761
150.762
150.763
150.764
150.765
150.766
150.767
150.768
150.769
150.77
150.771
150.772
150.773
150.774
150.775
150.776
150.777
150.778
150.779
150.78
150.781
150.782
150.783
150.784
150.785
150.786
150.787
150.788
150.789
150.79
150.791
150.792
150.793
150.794
150.795
150.796
150.797
150.798
150.799
150.8
150.801
150.802
150.803
150.804
150.805
150.806
150.807
150.808
150.809
150.81
150.811
150.812
150.813
150.814
150.815
150.816
150.817
150.818
150.819
150.82
150.821
150.822
150.823
150.824
150.825
150.826
150.827
150.828
150.829
150.83
150.831
150.832
150.833
150.834
150.835
150.836
150.837
150.838
150.839
150.84
150.841
150.842
150.843
150.844
150.845
150.846
150.847
150.848
150.849
150.85
150.851
150.852
150.853
150.854
150.855
150.856
150.857
150.858
150.859
150.86
150.861
150.862
150.863
150.864
150.865
150.866
150.867
150.868
150.869
150.87
150.871
150.872
150.873
150.874
150.875
150.876
150.877
150.878
150.879
150.88
150.881
150.882
150.883
150.884
150.885
150.886
150.887
150.888
150.889
150.89
150.891
150.892
150.893
150.894
150.895
150.896
150.897
150.898
150.899
150.9
150.901
150.902
150.903
150.904
150.905
150.906
150.907
150.908
150.909
150.91
150.911
150.912
150.913
150.914
150.915
150.916
150.917
150.918
150.919
150.92
150.921
150.922
150.923
150.924
150.925
150.926
150.927
150.928
150.929
150.93
150.931
150.932
150.933
150.934
150.935
150.936
150.937
150.938
150.939
150.94
150.941
150.942
150.943
150.944
150.945
150.946
150.947
150.948
150.949
150.95
150.951
150.952
150.953
150.954
150.955
150.956
150.957
150.958
150.959
150.96
150.961
150.962
150.963
150.964
150.965
150.966
150.967
150.968
150.969
150.97
150.971
150.972
150.973
150.974
150.975
150.976
150.977
150.978
150.979
150.98
150.981
150.982
150.983
150.984
150.985
150.986
150.987
150.988
150.989
150.99
150.991
150.992
150.993
150.994
150.995
150.996
150.997
150.998
150.999
151
151.001
151.002
151.003
151.004
151.005
151.006
151.007
151.008
151.009
151.01
151.011
151.012
151.013
151.014
151.015
151.016
151.017
151.018
151.019
151.02
151.021
151.022
151.023
151.024
151.025
151.026
151.027
151.028
151.029
151.03
151.031
151.032
151.033
151.034
151.035
151.036
151.037
151.038
151.039
151.04
151.041
151.042
151.043
151.044
151.045
151.046
151.047
151.048
151.049
151.05
151.051
151.052
151.053
151.054
151.055
151.056
151.057
151.058
151.059
151.06
151.061
151.062
151.063
151.064
151.065
151.066
151.067
151.068
151.069
151.07
151.071
151.072
151.073
151.074
151.075
151.076
151.077
151.078
151.079
151.08
151.081
151.082
151.083
151.084
151.085
151.086
151.087
151.088
151.089
151.09
151.091
151.092
151.093
151.094
151.095
151.096
151.097
151.098
151.099
151.1
151.101
151.102
151.103
151.104
151.105
151.106
151.107
151.108
151.109
151.11
151.111
151.112
151.113
151.114
151.115
151.116
151.117
151.118
151.119
151.12
151.121
151.122
151.123
151.124
151.125
151.126
151.127
151.128
151.129
151.13
151.131
151.132
151.133
151.134
151.135
151.136
151.137
151.138
151.139
151.14
151.141
151.142
151.143
151.144
151.145
151.146
151.147
151.148
151.149
151.15
151.151
151.152
151.153
151.154
151.155
151.156
151.157
151.158
151.159
151.16
151.161
151.162
151.163
151.164
151.165
151.166
151.167
151.168
151.169
151.17
151.171
151.172
151.173
151.174
151.175
151.176
151.177
151.178
151.179
151.18
151.181
151.182
151.183
151.184
151.185
151.186
151.187
151.188
151.189
151.19
151.191
151.192
151.193
151.194
151.195
151.196
151.197
151.198
151.199
151.2
151.201
151.202
151.203
151.204
151.205
151.206
151.207
151.208
151.209
151.21
151.211
151.212
151.213
151.214
151.215
151.216
151.217
151.218
151.219
151.22
151.221
151.222
151.223
151.224
151.225
151.226
151.227
151.228
151.229
151.23
151.231
151.232
151.233
151.234
151.235
151.236
151.237
151.238
151.239
151.24
151.241
151.242
151.243
151.244
151.245
151.246
151.247
151.248
151.249
151.25
151.251
151.252
151.253
151.254
151.255
151.256
151.257
151.258
151.259
151.26
151.261
151.262
151.263
151.264
151.265
151.266
151.267
151.268
151.269
151.27
151.271
151.272
151.273
151.274
151.275
151.276
151.277
151.278
151.279
151.28
151.281
151.282
151.283
151.284
151.285
151.286
151.287
151.288
151.289
151.29
151.291
151.292
151.293
151.294
151.295
151.296
151.297
151.298
151.299
151.3
151.301
151.302
151.303
151.304
151.305
151.306
151.307
151.308
151.309
151.31
151.311
151.312
151.313
151.314
151.315
151.316
151.317
151.318
151.319
151.32
151.321
151.322
151.323
151.324
151.325
151.326
151.327
151.328
151.329
151.33
151.331
151.332
151.333
151.334
151.335
151.336
151.337
151.338
151.339
151.34
151.341
151.342
151.343
151.344
151.345
151.346
151.347
151.348
151.349
151.35
151.351
151.352
151.353
151.354
151.355
151.356
151.357
151.358
151.359
151.36
151.361
151.362
151.363
151.364
151.365
151.366
151.367
151.368
151.369
151.37
151.371
151.372
151.373
151.374
151.375
151.376
151.377
151.378
151.379
151.38
151.381
151.382
151.383
151.384
151.385
151.386
151.387
151.388
151.389
151.39
151.391
151.392
151.393
151.394
151.395
151.396
151.397
151.398
151.399
151.4
151.401
151.402
151.403
151.404
151.405
151.406
151.407
151.408
151.409
151.41
151.411
151.412
151.413
151.414
151.415
151.416
151.417
151.418
151.419
151.42
151.421
151.422
151.423
151.424
151.425
151.426
151.427
151.428
151.429
151.43
151.431
151.432
151.433
151.434
151.435
151.436
151.437
151.438
151.439
151.44
151.441
151.442
151.443
151.444
151.445
151.446
151.447
151.448
151.449
151.45
151.451
151.452
151.453
151.454
151.455
151.456
151.457
151.458
151.459
151.46
151.461
151.462
151.463
151.464
151.465
151.466
151.467
151.468
151.469
151.47
151.471
151.472
151.473
151.474
151.475
151.476
151.477
151.478
151.479
151.48
151.481
151.482
151.483
151.484
151.485
151.486
151.487
151.488
151.489
151.49
151.491
151.492
151.493
151.494
151.495
151.496
151.497
151.498
151.499
151.5
151.501
151.502
151.503
151.504
151.505
151.506
151.507
151.508
151.509
151.51
151.511
151.512
151.513
151.514
151.515
151.516
151.517
151.518
151.519
151.52
151.521
151.522
151.523
151.524
151.525
151.526
151.527
151.528
151.529
151.53
151.531
151.532
151.533
151.534
151.535
151.536
151.537
151.538
151.539
151.54
151.541
151.542
151.543
151.544
151.545
151.546
151.547
151.548
151.549
151.55
151.551
151.552
151.553
151.554
151.555
151.556
151.557
151.558
151.559
151.56
151.561
151.562
151.563
151.564
151.565
151.566
151.567
151.568
151.569
151.57
151.571
151.572
151.573
151.574
151.575
151.576
151.577
151.578
151.579
151.58
151.581
151.582
151.583
151.584
151.585
151.586
151.587
151.588
151.589
151.59
151.591
151.592
151.593
151.594
151.595
151.596
151.597
151.598
151.599
151.6
151.601
151.602
151.603
151.604
151.605
151.606
151.607
151.608
151.609
151.61
151.611
151.612
151.613
151.614
151.615
151.616
151.617
151.618
151.619
151.62
151.621
151.622
151.623
151.624
151.625
151.626
151.627
151.628
151.629
151.63
151.631
151.632
151.633
151.634
151.635
151.636
151.637
151.638
151.639
151.64
151.641
151.642
151.643
151.644
151.645
151.646
151.647
151.648
151.649
151.65
151.651
151.652
151.653
151.654
151.655
151.656
151.657
151.658
151.659
151.66
151.661
151.662
151.663
151.664
151.665
151.666
151.667
151.668
151.669
151.67
151.671
151.672
151.673
151.674
151.675
151.676
151.677
151.678
151.679
151.68
151.681
151.682
151.683
151.684
151.685
151.686
151.687
151.688
151.689
151.69
151.691
151.692
151.693
151.694
151.695
151.696
151.697
151.698
151.699
151.7
151.701
151.702
151.703
151.704
151.705
151.706
151.707
151.708
151.709
151.71
151.711
151.712
151.713
151.714
151.715
151.716
151.717
151.718
151.719
151.72
151.721
151.722
151.723
151.724
151.725
151.726
151.727
151.728
151.729
151.73
151.731
151.732
151.733
151.734
151.735
151.736
151.737
151.738
151.739
151.74
151.741
151.742
151.743
151.744
151.745
151.746
151.747
151.748
151.749
151.75
151.751
151.752
151.753
151.754
151.755
151.756
151.757
151.758
151.759
151.76
151.761
151.762
151.763
151.764
151.765
151.766
151.767
151.768
151.769
151.77
151.771
151.772
151.773
151.774
151.775
151.776
151.777
151.778
151.779
151.78
151.781
151.782
151.783
151.784
151.785
151.786
151.787
151.788
151.789
151.79
151.791
151.792
151.793
151.794
151.795
151.796
151.797
151.798
151.799
151.8
151.801
151.802
151.803
151.804
151.805
151.806
151.807
151.808
151.809
151.81
151.811
151.812
151.813
151.814
151.815
151.816
151.817
151.818
151.819
151.82
151.821
151.822
151.823
151.824
151.825
151.826
151.827
151.828
151.829
151.83
151.831
151.832
151.833
151.834
151.835
151.836
151.837
151.838
151.839
151.84
151.841
151.842
151.843
151.844
151.845
151.846
151.847
151.848
151.849
151.85
151.851
151.852
151.853
151.854
151.855
151.856
151.857
151.858
151.859
151.86
151.861
151.862
151.863
151.864
151.865
151.866
151.867
151.868
151.869
151.87
151.871
151.872
151.873
151.874
151.875
151.876
151.877
151.878
151.879
151.88
151.881
151.882
151.883
151.884
151.885
151.886
151.887
151.888
151.889
151.89
151.891
151.892
151.893
151.894
151.895
151.896
151.897
151.898
151.899
151.9
151.901
151.902
151.903
151.904
151.905
151.906
151.907
151.908
151.909
151.91
151.911
151.912
151.913
151.914
151.915
151.916
151.917
151.918
151.919
151.92
151.921
151.922
151.923
151.924
151.925
151.926
151.927
151.928
151.929
151.93
151.931
151.932
151.933
151.934
151.935
151.936
151.937
151.938
151.939
151.94
151.941
151.942
151.943
151.944
151.945
151.946
151.947
151.948
151.949
151.95
151.951
151.952
151.953
151.954
151.955
151.956
151.957
151.958
151.959
151.96
151.961
151.962
151.963
151.964
151.965
151.966
151.967
151.968
151.969
151.97
151.971
151.972
151.973
151.974
151.975
151.976
151.977
151.978
151.979
151.98
151.981
151.982
151.983
151.984
151.985
151.986
151.987
151.988
151.989
151.99
151.991
151.992
151.993
151.994
151.995
151.996
151.997
151.998
151.999
152
152.001
152.002
152.003
152.004
152.005
152.006
152.007
152.008
152.009
152.01
152.011
152.012
152.013
152.014
152.015
152.016
152.017
152.018
152.019
152.02
152.021
152.022
152.023
152.024
152.025
152.026
152.027
152.028
152.029
152.03
152.031
152.032
152.033
152.034
152.035
152.036
152.037
152.038
152.039
152.04
152.041
152.042
152.043
152.044
152.045
152.046
152.047
152.048
152.049
152.05
152.051
152.052
152.053
152.054
152.055
152.056
152.057
152.058
152.059
152.06
152.061
152.062
152.063
152.064
152.065
152.066
152.067
152.068
152.069
152.07
152.071
152.072
152.073
152.074
152.075
152.076
152.077
152.078
152.079
152.08
152.081
152.082
152.083
152.084
152.085
152.086
152.087
152.088
152.089
152.09
152.091
152.092
152.093
152.094
152.095
152.096
152.097
152.098
152.099
152.1
152.101
152.102
152.103
152.104
152.105
152.106
152.107
152.108
152.109
152.11
152.111
152.112
152.113
152.114
152.115
152.116
152.117
152.118
152.119
152.12
152.121
152.122
152.123
152.124
152.125
152.126
152.127
152.128
152.129
152.13
152.131
152.132
152.133
152.134
152.135
152.136
152.137
152.138
152.139
152.14
152.141
152.142
152.143
152.144
152.145
152.146
152.147
152.148
152.149
152.15
152.151
152.152
152.153
152.154
152.155
152.156
152.157
152.158
152.159
152.16
152.161
152.162
152.163
152.164
152.165
152.166
152.167
152.168
152.169
152.17
152.171
152.172
152.173
152.174
152.175
152.176
152.177
152.178
152.179
152.18
152.181
152.182
152.183
152.184
152.185
152.186
152.187
152.188
152.189
152.19
152.191
152.192
152.193
152.194
152.195
152.196
152.197
152.198
152.199
152.2
152.201
152.202
152.203
152.204
152.205
152.206
152.207
152.208
152.209
152.21
152.211
152.212
152.213
152.214
152.215
152.216
152.217
152.218
152.219
152.22
152.221
152.222
152.223
152.224
152.225
152.226
152.227
152.228
152.229
152.23
152.231
152.232
152.233
152.234
152.235
152.236
152.237
152.238
152.239
152.24
152.241
152.242
152.243
152.244
152.245
152.246
152.247
152.248
152.249
152.25
152.251
152.252
152.253
152.254
152.255
152.256
152.257
152.258
152.259
152.26
152.261
152.262
152.263
152.264
152.265
152.266
152.267
152.268
152.269
152.27
152.271
152.272
152.273
152.274
152.275
152.276
152.277
152.278
152.279
152.28
152.281
152.282
152.283
152.284
152.285
152.286
152.287
152.288
152.289
152.29
152.291
152.292
152.293
152.294
152.295
152.296
152.297
152.298
152.299
152.3
152.301
152.302
152.303
152.304
152.305
152.306
152.307
152.308
152.309
152.31
152.311
152.312
152.313
152.314
152.315
152.316
152.317
152.318
152.319
152.32
152.321
152.322
152.323
152.324
152.325
152.326
152.327
152.328
152.329
152.33
152.331
152.332
152.333
152.334
152.335
152.336
152.337
152.338
152.339
152.34
152.341
152.342
152.343
152.344
152.345
152.346
152.347
152.348
152.349
152.35
152.351
152.352
152.353
152.354
152.355
152.356
152.357
152.358
152.359
152.36
152.361
152.362
152.363
152.364
152.365
152.366
152.367
152.368
152.369
152.37
152.371
152.372
152.373
152.374
152.375
152.376
152.377
152.378
152.379
152.38
152.381
152.382
152.383
152.384
152.385
152.386
152.387
152.388
152.389
152.39
152.391
152.392
152.393
152.394
152.395
152.396
152.397
152.398
152.399
152.4
152.401
152.402
152.403
152.404
152.405
152.406
152.407
152.408
152.409
152.41
152.411
152.412
152.413
152.414
152.415
152.416
152.417
152.418
152.419
152.42
152.421
152.422
152.423
152.424
152.425
152.426
152.427
152.428
152.429
152.43
152.431
152.432
152.433
152.434
152.435
152.436
152.437
152.438
152.439
152.44
152.441
152.442
152.443
152.444
152.445
152.446
152.447
152.448
152.449
152.45
152.451
152.452
152.453
152.454
152.455
152.456
152.457
152.458
152.459
152.46
152.461
152.462
152.463
152.464
152.465
152.466
152.467
152.468
152.469
152.47
152.471
152.472
152.473
152.474
152.475
152.476
152.477
152.478
152.479
152.48
152.481
152.482
152.483
152.484
152.485
152.486
152.487
152.488
152.489
152.49
152.491
152.492
152.493
152.494
152.495
152.496
152.497
152.498
152.499
152.5
152.501
152.502
152.503
152.504
152.505
152.506
152.507
152.508
152.509
152.51
152.511
152.512
152.513
152.514
152.515
152.516
152.517
152.518
152.519
152.52
152.521
152.522
152.523
152.524
152.525
152.526
152.527
152.528
152.529
152.53
152.531
152.532
152.533
152.534
152.535
152.536
152.537
152.538
152.539
152.54
152.541
152.542
152.543
152.544
152.545
152.546
152.547
152.548
152.549
152.55
152.551
152.552
152.553
152.554
152.555
152.556
152.557
152.558
152.559
152.56
152.561
152.562
152.563
152.564
152.565
152.566
152.567
152.568
152.569
152.57
152.571
152.572
152.573
152.574
152.575
152.576
152.577
152.578
152.579
152.58
152.581
152.582
152.583
152.584
152.585
152.586
152.587
152.588
152.589
152.59
152.591
152.592
152.593
152.594
152.595
152.596
152.597
152.598
152.599
152.6
152.601
152.602
152.603
152.604
152.605
152.606
152.607
152.608
152.609
152.61
152.611
152.612
152.613
152.614
152.615
152.616
152.617
152.618
152.619
152.62
152.621
152.622
152.623
152.624
152.625
152.626
152.627
152.628
152.629
152.63
152.631
152.632
152.633
152.634
152.635
152.636
152.637
152.638
152.639
152.64
152.641
152.642
152.643
152.644
152.645
152.646
152.647
152.648
152.649
152.65
152.651
152.652
152.653
152.654
152.655
152.656
152.657
152.658
152.659
152.66
152.661
152.662
152.663
152.664
152.665
152.666
152.667
152.668
152.669
152.67
152.671
152.672
152.673
152.674
152.675
152.676
152.677
152.678
152.679
152.68
152.681
152.682
152.683
152.684
152.685
152.686
152.687
152.688
152.689
152.69
152.691
152.692
152.693
152.694
152.695
152.696
152.697
152.698
152.699
152.7
152.701
152.702
152.703
152.704
152.705
152.706
152.707
152.708
152.709
152.71
152.711
152.712
152.713
152.714
152.715
152.716
152.717
152.718
152.719
152.72
152.721
152.722
152.723
152.724
152.725
152.726
152.727
152.728
152.729
152.73
152.731
152.732
152.733
152.734
152.735
152.736
152.737
152.738
152.739
152.74
152.741
152.742
152.743
152.744
152.745
152.746
152.747
152.748
152.749
152.75
152.751
152.752
152.753
152.754
152.755
152.756
152.757
152.758
152.759
152.76
152.761
152.762
152.763
152.764
152.765
152.766
152.767
152.768
152.769
152.77
152.771
152.772
152.773
152.774
152.775
152.776
152.777
152.778
152.779
152.78
152.781
152.782
152.783
152.784
152.785
152.786
152.787
152.788
152.789
152.79
152.791
152.792
152.793
152.794
152.795
152.796
152.797
152.798
152.799
152.8
152.801
152.802
152.803
152.804
152.805
152.806
152.807
152.808
152.809
152.81
152.811
152.812
152.813
152.814
152.815
152.816
152.817
152.818
152.819
152.82
152.821
152.822
152.823
152.824
152.825
152.826
152.827
152.828
152.829
152.83
152.831
152.832
152.833
152.834
152.835
152.836
152.837
152.838
152.839
152.84
152.841
152.842
152.843
152.844
152.845
152.846
152.847
152.848
152.849
152.85
152.851
152.852
152.853
152.854
152.855
152.856
152.857
152.858
152.859
152.86
152.861
152.862
152.863
152.864
152.865
152.866
152.867
152.868
152.869
152.87
152.871
152.872
152.873
152.874
152.875
152.876
152.877
152.878
152.879
152.88
152.881
152.882
152.883
152.884
152.885
152.886
152.887
152.888
152.889
152.89
152.891
152.892
152.893
152.894
152.895
152.896
152.897
152.898
152.899
152.9
152.901
152.902
152.903
152.904
152.905
152.906
152.907
152.908
152.909
152.91
152.911
152.912
152.913
152.914
152.915
152.916
152.917
152.918
152.919
152.92
152.921
152.922
152.923
152.924
152.925
152.926
152.927
152.928
152.929
152.93
152.931
152.932
152.933
152.934
152.935
152.936
152.937
152.938
152.939
152.94
152.941
152.942
152.943
152.944
152.945
152.946
152.947
152.948
152.949
152.95
152.951
152.952
152.953
152.954
152.955
152.956
152.957
152.958
152.959
152.96
152.961
152.962
152.963
152.964
152.965
152.966
152.967
152.968
152.969
152.97
152.971
152.972
152.973
152.974
152.975
152.976
152.977
152.978
152.979
152.98
152.981
152.982
152.983
152.984
152.985
152.986
152.987
152.988
152.989
152.99
152.991
152.992
152.993
152.994
152.995
152.996
152.997
152.998
152.999
153
153.001
153.002
153.003
153.004
153.005
153.006
153.007
153.008
153.009
153.01
153.011
153.012
153.013
153.014
153.015
153.016
153.017
153.018
153.019
153.02
153.021
153.022
153.023
153.024
153.025
153.026
153.027
153.028
153.029
153.03
153.031
153.032
153.033
153.034
153.035
153.036
153.037
153.038
153.039
153.04
153.041
153.042
153.043
153.044
153.045
153.046
153.047
153.048
153.049
153.05
153.051
153.052
153.053
153.054
153.055
153.056
153.057
153.058
153.059
153.06
153.061
153.062
153.063
153.064
153.065
153.066
153.067
153.068
153.069
153.07
153.071
153.072
153.073
153.074
153.075
153.076
153.077
153.078
153.079
153.08
153.081
153.082
153.083
153.084
153.085
153.086
153.087
153.088
153.089
153.09
153.091
153.092
153.093
153.094
153.095
153.096
153.097
153.098
153.099
153.1
153.101
153.102
153.103
153.104
153.105
153.106
153.107
153.108
153.109
153.11
153.111
153.112
153.113
153.114
153.115
153.116
153.117
153.118
153.119
153.12
153.121
153.122
153.123
153.124
153.125
153.126
153.127
153.128
153.129
153.13
153.131
153.132
153.133
153.134
153.135
153.136
153.137
153.138
153.139
153.14
153.141
153.142
153.143
153.144
153.145
153.146
153.147
153.148
153.149
153.15
153.151
153.152
153.153
153.154
153.155
153.156
153.157
153.158
153.159
153.16
153.161
153.162
153.163
153.164
153.165
153.166
153.167
153.168
153.169
153.17
153.171
153.172
153.173
153.174
153.175
153.176
153.177
153.178
153.179
153.18
153.181
153.182
153.183
153.184
153.185
153.186
153.187
153.188
153.189
153.19
153.191
153.192
153.193
153.194
153.195
153.196
153.197
153.198
153.199
153.2
153.201
153.202
153.203
153.204
153.205
153.206
153.207
153.208
153.209
153.21
153.211
153.212
153.213
153.214
153.215
153.216
153.217
153.218
153.219
153.22
153.221
153.222
153.223
153.224
153.225
153.226
153.227
153.228
153.229
153.23
153.231
153.232
153.233
153.234
153.235
153.236
153.237
153.238
153.239
153.24
153.241
153.242
153.243
153.244
153.245
153.246
153.247
153.248
153.249
153.25
153.251
153.252
153.253
153.254
153.255
153.256
153.257
153.258
153.259
153.26
153.261
153.262
153.263
153.264
153.265
153.266
153.267
153.268
153.269
153.27
153.271
153.272
153.273
153.274
153.275
153.276
153.277
153.278
153.279
153.28
153.281
153.282
153.283
153.284
153.285
153.286
153.287
153.288
153.289
153.29
153.291
153.292
153.293
153.294
153.295
153.296
153.297
153.298
153.299
153.3
153.301
153.302
153.303
153.304
153.305
153.306
153.307
153.308
153.309
153.31
153.311
153.312
153.313
153.314
153.315
153.316
153.317
153.318
153.319
153.32
153.321
153.322
153.323
153.324
153.325
153.326
153.327
153.328
153.329
153.33
153.331
153.332
153.333
153.334
153.335
153.336
153.337
153.338
153.339
153.34
153.341
153.342
153.343
153.344
153.345
153.346
153.347
153.348
153.349
153.35
153.351
153.352
153.353
153.354
153.355
153.356
153.357
153.358
153.359
153.36
153.361
153.362
153.363
153.364
153.365
153.366
153.367
153.368
153.369
153.37
153.371
153.372
153.373
153.374
153.375
153.376
153.377
153.378
153.379
153.38
153.381
153.382
153.383
153.384
153.385
153.386
153.387
153.388
153.389
153.39
153.391
153.392
153.393
153.394
153.395
153.396
153.397
153.398
153.399
153.4
153.401
153.402
153.403
153.404
153.405
153.406
153.407
153.408
153.409
153.41
153.411
153.412
153.413
153.414
153.415
153.416
153.417
153.418
153.419
153.42
153.421
153.422
153.423
153.424
153.425
153.426
153.427
153.428
153.429
153.43
153.431
153.432
153.433
153.434
153.435
153.436
153.437
153.438
153.439
153.44
153.441
153.442
153.443
153.444
153.445
153.446
153.447
153.448
153.449
153.45
153.451
153.452
153.453
153.454
153.455
153.456
153.457
153.458
153.459
153.46
153.461
153.462
153.463
153.464
153.465
153.466
153.467
153.468
153.469
153.47
153.471
153.472
153.473
153.474
153.475
153.476
153.477
153.478
153.479
153.48
153.481
153.482
153.483
153.484
153.485
153.486
153.487
153.488
153.489
153.49
153.491
153.492
153.493
153.494
153.495
153.496
153.497
153.498
153.499
153.5
153.501
153.502
153.503
153.504
153.505
153.506
153.507
153.508
153.509
153.51
153.511
153.512
153.513
153.514
153.515
153.516
153.517
153.518
153.519
153.52
153.521
153.522
153.523
153.524
153.525
153.526
153.527
153.528
153.529
153.53
153.531
153.532
153.533
153.534
153.535
153.536
153.537
153.538
153.539
153.54
153.541
153.542
153.543
153.544
153.545
153.546
153.547
153.548
153.549
153.55
153.551
153.552
153.553
153.554
153.555
153.556
153.557
153.558
153.559
153.56
153.561
153.562
153.563
153.564
153.565
153.566
153.567
153.568
153.569
153.57
153.571
153.572
153.573
153.574
153.575
153.576
153.577
153.578
153.579
153.58
153.581
153.582
153.583
153.584
153.585
153.586
153.587
153.588
153.589
153.59
153.591
153.592
153.593
153.594
153.595
153.596
153.597
153.598
153.599
153.6
153.601
153.602
153.603
153.604
153.605
153.606
153.607
153.608
153.609
153.61
153.611
153.612
153.613
153.614
153.615
153.616
153.617
153.618
153.619
153.62
153.621
153.622
153.623
153.624
153.625
153.626
153.627
153.628
153.629
153.63
153.631
153.632
153.633
153.634
153.635
153.636
153.637
153.638
153.639
153.64
153.641
153.642
153.643
153.644
153.645
153.646
153.647
153.648
153.649
153.65
153.651
153.652
153.653
153.654
153.655
153.656
153.657
153.658
153.659
153.66
153.661
153.662
153.663
153.664
153.665
153.666
153.667
153.668
153.669
153.67
153.671
153.672
153.673
153.674
153.675
153.676
153.677
153.678
153.679
153.68
153.681
153.682
153.683
153.684
153.685
153.686
153.687
153.688
153.689
153.69
153.691
153.692
153.693
153.694
153.695
153.696
153.697
153.698
153.699
153.7
153.701
153.702
153.703
153.704
153.705
153.706
153.707
153.708
153.709
153.71
153.711
153.712
153.713
153.714
153.715
153.716
153.717
153.718
153.719
153.72
153.721
153.722
153.723
153.724
153.725
153.726
153.727
153.728
153.729
153.73
153.731
153.732
153.733
153.734
153.735
153.736
153.737
153.738
153.739
153.74
153.741
153.742
153.743
153.744
153.745
153.746
153.747
153.748
153.749
153.75
153.751
153.752
153.753
153.754
153.755
153.756
153.757
153.758
153.759
153.76
153.761
153.762
153.763
153.764
153.765
153.766
153.767
153.768
153.769
153.77
153.771
153.772
153.773
153.774
153.775
153.776
153.777
153.778
153.779
153.78
153.781
153.782
153.783
153.784
153.785
153.786
153.787
153.788
153.789
153.79
153.791
153.792
153.793
153.794
153.795
153.796
153.797
153.798
153.799
153.8
153.801
153.802
153.803
153.804
153.805
153.806
153.807
153.808
153.809
153.81
153.811
153.812
153.813
153.814
153.815
153.816
153.817
153.818
153.819
153.82
153.821
153.822
153.823
153.824
153.825
153.826
153.827
153.828
153.829
153.83
153.831
153.832
153.833
153.834
153.835
153.836
153.837
153.838
153.839
153.84
153.841
153.842
153.843
153.844
153.845
153.846
153.847
153.848
153.849
153.85
153.851
153.852
153.853
153.854
153.855
153.856
153.857
153.858
153.859
153.86
153.861
153.862
153.863
153.864
153.865
153.866
153.867
153.868
153.869
153.87
153.871
153.872
153.873
153.874
153.875
153.876
153.877
153.878
153.879
153.88
153.881
153.882
153.883
153.884
153.885
153.886
153.887
153.888
153.889
153.89
153.891
153.892
153.893
153.894
153.895
153.896
153.897
153.898
153.899
153.9
153.901
153.902
153.903
153.904
153.905
153.906
153.907
153.908
153.909
153.91
153.911
153.912
153.913
153.914
153.915
153.916
153.917
153.918
153.919
153.92
153.921
153.922
153.923
153.924
153.925
153.926
153.927
153.928
153.929
153.93
153.931
153.932
153.933
153.934
153.935
153.936
153.937
153.938
153.939
153.94
153.941
153.942
153.943
153.944
153.945
153.946
153.947
153.948
153.949
153.95
153.951
153.952
153.953
153.954
153.955
153.956
153.957
153.958
153.959
153.96
153.961
153.962
153.963
153.964
153.965
153.966
153.967
153.968
153.969
153.97
153.971
153.972
153.973
153.974
153.975
153.976
153.977
153.978
153.979
153.98
153.981
153.982
153.983
153.984
153.985
153.986
153.987
153.988
153.989
153.99
153.991
153.992
153.993
153.994
153.995
153.996
153.997
153.998
153.999
154
154.001
154.002
154.003
154.004
154.005
154.006
154.007
154.008
154.009
154.01
154.011
154.012
154.013
154.014
154.015
154.016
154.017
154.018
154.019
154.02
154.021
154.022
154.023
154.024
154.025
154.026
154.027
154.028
154.029
154.03
154.031
154.032
154.033
154.034
154.035
154.036
154.037
154.038
154.039
154.04
154.041
154.042
154.043
154.044
154.045
154.046
154.047
154.048
154.049
154.05
154.051
154.052
154.053
154.054
154.055
154.056
154.057
154.058
154.059
154.06
154.061
154.062
154.063
154.064
154.065
154.066
154.067
154.068
154.069
154.07
154.071
154.072
154.073
154.074
154.075
154.076
154.077
154.078
154.079
154.08
154.081
154.082
154.083
154.084
154.085
154.086
154.087
154.088
154.089
154.09
154.091
154.092
154.093
154.094
154.095
154.096
154.097
154.098
154.099
154.1
154.101
154.102
154.103
154.104
154.105
154.106
154.107
154.108
154.109
154.11
154.111
154.112
154.113
154.114
154.115
154.116
154.117
154.118
154.119
154.12
154.121
154.122
154.123
154.124
154.125
154.126
154.127
154.128
154.129
154.13
154.131
154.132
154.133
154.134
154.135
154.136
154.137
154.138
154.139
154.14
154.141
154.142
154.143
154.144
154.145
154.146
154.147
154.148
154.149
154.15
154.151
154.152
154.153
154.154
154.155
154.156
154.157
154.158
154.159
154.16
154.161
154.162
154.163
154.164
154.165
154.166
154.167
154.168
154.169
154.17
154.171
154.172
154.173
154.174
154.175
154.176
154.177
154.178
154.179
154.18
154.181
154.182
154.183
154.184
154.185
154.186
154.187
154.188
154.189
154.19
154.191
154.192
154.193
154.194
154.195
154.196
154.197
154.198
154.199
154.2
154.201
154.202
154.203
154.204
154.205
154.206
154.207
154.208
154.209
154.21
154.211
154.212
154.213
154.214
154.215
154.216
154.217
154.218
154.219
154.22
154.221
154.222
154.223
154.224
154.225
154.226
154.227
154.228
154.229
154.23
154.231
154.232
154.233
154.234
154.235
154.236
154.237
154.238
154.239
154.24
154.241
154.242
154.243
154.244
154.245
154.246
154.247
154.248
154.249
154.25
154.251
154.252
154.253
154.254
154.255
154.256
154.257
154.258
154.259
154.26
154.261
154.262
154.263
154.264
154.265
154.266
154.267
154.268
154.269
154.27
154.271
154.272
154.273
154.274
154.275
154.276
154.277
154.278
154.279
154.28
154.281
154.282
154.283
154.284
154.285
154.286
154.287
154.288
154.289
154.29
154.291
154.292
154.293
154.294
154.295
154.296
154.297
154.298
154.299
154.3
154.301
154.302
154.303
154.304
154.305
154.306
154.307
154.308
154.309
154.31
154.311
154.312
154.313
154.314
154.315
154.316
154.317
154.318
154.319
154.32
154.321
154.322
154.323
154.324
154.325
154.326
154.327
154.328
154.329
154.33
154.331
154.332
154.333
154.334
154.335
154.336
154.337
154.338
154.339
154.34
154.341
154.342
154.343
154.344
154.345
154.346
154.347
154.348
154.349
154.35
154.351
154.352
154.353
154.354
154.355
154.356
154.357
154.358
154.359
154.36
154.361
154.362
154.363
154.364
154.365
154.366
154.367
154.368
154.369
154.37
154.371
154.372
154.373
154.374
154.375
154.376
154.377
154.378
154.379
154.38
154.381
154.382
154.383
154.384
154.385
154.386
154.387
154.388
154.389
154.39
154.391
154.392
154.393
154.394
154.395
154.396
154.397
154.398
154.399
154.4
154.401
154.402
154.403
154.404
154.405
154.406
154.407
154.408
154.409
154.41
154.411
154.412
154.413
154.414
154.415
154.416
154.417
154.418
154.419
154.42
154.421
154.422
154.423
154.424
154.425
154.426
154.427
154.428
154.429
154.43
154.431
154.432
154.433
154.434
154.435
154.436
154.437
154.438
154.439
154.44
154.441
154.442
154.443
154.444
154.445
154.446
154.447
154.448
154.449
154.45
154.451
154.452
154.453
154.454
154.455
154.456
154.457
154.458
154.459
154.46
154.461
154.462
154.463
154.464
154.465
154.466
154.467
154.468
154.469
154.47
154.471
154.472
154.473
154.474
154.475
154.476
154.477
154.478
154.479
154.48
154.481
154.482
154.483
154.484
154.485
154.486
154.487
154.488
154.489
154.49
154.491
154.492
154.493
154.494
154.495
154.496
154.497
154.498
154.499
154.5
154.501
154.502
154.503
154.504
154.505
154.506
154.507
154.508
154.509
154.51
154.511
154.512
154.513
154.514
154.515
154.516
154.517
154.518
154.519
154.52
154.521
154.522
154.523
154.524
154.525
154.526
154.527
154.528
154.529
154.53
154.531
154.532
154.533
154.534
154.535
154.536
154.537
154.538
154.539
154.54
154.541
154.542
154.543
154.544
154.545
154.546
154.547
154.548
154.549
154.55
154.551
154.552
154.553
154.554
154.555
154.556
154.557
154.558
154.559
154.56
154.561
154.562
154.563
154.564
154.565
154.566
154.567
154.568
154.569
154.57
154.571
154.572
154.573
154.574
154.575
154.576
154.577
154.578
154.579
154.58
154.581
154.582
154.583
154.584
154.585
154.586
154.587
154.588
154.589
154.59
154.591
154.592
154.593
154.594
154.595
154.596
154.597
154.598
154.599
154.6
154.601
154.602
154.603
154.604
154.605
154.606
154.607
154.608
154.609
154.61
154.611
154.612
154.613
154.614
154.615
154.616
154.617
154.618
154.619
154.62
154.621
154.622
154.623
154.624
154.625
154.626
154.627
154.628
154.629
154.63
154.631
154.632
154.633
154.634
154.635
154.636
154.637
154.638
154.639
154.64
154.641
154.642
154.643
154.644
154.645
154.646
154.647
154.648
154.649
154.65
154.651
154.652
154.653
154.654
154.655
154.656
154.657
154.658
154.659
154.66
154.661
154.662
154.663
154.664
154.665
154.666
154.667
154.668
154.669
154.67
154.671
154.672
154.673
154.674
154.675
154.676
154.677
154.678
154.679
154.68
154.681
154.682
154.683
154.684
154.685
154.686
154.687
154.688
154.689
154.69
154.691
154.692
154.693
154.694
154.695
154.696
154.697
154.698
154.699
154.7
154.701
154.702
154.703
154.704
154.705
154.706
154.707
154.708
154.709
154.71
154.711
154.712
154.713
154.714
154.715
154.716
154.717
154.718
154.719
154.72
154.721
154.722
154.723
154.724
154.725
154.726
154.727
154.728
154.729
154.73
154.731
154.732
154.733
154.734
154.735
154.736
154.737
154.738
154.739
154.74
154.741
154.742
154.743
154.744
154.745
154.746
154.747
154.748
154.749
154.75
154.751
154.752
154.753
154.754
154.755
154.756
154.757
154.758
154.759
154.76
154.761
154.762
154.763
154.764
154.765
154.766
154.767
154.768
154.769
154.77
154.771
154.772
154.773
154.774
154.775
154.776
154.777
154.778
154.779
154.78
154.781
154.782
154.783
154.784
154.785
154.786
154.787
154.788
154.789
154.79
154.791
154.792
154.793
154.794
154.795
154.796
154.797
154.798
154.799
154.8
154.801
154.802
154.803
154.804
154.805
154.806
154.807
154.808
154.809
154.81
154.811
154.812
154.813
154.814
154.815
154.816
154.817
154.818
154.819
154.82
154.821
154.822
154.823
154.824
154.825
154.826
154.827
154.828
154.829
154.83
154.831
154.832
154.833
154.834
154.835
154.836
154.837
154.838
154.839
154.84
154.841
154.842
154.843
154.844
154.845
154.846
154.847
154.848
154.849
154.85
154.851
154.852
154.853
154.854
154.855
154.856
154.857
154.858
154.859
154.86
154.861
154.862
154.863
154.864
154.865
154.866
154.867
154.868
154.869
154.87
154.871
154.872
154.873
154.874
154.875
154.876
154.877
154.878
154.879
154.88
154.881
154.882
154.883
154.884
154.885
154.886
154.887
154.888
154.889
154.89
154.891
154.892
154.893
154.894
154.895
154.896
154.897
154.898
154.899
154.9
154.901
154.902
154.903
154.904
154.905
154.906
154.907
154.908
154.909
154.91
154.911
154.912
154.913
154.914
154.915
154.916
154.917
154.918
154.919
154.92
154.921
154.922
154.923
154.924
154.925
154.926
154.927
154.928
154.929
154.93
154.931
154.932
154.933
154.934
154.935
154.936
154.937
154.938
154.939
154.94
154.941
154.942
154.943
154.944
154.945
154.946
154.947
154.948
154.949
154.95
154.951
154.952
154.953
154.954
154.955
154.956
154.957
154.958
154.959
154.96
154.961
154.962
154.963
154.964
154.965
154.966
154.967
154.968
154.969
154.97
154.971
154.972
154.973
154.974
154.975
154.976
154.977
154.978
154.979
154.98
154.981
154.982
154.983
154.984
154.985
154.986
154.987
154.988
154.989
154.99
154.991
154.992
154.993
154.994
154.995
154.996
154.997
154.998
154.999
155
155.001
155.002
155.003
155.004
155.005
155.006
155.007
155.008
155.009
155.01
155.011
155.012
155.013
155.014
155.015
155.016
155.017
155.018
155.019
155.02
155.021
155.022
155.023
155.024
155.025
155.026
155.027
155.028
155.029
155.03
155.031
155.032
155.033
155.034
155.035
155.036
155.037
155.038
155.039
155.04
155.041
155.042
155.043
155.044
155.045
155.046
155.047
155.048
155.049
155.05
155.051
155.052
155.053
155.054
155.055
155.056
155.057
155.058
155.059
155.06
155.061
155.062
155.063
155.064
155.065
155.066
155.067
155.068
155.069
155.07
155.071
155.072
155.073
155.074
155.075
155.076
155.077
155.078
155.079
155.08
155.081
155.082
155.083
155.084
155.085
155.086
155.087
155.088
155.089
155.09
155.091
155.092
155.093
155.094
155.095
155.096
155.097
155.098
155.099
155.1
155.101
155.102
155.103
155.104
155.105
155.106
155.107
155.108
155.109
155.11
155.111
155.112
155.113
155.114
155.115
155.116
155.117
155.118
155.119
155.12
155.121
155.122
155.123
155.124
155.125
155.126
155.127
155.128
155.129
155.13
155.131
155.132
155.133
155.134
155.135
155.136
155.137
155.138
155.139
155.14
155.141
155.142
155.143
155.144
155.145
155.146
155.147
155.148
155.149
155.15
155.151
155.152
155.153
155.154
155.155
155.156
155.157
155.158
155.159
155.16
155.161
155.162
155.163
155.164
155.165
155.166
155.167
155.168
155.169
155.17
155.171
155.172
155.173
155.174
155.175
155.176
155.177
155.178
155.179
155.18
155.181
155.182
155.183
155.184
155.185
155.186
155.187
155.188
155.189
155.19
155.191
155.192
155.193
155.194
155.195
155.196
155.197
155.198
155.199
155.2
155.201
155.202
155.203
155.204
155.205
155.206
155.207
155.208
155.209
155.21
155.211
155.212
155.213
155.214
155.215
155.216
155.217
155.218
155.219
155.22
155.221
155.222
155.223
155.224
155.225
155.226
155.227
155.228
155.229
155.23
155.231
155.232
155.233
155.234
155.235
155.236
155.237
155.238
155.239
155.24
155.241
155.242
155.243
155.244
155.245
155.246
155.247
155.248
155.249
155.25
155.251
155.252
155.253
155.254
155.255
155.256
155.257
155.258
155.259
155.26
155.261
155.262
155.263
155.264
155.265
155.266
155.267
155.268
155.269
155.27
155.271
155.272
155.273
155.274
155.275
155.276
155.277
155.278
155.279
155.28
155.281
155.282
155.283
155.284
155.285
155.286
155.287
155.288
155.289
155.29
155.291
155.292
155.293
155.294
155.295
155.296
155.297
155.298
155.299
155.3
155.301
155.302
155.303
155.304
155.305
155.306
155.307
155.308
155.309
155.31
155.311
155.312
155.313
155.314
155.315
155.316
155.317
155.318
155.319
155.32
155.321
155.322
155.323
155.324
155.325
155.326
155.327
155.328
155.329
155.33
155.331
155.332
155.333
155.334
155.335
155.336
155.337
155.338
155.339
155.34
155.341
155.342
155.343
155.344
155.345
155.346
155.347
155.348
155.349
155.35
155.351
155.352
155.353
155.354
155.355
155.356
155.357
155.358
155.359
155.36
155.361
155.362
155.363
155.364
155.365
155.366
155.367
155.368
155.369
155.37
155.371
155.372
155.373
155.374
155.375
155.376
155.377
155.378
155.379
155.38
155.381
155.382
155.383
155.384
155.385
155.386
155.387
155.388
155.389
155.39
155.391
155.392
155.393
155.394
155.395
155.396
155.397
155.398
155.399
155.4
155.401
155.402
155.403
155.404
155.405
155.406
155.407
155.408
155.409
155.41
155.411
155.412
155.413
155.414
155.415
155.416
155.417
155.418
155.419
155.42
155.421
155.422
155.423
155.424
155.425
155.426
155.427
155.428
155.429
155.43
155.431
155.432
155.433
155.434
155.435
155.436
155.437
155.438
155.439
155.44
155.441
155.442
155.443
155.444
155.445
155.446
155.447
155.448
155.449
155.45
155.451
155.452
155.453
155.454
155.455
155.456
155.457
155.458
155.459
155.46
155.461
155.462
155.463
155.464
155.465
155.466
155.467
155.468
155.469
155.47
155.471
155.472
155.473
155.474
155.475
155.476
155.477
155.478
155.479
155.48
155.481
155.482
155.483
155.484
155.485
155.486
155.487
155.488
155.489
155.49
155.491
155.492
155.493
155.494
155.495
155.496
155.497
155.498
155.499
155.5
155.501
155.502
155.503
155.504
155.505
155.506
155.507
155.508
155.509
155.51
155.511
155.512
155.513
155.514
155.515
155.516
155.517
155.518
155.519
155.52
155.521
155.522
155.523
155.524
155.525
155.526
155.527
155.528
155.529
155.53
155.531
155.532
155.533
155.534
155.535
155.536
155.537
155.538
155.539
155.54
155.541
155.542
155.543
155.544
155.545
155.546
155.547
155.548
155.549
155.55
155.551
155.552
155.553
155.554
155.555
155.556
155.557
155.558
155.559
155.56
155.561
155.562
155.563
155.564
155.565
155.566
155.567
155.568
155.569
155.57
155.571
155.572
155.573
155.574
155.575
155.576
155.577
155.578
155.579
155.58
155.581
155.582
155.583
155.584
155.585
155.586
155.587
155.588
155.589
155.59
155.591
155.592
155.593
155.594
155.595
155.596
155.597
155.598
155.599
155.6
155.601
155.602
155.603
155.604
155.605
155.606
155.607
155.608
155.609
155.61
155.611
155.612
155.613
155.614
155.615
155.616
155.617
155.618
155.619
155.62
155.621
155.622
155.623
155.624
155.625
155.626
155.627
155.628
155.629
155.63
155.631
155.632
155.633
155.634
155.635
155.636
155.637
155.638
155.639
155.64
155.641
155.642
155.643
155.644
155.645
155.646
155.647
155.648
155.649
155.65
155.651
155.652
155.653
155.654
155.655
155.656
155.657
155.658
155.659
155.66
155.661
155.662
155.663
155.664
155.665
155.666
155.667
155.668
155.669
155.67
155.671
155.672
155.673
155.674
155.675
155.676
155.677
155.678
155.679
155.68
155.681
155.682
155.683
155.684
155.685
155.686
155.687
155.688
155.689
155.69
155.691
155.692
155.693
155.694
155.695
155.696
155.697
155.698
155.699
155.7
155.701
155.702
155.703
155.704
155.705
155.706
155.707
155.708
155.709
155.71
155.711
155.712
155.713
155.714
155.715
155.716
155.717
155.718
155.719
155.72
155.721
155.722
155.723
155.724
155.725
155.726
155.727
155.728
155.729
155.73
155.731
155.732
155.733
155.734
155.735
155.736
155.737
155.738
155.739
155.74
155.741
155.742
155.743
155.744
155.745
155.746
155.747
155.748
155.749
155.75
155.751
155.752
155.753
155.754
155.755
155.756
155.757
155.758
155.759
155.76
155.761
155.762
155.763
155.764
155.765
155.766
155.767
155.768
155.769
155.77
155.771
155.772
155.773
155.774
155.775
155.776
155.777
155.778
155.779
155.78
155.781
155.782
155.783
155.784
155.785
155.786
155.787
155.788
155.789
155.79
155.791
155.792
155.793
155.794
155.795
155.796
155.797
155.798
155.799
155.8
155.801
155.802
155.803
155.804
155.805
155.806
155.807
155.808
155.809
155.81
155.811
155.812
155.813
155.814
155.815
155.816
155.817
155.818
155.819
155.82
155.821
155.822
155.823
155.824
155.825
155.826
155.827
155.828
155.829
155.83
155.831
155.832
155.833
155.834
155.835
155.836
155.837
155.838
155.839
155.84
155.841
155.842
155.843
155.844
155.845
155.846
155.847
155.848
155.849
155.85
155.851
155.852
155.853
155.854
155.855
155.856
155.857
155.858
155.859
155.86
155.861
155.862
155.863
155.864
155.865
155.866
155.867
155.868
155.869
155.87
155.871
155.872
155.873
155.874
155.875
155.876
155.877
155.878
155.879
155.88
155.881
155.882
155.883
155.884
155.885
155.886
155.887
155.888
155.889
155.89
155.891
155.892
155.893
155.894
155.895
155.896
155.897
155.898
155.899
155.9
155.901
155.902
155.903
155.904
155.905
155.906
155.907
155.908
155.909
155.91
155.911
155.912
155.913
155.914
155.915
155.916
155.917
155.918
155.919
155.92
155.921
155.922
155.923
155.924
155.925
155.926
155.927
155.928
155.929
155.93
155.931
155.932
155.933
155.934
155.935
155.936
155.937
155.938
155.939
155.94
155.941
155.942
155.943
155.944
155.945
155.946
155.947
155.948
155.949
155.95
155.951
155.952
155.953
155.954
155.955
155.956
155.957
155.958
155.959
155.96
155.961
155.962
155.963
155.964
155.965
155.966
155.967
155.968
155.969
155.97
155.971
155.972
155.973
155.974
155.975
155.976
155.977
155.978
155.979
155.98
155.981
155.982
155.983
155.984
155.985
155.986
155.987
155.988
155.989
155.99
155.991
155.992
155.993
155.994
155.995
155.996
155.997
155.998
155.999
156
156.001
156.002
156.003
156.004
156.005
156.006
156.007
156.008
156.009
156.01
156.011
156.012
156.013
156.014
156.015
156.016
156.017
156.018
156.019
156.02
156.021
156.022
156.023
156.024
156.025
156.026
156.027
156.028
156.029
156.03
156.031
156.032
156.033
156.034
156.035
156.036
156.037
156.038
156.039
156.04
156.041
156.042
156.043
156.044
156.045
156.046
156.047
156.048
156.049
156.05
156.051
156.052
156.053
156.054
156.055
156.056
156.057
156.058
156.059
156.06
156.061
156.062
156.063
156.064
156.065
156.066
156.067
156.068
156.069
156.07
156.071
156.072
156.073
156.074
156.075
156.076
156.077
156.078
156.079
156.08
156.081
156.082
156.083
156.084
156.085
156.086
156.087
156.088
156.089
156.09
156.091
156.092
156.093
156.094
156.095
156.096
156.097
156.098
156.099
156.1
156.101
156.102
156.103
156.104
156.105
156.106
156.107
156.108
156.109
156.11
156.111
156.112
156.113
156.114
156.115
156.116
156.117
156.118
156.119
156.12
156.121
156.122
156.123
156.124
156.125
156.126
156.127
156.128
156.129
156.13
156.131
156.132
156.133
156.134
156.135
156.136
156.137
156.138
156.139
156.14
156.141
156.142
156.143
156.144
156.145
156.146
156.147
156.148
156.149
156.15
156.151
156.152
156.153
156.154
156.155
156.156
156.157
156.158
156.159
156.16
156.161
156.162
156.163
156.164
156.165
156.166
156.167
156.168
156.169
156.17
156.171
156.172
156.173
156.174
156.175
156.176
156.177
156.178
156.179
156.18
156.181
156.182
156.183
156.184
156.185
156.186
156.187
156.188
156.189
156.19
156.191
156.192
156.193
156.194
156.195
156.196
156.197
156.198
156.199
156.2
156.201
156.202
156.203
156.204
156.205
156.206
156.207
156.208
156.209
156.21
156.211
156.212
156.213
156.214
156.215
156.216
156.217
156.218
156.219
156.22
156.221
156.222
156.223
156.224
156.225
156.226
156.227
156.228
156.229
156.23
156.231
156.232
156.233
156.234
156.235
156.236
156.237
156.238
156.239
156.24
156.241
156.242
156.243
156.244
156.245
156.246
156.247
156.248
156.249
156.25
156.251
156.252
156.253
156.254
156.255
156.256
156.257
156.258
156.259
156.26
156.261
156.262
156.263
156.264
156.265
156.266
156.267
156.268
156.269
156.27
156.271
156.272
156.273
156.274
156.275
156.276
156.277
156.278
156.279
156.28
156.281
156.282
156.283
156.284
156.285
156.286
156.287
156.288
156.289
156.29
156.291
156.292
156.293
156.294
156.295
156.296
156.297
156.298
156.299
156.3
156.301
156.302
156.303
156.304
156.305
156.306
156.307
156.308
156.309
156.31
156.311
156.312
156.313
156.314
156.315
156.316
156.317
156.318
156.319
156.32
156.321
156.322
156.323
156.324
156.325
156.326
156.327
156.328
156.329
156.33
156.331
156.332
156.333
156.334
156.335
156.336
156.337
156.338
156.339
156.34
156.341
156.342
156.343
156.344
156.345
156.346
156.347
156.348
156.349
156.35
156.351
156.352
156.353
156.354
156.355
156.356
156.357
156.358
156.359
156.36
156.361
156.362
156.363
156.364
156.365
156.366
156.367
156.368
156.369
156.37
156.371
156.372
156.373
156.374
156.375
156.376
156.377
156.378
156.379
156.38
156.381
156.382
156.383
156.384
156.385
156.386
156.387
156.388
156.389
156.39
156.391
156.392
156.393
156.394
156.395
156.396
156.397
156.398
156.399
156.4
156.401
156.402
156.403
156.404
156.405
156.406
156.407
156.408
156.409
156.41
156.411
156.412
156.413
156.414
156.415
156.416
156.417
156.418
156.419
156.42
156.421
156.422
156.423
156.424
156.425
156.426
156.427
156.428
156.429
156.43
156.431
156.432
156.433
156.434
156.435
156.436
156.437
156.438
156.439
156.44
156.441
156.442
156.443
156.444
156.445
156.446
156.447
156.448
156.449
156.45
156.451
156.452
156.453
156.454
156.455
156.456
156.457
156.458
156.459
156.46
156.461
156.462
156.463
156.464
156.465
156.466
156.467
156.468
156.469
156.47
156.471
156.472
156.473
156.474
156.475
156.476
156.477
156.478
156.479
156.48
156.481
156.482
156.483
156.484
156.485
156.486
156.487
156.488
156.489
156.49
156.491
156.492
156.493
156.494
156.495
156.496
156.497
156.498
156.499
156.5
156.501
156.502
156.503
156.504
156.505
156.506
156.507
156.508
156.509
156.51
156.511
156.512
156.513
156.514
156.515
156.516
156.517
156.518
156.519
156.52
156.521
156.522
156.523
156.524
156.525
156.526
156.527
156.528
156.529
156.53
156.531
156.532
156.533
156.534
156.535
156.536
156.537
156.538
156.539
156.54
156.541
156.542
156.543
156.544
156.545
156.546
156.547
156.548
156.549
156.55
156.551
156.552
156.553
156.554
156.555
156.556
156.557
156.558
156.559
156.56
156.561
156.562
156.563
156.564
156.565
156.566
156.567
156.568
156.569
156.57
156.571
156.572
156.573
156.574
156.575
156.576
156.577
156.578
156.579
156.58
156.581
156.582
156.583
156.584
156.585
156.586
156.587
156.588
156.589
156.59
156.591
156.592
156.593
156.594
156.595
156.596
156.597
156.598
156.599
156.6
156.601
156.602
156.603
156.604
156.605
156.606
156.607
156.608
156.609
156.61
156.611
156.612
156.613
156.614
156.615
156.616
156.617
156.618
156.619
156.62
156.621
156.622
156.623
156.624
156.625
156.626
156.627
156.628
156.629
156.63
156.631
156.632
156.633
156.634
156.635
156.636
156.637
156.638
156.639
156.64
156.641
156.642
156.643
156.644
156.645
156.646
156.647
156.648
156.649
156.65
156.651
156.652
156.653
156.654
156.655
156.656
156.657
156.658
156.659
156.66
156.661
156.662
156.663
156.664
156.665
156.666
156.667
156.668
156.669
156.67
156.671
156.672
156.673
156.674
156.675
156.676
156.677
156.678
156.679
156.68
156.681
156.682
156.683
156.684
156.685
156.686
156.687
156.688
156.689
156.69
156.691
156.692
156.693
156.694
156.695
156.696
156.697
156.698
156.699
156.7
156.701
156.702
156.703
156.704
156.705
156.706
156.707
156.708
156.709
156.71
156.711
156.712
156.713
156.714
156.715
156.716
156.717
156.718
156.719
156.72
156.721
156.722
156.723
156.724
156.725
156.726
156.727
156.728
156.729
156.73
156.731
156.732
156.733
156.734
156.735
156.736
156.737
156.738
156.739
156.74
156.741
156.742
156.743
156.744
156.745
156.746
156.747
156.748
156.749
156.75
156.751
156.752
156.753
156.754
156.755
156.756
156.757
156.758
156.759
156.76
156.761
156.762
156.763
156.764
156.765
156.766
156.767
156.768
156.769
156.77
156.771
156.772
156.773
156.774
156.775
156.776
156.777
156.778
156.779
156.78
156.781
156.782
156.783
156.784
156.785
156.786
156.787
156.788
156.789
156.79
156.791
156.792
156.793
156.794
156.795
156.796
156.797
156.798
156.799
156.8
156.801
156.802
156.803
156.804
156.805
156.806
156.807
156.808
156.809
156.81
156.811
156.812
156.813
156.814
156.815
156.816
156.817
156.818
156.819
156.82
156.821
156.822
156.823
156.824
156.825
156.826
156.827
156.828
156.829
156.83
156.831
156.832
156.833
156.834
156.835
156.836
156.837
156.838
156.839
156.84
156.841
156.842
156.843
156.844
156.845
156.846
156.847
156.848
156.849
156.85
156.851
156.852
156.853
156.854
156.855
156.856
156.857
156.858
156.859
156.86
156.861
156.862
156.863
156.864
156.865
156.866
156.867
156.868
156.869
156.87
156.871
156.872
156.873
156.874
156.875
156.876
156.877
156.878
156.879
156.88
156.881
156.882
156.883
156.884
156.885
156.886
156.887
156.888
156.889
156.89
156.891
156.892
156.893
156.894
156.895
156.896
156.897
156.898
156.899
156.9
156.901
156.902
156.903
156.904
156.905
156.906
156.907
156.908
156.909
156.91
156.911
156.912
156.913
156.914
156.915
156.916
156.917
156.918
156.919
156.92
156.921
156.922
156.923
156.924
156.925
156.926
156.927
156.928
156.929
156.93
156.931
156.932
156.933
156.934
156.935
156.936
156.937
156.938
156.939
156.94
156.941
156.942
156.943
156.944
156.945
156.946
156.947
156.948
156.949
156.95
156.951
156.952
156.953
156.954
156.955
156.956
156.957
156.958
156.959
156.96
156.961
156.962
156.963
156.964
156.965
156.966
156.967
156.968
156.969
156.97
156.971
156.972
156.973
156.974
156.975
156.976
156.977
156.978
156.979
156.98
156.981
156.982
156.983
156.984
156.985
156.986
156.987
156.988
156.989
156.99
156.991
156.992
156.993
156.994
156.995
156.996
156.997
156.998
156.999
157
157.001
157.002
157.003
157.004
157.005
157.006
157.007
157.008
157.009
157.01
157.011
157.012
157.013
157.014
157.015
157.016
157.017
157.018
157.019
157.02
157.021
157.022
157.023
157.024
157.025
157.026
157.027
157.028
157.029
157.03
157.031
157.032
157.033
157.034
157.035
157.036
157.037
157.038
157.039
157.04
157.041
157.042
157.043
157.044
157.045
157.046
157.047
157.048
157.049
157.05
157.051
157.052
157.053
157.054
157.055
157.056
157.057
157.058
157.059
157.06
157.061
157.062
157.063
157.064
157.065
157.066
157.067
157.068
157.069
157.07
157.071
157.072
157.073
157.074
157.075
157.076
157.077
157.078
157.079
157.08
157.081
157.082
157.083
157.084
157.085
157.086
157.087
157.088
157.089
157.09
157.091
157.092
157.093
157.094
157.095
157.096
157.097
157.098
157.099
157.1
157.101
157.102
157.103
157.104
157.105
157.106
157.107
157.108
157.109
157.11
157.111
157.112
157.113
157.114
157.115
157.116
157.117
157.118
157.119
157.12
157.121
157.122
157.123
157.124
157.125
157.126
157.127
157.128
157.129
157.13
157.131
157.132
157.133
157.134
157.135
157.136
157.137
157.138
157.139
157.14
157.141
157.142
157.143
157.144
157.145
157.146
157.147
157.148
157.149
157.15
157.151
157.152
157.153
157.154
157.155
157.156
157.157
157.158
157.159
157.16
157.161
157.162
157.163
157.164
157.165
157.166
157.167
157.168
157.169
157.17
157.171
157.172
157.173
157.174
157.175
157.176
157.177
157.178
157.179
157.18
157.181
157.182
157.183
157.184
157.185
157.186
157.187
157.188
157.189
157.19
157.191
157.192
157.193
157.194
157.195
157.196
157.197
157.198
157.199
157.2
157.201
157.202
157.203
157.204
157.205
157.206
157.207
157.208
157.209
157.21
157.211
157.212
157.213
157.214
157.215
157.216
157.217
157.218
157.219
157.22
157.221
157.222
157.223
157.224
157.225
157.226
157.227
157.228
157.229
157.23
157.231
157.232
157.233
157.234
157.235
157.236
157.237
157.238
157.239
157.24
157.241
157.242
157.243
157.244
157.245
157.246
157.247
157.248
157.249
157.25
157.251
157.252
157.253
157.254
157.255
157.256
157.257
157.258
157.259
157.26
157.261
157.262
157.263
157.264
157.265
157.266
157.267
157.268
157.269
157.27
157.271
157.272
157.273
157.274
157.275
157.276
157.277
157.278
157.279
157.28
157.281
157.282
157.283
157.284
157.285
157.286
157.287
157.288
157.289
157.29
157.291
157.292
157.293
157.294
157.295
157.296
157.297
157.298
157.299
157.3
157.301
157.302
157.303
157.304
157.305
157.306
157.307
157.308
157.309
157.31
157.311
157.312
157.313
157.314
157.315
157.316
157.317
157.318
157.319
157.32
157.321
157.322
157.323
157.324
157.325
157.326
157.327
157.328
157.329
157.33
157.331
157.332
157.333
157.334
157.335
157.336
157.337
157.338
157.339
157.34
157.341
157.342
157.343
157.344
157.345
157.346
157.347
157.348
157.349
157.35
157.351
157.352
157.353
157.354
157.355
157.356
157.357
157.358
157.359
157.36
157.361
157.362
157.363
157.364
157.365
157.366
157.367
157.368
157.369
157.37
157.371
157.372
157.373
157.374
157.375
157.376
157.377
157.378
157.379
157.38
157.381
157.382
157.383
157.384
157.385
157.386
157.387
157.388
157.389
157.39
157.391
157.392
157.393
157.394
157.395
157.396
157.397
157.398
157.399
157.4
157.401
157.402
157.403
157.404
157.405
157.406
157.407
157.408
157.409
157.41
157.411
157.412
157.413
157.414
157.415
157.416
157.417
157.418
157.419
157.42
157.421
157.422
157.423
157.424
157.425
157.426
157.427
157.428
157.429
157.43
157.431
157.432
157.433
157.434
157.435
157.436
157.437
157.438
157.439
157.44
157.441
157.442
157.443
157.444
157.445
157.446
157.447
157.448
157.449
157.45
157.451
157.452
157.453
157.454
157.455
157.456
157.457
157.458
157.459
157.46
157.461
157.462
157.463
157.464
157.465
157.466
157.467
157.468
157.469
157.47
157.471
157.472
157.473
157.474
157.475
157.476
157.477
157.478
157.479
157.48
157.481
157.482
157.483
157.484
157.485
157.486
157.487
157.488
157.489
157.49
157.491
157.492
157.493
157.494
157.495
157.496
157.497
157.498
157.499
157.5
157.501
157.502
157.503
157.504
157.505
157.506
157.507
157.508
157.509
157.51
157.511
157.512
157.513
157.514
157.515
157.516
157.517
157.518
157.519
157.52
157.521
157.522
157.523
157.524
157.525
157.526
157.527
157.528
157.529
157.53
157.531
157.532
157.533
157.534
157.535
157.536
157.537
157.538
157.539
157.54
157.541
157.542
157.543
157.544
157.545
157.546
157.547
157.548
157.549
157.55
157.551
157.552
157.553
157.554
157.555
157.556
157.557
157.558
157.559
157.56
157.561
157.562
157.563
157.564
157.565
157.566
157.567
157.568
157.569
157.57
157.571
157.572
157.573
157.574
157.575
157.576
157.577
157.578
157.579
157.58
157.581
157.582
157.583
157.584
157.585
157.586
157.587
157.588
157.589
157.59
157.591
157.592
157.593
157.594
157.595
157.596
157.597
157.598
157.599
157.6
157.601
157.602
157.603
157.604
157.605
157.606
157.607
157.608
157.609
157.61
157.611
157.612
157.613
157.614
157.615
157.616
157.617
157.618
157.619
157.62
157.621
157.622
157.623
157.624
157.625
157.626
157.627
157.628
157.629
157.63
157.631
157.632
157.633
157.634
157.635
157.636
157.637
157.638
157.639
157.64
157.641
157.642
157.643
157.644
157.645
157.646
157.647
157.648
157.649
157.65
157.651
157.652
157.653
157.654
157.655
157.656
157.657
157.658
157.659
157.66
157.661
157.662
157.663
157.664
157.665
157.666
157.667
157.668
157.669
157.67
157.671
157.672
157.673
157.674
157.675
157.676
157.677
157.678
157.679
157.68
157.681
157.682
157.683
157.684
157.685
157.686
157.687
157.688
157.689
157.69
157.691
157.692
157.693
157.694
157.695
157.696
157.697
157.698
157.699
157.7
157.701
157.702
157.703
157.704
157.705
157.706
157.707
157.708
157.709
157.71
157.711
157.712
157.713
157.714
157.715
157.716
157.717
157.718
157.719
157.72
157.721
157.722
157.723
157.724
157.725
157.726
157.727
157.728
157.729
157.73
157.731
157.732
157.733
157.734
157.735
157.736
157.737
157.738
157.739
157.74
157.741
157.742
157.743
157.744
157.745
157.746
157.747
157.748
157.749
157.75
157.751
157.752
157.753
157.754
157.755
157.756
157.757
157.758
157.759
157.76
157.761
157.762
157.763
157.764
157.765
157.766
157.767
157.768
157.769
157.77
157.771
157.772
157.773
157.774
157.775
157.776
157.777
157.778
157.779
157.78
157.781
157.782
157.783
157.784
157.785
157.786
157.787
157.788
157.789
157.79
157.791
157.792
157.793
157.794
157.795
157.796
157.797
157.798
157.799
157.8
157.801
157.802
157.803
157.804
157.805
157.806
157.807
157.808
157.809
157.81
157.811
157.812
157.813
157.814
157.815
157.816
157.817
157.818
157.819
157.82
157.821
157.822
157.823
157.824
157.825
157.826
157.827
157.828
157.829
157.83
157.831
157.832
157.833
157.834
157.835
157.836
157.837
157.838
157.839
157.84
157.841
157.842
157.843
157.844
157.845
157.846
157.847
157.848
157.849
157.85
157.851
157.852
157.853
157.854
157.855
157.856
157.857
157.858
157.859
157.86
157.861
157.862
157.863
157.864
157.865
157.866
157.867
157.868
157.869
157.87
157.871
157.872
157.873
157.874
157.875
157.876
157.877
157.878
157.879
157.88
157.881
157.882
157.883
157.884
157.885
157.886
157.887
157.888
157.889
157.89
157.891
157.892
157.893
157.894
157.895
157.896
157.897
157.898
157.899
157.9
157.901
157.902
157.903
157.904
157.905
157.906
157.907
157.908
157.909
157.91
157.911
157.912
157.913
157.914
157.915
157.916
157.917
157.918
157.919
157.92
157.921
157.922
157.923
157.924
157.925
157.926
157.927
157.928
157.929
157.93
157.931
157.932
157.933
157.934
157.935
157.936
157.937
157.938
157.939
157.94
157.941
157.942
157.943
157.944
157.945
157.946
157.947
157.948
157.949
157.95
157.951
157.952
157.953
157.954
157.955
157.956
157.957
157.958
157.959
157.96
157.961
157.962
157.963
157.964
157.965
157.966
157.967
157.968
157.969
157.97
157.971
157.972
157.973
157.974
157.975
157.976
157.977
157.978
157.979
157.98
157.981
157.982
157.983
157.984
157.985
157.986
157.987
157.988
157.989
157.99
157.991
157.992
157.993
157.994
157.995
157.996
157.997
157.998
157.999
158
158.001
158.002
158.003
158.004
158.005
158.006
158.007
158.008
158.009
158.01
158.011
158.012
158.013
158.014
158.015
158.016
158.017
158.018
158.019
158.02
158.021
158.022
158.023
158.024
158.025
158.026
158.027
158.028
158.029
158.03
158.031
158.032
158.033
158.034
158.035
158.036
158.037
158.038
158.039
158.04
158.041
158.042
158.043
158.044
158.045
158.046
158.047
158.048
158.049
158.05
158.051
158.052
158.053
158.054
158.055
158.056
158.057
158.058
158.059
158.06
158.061
158.062
158.063
158.064
158.065
158.066
158.067
158.068
158.069
158.07
158.071
158.072
158.073
158.074
158.075
158.076
158.077
158.078
158.079
158.08
158.081
158.082
158.083
158.084
158.085
158.086
158.087
158.088
158.089
158.09
158.091
158.092
158.093
158.094
158.095
158.096
158.097
158.098
158.099
158.1
158.101
158.102
158.103
158.104
158.105
158.106
158.107
158.108
158.109
158.11
158.111
158.112
158.113
158.114
158.115
158.116
158.117
158.118
158.119
158.12
158.121
158.122
158.123
158.124
158.125
158.126
158.127
158.128
158.129
158.13
158.131
158.132
158.133
158.134
158.135
158.136
158.137
158.138
158.139
158.14
158.141
158.142
158.143
158.144
158.145
158.146
158.147
158.148
158.149
158.15
158.151
158.152
158.153
158.154
158.155
158.156
158.157
158.158
158.159
158.16
158.161
158.162
158.163
158.164
158.165
158.166
158.167
158.168
158.169
158.17
158.171
158.172
158.173
158.174
158.175
158.176
158.177
158.178
158.179
158.18
158.181
158.182
158.183
158.184
158.185
158.186
158.187
158.188
158.189
158.19
158.191
158.192
158.193
158.194
158.195
158.196
158.197
158.198
158.199
158.2
158.201
158.202
158.203
158.204
158.205
158.206
158.207
158.208
158.209
158.21
158.211
158.212
158.213
158.214
158.215
158.216
158.217
158.218
158.219
158.22
158.221
158.222
158.223
158.224
158.225
158.226
158.227
158.228
158.229
158.23
158.231
158.232
158.233
158.234
158.235
158.236
158.237
158.238
158.239
158.24
158.241
158.242
158.243
158.244
158.245
158.246
158.247
158.248
158.249
158.25
158.251
158.252
158.253
158.254
158.255
158.256
158.257
158.258
158.259
158.26
158.261
158.262
158.263
158.264
158.265
158.266
158.267
158.268
158.269
158.27
158.271
158.272
158.273
158.274
158.275
158.276
158.277
158.278
158.279
158.28
158.281
158.282
158.283
158.284
158.285
158.286
158.287
158.288
158.289
158.29
158.291
158.292
158.293
158.294
158.295
158.296
158.297
158.298
158.299
158.3
158.301
158.302
158.303
158.304
158.305
158.306
158.307
158.308
158.309
158.31
158.311
158.312
158.313
158.314
158.315
158.316
158.317
158.318
158.319
158.32
158.321
158.322
158.323
158.324
158.325
158.326
158.327
158.328
158.329
158.33
158.331
158.332
158.333
158.334
158.335
158.336
158.337
158.338
158.339
158.34
158.341
158.342
158.343
158.344
158.345
158.346
158.347
158.348
158.349
158.35
158.351
158.352
158.353
158.354
158.355
158.356
158.357
158.358
158.359
158.36
158.361
158.362
158.363
158.364
158.365
158.366
158.367
158.368
158.369
158.37
158.371
158.372
158.373
158.374
158.375
158.376
158.377
158.378
158.379
158.38
158.381
158.382
158.383
158.384
158.385
158.386
158.387
158.388
158.389
158.39
158.391
158.392
158.393
158.394
158.395
158.396
158.397
158.398
158.399
158.4
158.401
158.402
158.403
158.404
158.405
158.406
158.407
158.408
158.409
158.41
158.411
158.412
158.413
158.414
158.415
158.416
158.417
158.418
158.419
158.42
158.421
158.422
158.423
158.424
158.425
158.426
158.427
158.428
158.429
158.43
158.431
158.432
158.433
158.434
158.435
158.436
158.437
158.438
158.439
158.44
158.441
158.442
158.443
158.444
158.445
158.446
158.447
158.448
158.449
158.45
158.451
158.452
158.453
158.454
158.455
158.456
158.457
158.458
158.459
158.46
158.461
158.462
158.463
158.464
158.465
158.466
158.467
158.468
158.469
158.47
158.471
158.472
158.473
158.474
158.475
158.476
158.477
158.478
158.479
158.48
158.481
158.482
158.483
158.484
158.485
158.486
158.487
158.488
158.489
158.49
158.491
158.492
158.493
158.494
158.495
158.496
158.497
158.498
158.499
158.5
158.501
158.502
158.503
158.504
158.505
158.506
158.507
158.508
158.509
158.51
158.511
158.512
158.513
158.514
158.515
158.516
158.517
158.518
158.519
158.52
158.521
158.522
158.523
158.524
158.525
158.526
158.527
158.528
158.529
158.53
158.531
158.532
158.533
158.534
158.535
158.536
158.537
158.538
158.539
158.54
158.541
158.542
158.543
158.544
158.545
158.546
158.547
158.548
158.549
158.55
158.551
158.552
158.553
158.554
158.555
158.556
158.557
158.558
158.559
158.56
158.561
158.562
158.563
158.564
158.565
158.566
158.567
158.568
158.569
158.57
158.571
158.572
158.573
158.574
158.575
158.576
158.577
158.578
158.579
158.58
158.581
158.582
158.583
158.584
158.585
158.586
158.587
158.588
158.589
158.59
158.591
158.592
158.593
158.594
158.595
158.596
158.597
158.598
158.599
158.6
158.601
158.602
158.603
158.604
158.605
158.606
158.607
158.608
158.609
158.61
158.611
158.612
158.613
158.614
158.615
158.616
158.617
158.618
158.619
158.62
158.621
158.622
158.623
158.624
158.625
158.626
158.627
158.628
158.629
158.63
158.631
158.632
158.633
158.634
158.635
158.636
158.637
158.638
158.639
158.64
158.641
158.642
158.643
158.644
158.645
158.646
158.647
158.648
158.649
158.65
158.651
158.652
158.653
158.654
158.655
158.656
158.657
158.658
158.659
158.66
158.661
158.662
158.663
158.664
158.665
158.666
158.667
158.668
158.669
158.67
158.671
158.672
158.673
158.674
158.675
158.676
158.677
158.678
158.679
158.68
158.681
158.682
158.683
158.684
158.685
158.686
158.687
158.688
158.689
158.69
158.691
158.692
158.693
158.694
158.695
158.696
158.697
158.698
158.699
158.7
158.701
158.702
158.703
158.704
158.705
158.706
158.707
158.708
158.709
158.71
158.711
158.712
158.713
158.714
158.715
158.716
158.717
158.718
158.719
158.72
158.721
158.722
158.723
158.724
158.725
158.726
158.727
158.728
158.729
158.73
158.731
158.732
158.733
158.734
158.735
158.736
158.737
158.738
158.739
158.74
158.741
158.742
158.743
158.744
158.745
158.746
158.747
158.748
158.749
158.75
158.751
158.752
158.753
158.754
158.755
158.756
158.757
158.758
158.759
158.76
158.761
158.762
158.763
158.764
158.765
158.766
158.767
158.768
158.769
158.77
158.771
158.772
158.773
158.774
158.775
158.776
158.777
158.778
158.779
158.78
158.781
158.782
158.783
158.784
158.785
158.786
158.787
158.788
158.789
158.79
158.791
158.792
158.793
158.794
158.795
158.796
158.797
158.798
158.799
158.8
158.801
158.802
158.803
158.804
158.805
158.806
158.807
158.808
158.809
158.81
158.811
158.812
158.813
158.814
158.815
158.816
158.817
158.818
158.819
158.82
158.821
158.822
158.823
158.824
158.825
158.826
158.827
158.828
158.829
158.83
158.831
158.832
158.833
158.834
158.835
158.836
158.837
158.838
158.839
158.84
158.841
158.842
158.843
158.844
158.845
158.846
158.847
158.848
158.849
158.85
158.851
158.852
158.853
158.854
158.855
158.856
158.857
158.858
158.859
158.86
158.861
158.862
158.863
158.864
158.865
158.866
158.867
158.868
158.869
158.87
158.871
158.872
158.873
158.874
158.875
158.876
158.877
158.878
158.879
158.88
158.881
158.882
158.883
158.884
158.885
158.886
158.887
158.888
158.889
158.89
158.891
158.892
158.893
158.894
158.895
158.896
158.897
158.898
158.899
158.9
158.901
158.902
158.903
158.904
158.905
158.906
158.907
158.908
158.909
158.91
158.911
158.912
158.913
158.914
158.915
158.916
158.917
158.918
158.919
158.92
158.921
158.922
158.923
158.924
158.925
158.926
158.927
158.928
158.929
158.93
158.931
158.932
158.933
158.934
158.935
158.936
158.937
158.938
158.939
158.94
158.941
158.942
158.943
158.944
158.945
158.946
158.947
158.948
158.949
158.95
158.951
158.952
158.953
158.954
158.955
158.956
158.957
158.958
158.959
158.96
158.961
158.962
158.963
158.964
158.965
158.966
158.967
158.968
158.969
158.97
158.971
158.972
158.973
158.974
158.975
158.976
158.977
158.978
158.979
158.98
158.981
158.982
158.983
158.984
158.985
158.986
158.987
158.988
158.989
158.99
158.991
158.992
158.993
158.994
158.995
158.996
158.997
158.998
158.999
159
159.001
159.002
159.003
159.004
159.005
159.006
159.007
159.008
159.009
159.01
159.011
159.012
159.013
159.014
159.015
159.016
159.017
159.018
159.019
159.02
159.021
159.022
159.023
159.024
159.025
159.026
159.027
159.028
159.029
159.03
159.031
159.032
159.033
159.034
159.035
159.036
159.037
159.038
159.039
159.04
159.041
159.042
159.043
159.044
159.045
159.046
159.047
159.048
159.049
159.05
159.051
159.052
159.053
159.054
159.055
159.056
159.057
159.058
159.059
159.06
159.061
159.062
159.063
159.064
159.065
159.066
159.067
159.068
159.069
159.07
159.071
159.072
159.073
159.074
159.075
159.076
159.077
159.078
159.079
159.08
159.081
159.082
159.083
159.084
159.085
159.086
159.087
159.088
159.089
159.09
159.091
159.092
159.093
159.094
159.095
159.096
159.097
159.098
159.099
159.1
159.101
159.102
159.103
159.104
159.105
159.106
159.107
159.108
159.109
159.11
159.111
159.112
159.113
159.114
159.115
159.116
159.117
159.118
159.119
159.12
159.121
159.122
159.123
159.124
159.125
159.126
159.127
159.128
159.129
159.13
159.131
159.132
159.133
159.134
159.135
159.136
159.137
159.138
159.139
159.14
159.141
159.142
159.143
159.144
159.145
159.146
159.147
159.148
159.149
159.15
159.151
159.152
159.153
159.154
159.155
159.156
159.157
159.158
159.159
159.16
159.161
159.162
159.163
159.164
159.165
159.166
159.167
159.168
159.169
159.17
159.171
159.172
159.173
159.174
159.175
159.176
159.177
159.178
159.179
159.18
159.181
159.182
159.183
159.184
159.185
159.186
159.187
159.188
159.189
159.19
159.191
159.192
159.193
159.194
159.195
159.196
159.197
159.198
159.199
159.2
159.201
159.202
159.203
159.204
159.205
159.206
159.207
159.208
159.209
159.21
159.211
159.212
159.213
159.214
159.215
159.216
159.217
159.218
159.219
159.22
159.221
159.222
159.223
159.224
159.225
159.226
159.227
159.228
159.229
159.23
159.231
159.232
159.233
159.234
159.235
159.236
159.237
159.238
159.239
159.24
159.241
159.242
159.243
159.244
159.245
159.246
159.247
159.248
159.249
159.25
159.251
159.252
159.253
159.254
159.255
159.256
159.257
159.258
159.259
159.26
159.261
159.262
159.263
159.264
159.265
159.266
159.267
159.268
159.269
159.27
159.271
159.272
159.273
159.274
159.275
159.276
159.277
159.278
159.279
159.28
159.281
159.282
159.283
159.284
159.285
159.286
159.287
159.288
159.289
159.29
159.291
159.292
159.293
159.294
159.295
159.296
159.297
159.298
159.299
159.3
159.301
159.302
159.303
159.304
159.305
159.306
159.307
159.308
159.309
159.31
159.311
159.312
159.313
159.314
159.315
159.316
159.317
159.318
159.319
159.32
159.321
159.322
159.323
159.324
159.325
159.326
159.327
159.328
159.329
159.33
159.331
159.332
159.333
159.334
159.335
159.336
159.337
159.338
159.339
159.34
159.341
159.342
159.343
159.344
159.345
159.346
159.347
159.348
159.349
159.35
159.351
159.352
159.353
159.354
159.355
159.356
159.357
159.358
159.359
159.36
159.361
159.362
159.363
159.364
159.365
159.366
159.367
159.368
159.369
159.37
159.371
159.372
159.373
159.374
159.375
159.376
159.377
159.378
159.379
159.38
159.381
159.382
159.383
159.384
159.385
159.386
159.387
159.388
159.389
159.39
159.391
159.392
159.393
159.394
159.395
159.396
159.397
159.398
159.399
159.4
159.401
159.402
159.403
159.404
159.405
159.406
159.407
159.408
159.409
159.41
159.411
159.412
159.413
159.414
159.415
159.416
159.417
159.418
159.419
159.42
159.421
159.422
159.423
159.424
159.425
159.426
159.427
159.428
159.429
159.43
159.431
159.432
159.433
159.434
159.435
159.436
159.437
159.438
159.439
159.44
159.441
159.442
159.443
159.444
159.445
159.446
159.447
159.448
159.449
159.45
159.451
159.452
159.453
159.454
159.455
159.456
159.457
159.458
159.459
159.46
159.461
159.462
159.463
159.464
159.465
159.466
159.467
159.468
159.469
159.47
159.471
159.472
159.473
159.474
159.475
159.476
159.477
159.478
159.479
159.48
159.481
159.482
159.483
159.484
159.485
159.486
159.487
159.488
159.489
159.49
159.491
159.492
159.493
159.494
159.495
159.496
159.497
159.498
159.499
159.5
159.501
159.502
159.503
159.504
159.505
159.506
159.507
159.508
159.509
159.51
159.511
159.512
159.513
159.514
159.515
159.516
159.517
159.518
159.519
159.52
159.521
159.522
159.523
159.524
159.525
159.526
159.527
159.528
159.529
159.53
159.531
159.532
159.533
159.534
159.535
159.536
159.537
159.538
159.539
159.54
159.541
159.542
159.543
159.544
159.545
159.546
159.547
159.548
159.549
159.55
159.551
159.552
159.553
159.554
159.555
159.556
159.557
159.558
159.559
159.56
159.561
159.562
159.563
159.564
159.565
159.566
159.567
159.568
159.569
159.57
159.571
159.572
159.573
159.574
159.575
159.576
159.577
159.578
159.579
159.58
159.581
159.582
159.583
159.584
159.585
159.586
159.587
159.588
159.589
159.59
159.591
159.592
159.593
159.594
159.595
159.596
159.597
159.598
159.599
159.6
159.601
159.602
159.603
159.604
159.605
159.606
159.607
159.608
159.609
159.61
159.611
159.612
159.613
159.614
159.615
159.616
159.617
159.618
159.619
159.62
159.621
159.622
159.623
159.624
159.625
159.626
159.627
159.628
159.629
159.63
159.631
159.632
159.633
159.634
159.635
159.636
159.637
159.638
159.639
159.64
159.641
159.642
159.643
159.644
159.645
159.646
159.647
159.648
159.649
159.65
159.651
159.652
159.653
159.654
159.655
159.656
159.657
159.658
159.659
159.66
159.661
159.662
159.663
159.664
159.665
159.666
159.667
159.668
159.669
159.67
159.671
159.672
159.673
159.674
159.675
159.676
159.677
159.678
159.679
159.68
159.681
159.682
159.683
159.684
159.685
159.686
159.687
159.688
159.689
159.69
159.691
159.692
159.693
159.694
159.695
159.696
159.697
159.698
159.699
159.7
159.701
159.702
159.703
159.704
159.705
159.706
159.707
159.708
159.709
159.71
159.711
159.712
159.713
159.714
159.715
159.716
159.717
159.718
159.719
159.72
159.721
159.722
159.723
159.724
159.725
159.726
159.727
159.728
159.729
159.73
159.731
159.732
159.733
159.734
159.735
159.736
159.737
159.738
159.739
159.74
159.741
159.742
159.743
159.744
159.745
159.746
159.747
159.748
159.749
159.75
159.751
159.752
159.753
159.754
159.755
159.756
159.757
159.758
159.759
159.76
159.761
159.762
159.763
159.764
159.765
159.766
159.767
159.768
159.769
159.77
159.771
159.772
159.773
159.774
159.775
159.776
159.777
159.778
159.779
159.78
159.781
159.782
159.783
159.784
159.785
159.786
159.787
159.788
159.789
159.79
159.791
159.792
159.793
159.794
159.795
159.796
159.797
159.798
159.799
159.8
159.801
159.802
159.803
159.804
159.805
159.806
159.807
159.808
159.809
159.81
159.811
159.812
159.813
159.814
159.815
159.816
159.817
159.818
159.819
159.82
159.821
159.822
159.823
159.824
159.825
159.826
159.827
159.828
159.829
159.83
159.831
159.832
159.833
159.834
159.835
159.836
159.837
159.838
159.839
159.84
159.841
159.842
159.843
159.844
159.845
159.846
159.847
159.848
159.849
159.85
159.851
159.852
159.853
159.854
159.855
159.856
159.857
159.858
159.859
159.86
159.861
159.862
159.863
159.864
159.865
159.866
159.867
159.868
159.869
159.87
159.871
159.872
159.873
159.874
159.875
159.876
159.877
159.878
159.879
159.88
159.881
159.882
159.883
159.884
159.885
159.886
159.887
159.888
159.889
159.89
159.891
159.892
159.893
159.894
159.895
159.896
159.897
159.898
159.899
159.9
159.901
159.902
159.903
159.904
159.905
159.906
159.907
159.908
159.909
159.91
159.911
159.912
159.913
159.914
159.915
159.916
159.917
159.918
159.919
159.92
159.921
159.922
159.923
159.924
159.925
159.926
159.927
159.928
159.929
159.93
159.931
159.932
159.933
159.934
159.935
159.936
159.937
159.938
159.939
159.94
159.941
159.942
159.943
159.944
159.945
159.946
159.947
159.948
159.949
159.95
159.951
159.952
159.953
159.954
159.955
159.956
159.957
159.958
159.959
159.96
159.961
159.962
159.963
159.964
159.965
159.966
159.967
159.968
159.969
159.97
159.971
159.972
159.973
159.974
159.975
159.976
159.977
159.978
159.979
159.98
159.981
159.982
159.983
159.984
159.985
159.986
159.987
159.988
159.989
159.99
159.991
159.992
159.993
159.994
159.995
159.996
159.997
159.998
159.999
160
160.001
160.002
160.003
160.004
160.005
160.006
160.007
160.008
160.009
160.01
160.011
160.012
160.013
160.014
160.015
160.016
160.017
160.018
160.019
160.02
160.021
160.022
160.023
160.024
160.025
160.026
160.027
160.028
160.029
160.03
160.031
160.032
160.033
160.034
160.035
160.036
160.037
160.038
160.039
160.04
160.041
160.042
160.043
160.044
160.045
160.046
160.047
160.048
160.049
160.05
160.051
160.052
160.053
160.054
160.055
160.056
160.057
160.058
160.059
160.06
160.061
160.062
160.063
160.064
160.065
160.066
160.067
160.068
160.069
160.07
160.071
160.072
160.073
160.074
160.075
160.076
160.077
160.078
160.079
160.08
160.081
160.082
160.083
160.084
160.085
160.086
160.087
160.088
160.089
160.09
160.091
160.092
160.093
160.094
160.095
160.096
160.097
160.098
160.099
160.1
160.101
160.102
160.103
160.104
160.105
160.106
160.107
160.108
160.109
160.11
160.111
160.112
160.113
160.114
160.115
160.116
160.117
160.118
160.119
160.12
160.121
160.122
160.123
160.124
160.125
160.126
160.127
160.128
160.129
160.13
160.131
160.132
160.133
160.134
160.135
160.136
160.137
160.138
160.139
160.14
160.141
160.142
160.143
160.144
160.145
160.146
160.147
160.148
160.149
160.15
160.151
160.152
160.153
160.154
160.155
160.156
160.157
160.158
160.159
160.16
160.161
160.162
160.163
160.164
160.165
160.166
160.167
160.168
160.169
160.17
160.171
160.172
160.173
160.174
160.175
160.176
160.177
160.178
160.179
160.18
160.181
160.182
160.183
160.184
160.185
160.186
160.187
160.188
160.189
160.19
160.191
160.192
160.193
160.194
160.195
160.196
160.197
160.198
160.199
160.2
160.201
160.202
160.203
160.204
160.205
160.206
160.207
160.208
160.209
160.21
160.211
160.212
160.213
160.214
160.215
160.216
160.217
160.218
160.219
160.22
160.221
160.222
160.223
160.224
160.225
160.226
160.227
160.228
160.229
160.23
160.231
160.232
160.233
160.234
160.235
160.236
160.237
160.238
160.239
160.24
160.241
160.242
160.243
160.244
160.245
160.246
160.247
160.248
160.249
160.25
160.251
160.252
160.253
160.254
160.255
160.256
160.257
160.258
160.259
160.26
160.261
160.262
160.263
160.264
160.265
160.266
160.267
160.268
160.269
160.27
160.271
160.272
160.273
160.274
160.275
160.276
160.277
160.278
160.279
160.28
160.281
160.282
160.283
160.284
160.285
160.286
160.287
160.288
160.289
160.29
160.291
160.292
160.293
160.294
160.295
160.296
160.297
160.298
160.299
160.3
160.301
160.302
160.303
160.304
160.305
160.306
160.307
160.308
160.309
160.31
160.311
160.312
160.313
160.314
160.315
160.316
160.317
160.318
160.319
160.32
160.321
160.322
160.323
160.324
160.325
160.326
160.327
160.328
160.329
160.33
160.331
160.332
160.333
160.334
160.335
160.336
160.337
160.338
160.339
160.34
160.341
160.342
160.343
160.344
160.345
160.346
160.347
160.348
160.349
160.35
160.351
160.352
160.353
160.354
160.355
160.356
160.357
160.358
160.359
160.36
160.361
160.362
160.363
160.364
160.365
160.366
160.367
160.368
160.369
160.37
160.371
160.372
160.373
160.374
160.375
160.376
160.377
160.378
160.379
160.38
160.381
160.382
160.383
160.384
160.385
160.386
160.387
160.388
160.389
160.39
160.391
160.392
160.393
160.394
160.395
160.396
160.397
160.398
160.399
160.4
160.401
160.402
160.403
160.404
160.405
160.406
160.407
160.408
160.409
160.41
160.411
160.412
160.413
160.414
160.415
160.416
160.417
160.418
160.419
160.42
160.421
160.422
160.423
160.424
160.425
160.426
160.427
160.428
160.429
160.43
160.431
160.432
160.433
160.434
160.435
160.436
160.437
160.438
160.439
160.44
160.441
160.442
160.443
160.444
160.445
160.446
160.447
160.448
160.449
160.45
160.451
160.452
160.453
160.454
160.455
160.456
160.457
160.458
160.459
160.46
160.461
160.462
160.463
160.464
160.465
160.466
160.467
160.468
160.469
160.47
160.471
160.472
160.473
160.474
160.475
160.476
160.477
160.478
160.479
160.48
160.481
160.482
160.483
160.484
160.485
160.486
160.487
160.488
160.489
160.49
160.491
160.492
160.493
160.494
160.495
160.496
160.497
160.498
160.499
160.5
160.501
160.502
160.503
160.504
160.505
160.506
160.507
160.508
160.509
160.51
160.511
160.512
160.513
160.514
160.515
160.516
160.517
160.518
160.519
160.52
160.521
160.522
160.523
160.524
160.525
160.526
160.527
160.528
160.529
160.53
160.531
160.532
160.533
160.534
160.535
160.536
160.537
160.538
160.539
160.54
160.541
160.542
160.543
160.544
160.545
160.546
160.547
160.548
160.549
160.55
160.551
160.552
160.553
160.554
160.555
160.556
160.557
160.558
160.559
160.56
160.561
160.562
160.563
160.564
160.565
160.566
160.567
160.568
160.569
160.57
160.571
160.572
160.573
160.574
160.575
160.576
160.577
160.578
160.579
160.58
160.581
160.582
160.583
160.584
160.585
160.586
160.587
160.588
160.589
160.59
160.591
160.592
160.593
160.594
160.595
160.596
160.597
160.598
160.599
160.6
160.601
160.602
160.603
160.604
160.605
160.606
160.607
160.608
160.609
160.61
160.611
160.612
160.613
160.614
160.615
160.616
160.617
160.618
160.619
160.62
160.621
160.622
160.623
160.624
160.625
160.626
160.627
160.628
160.629
160.63
160.631
160.632
160.633
160.634
160.635
160.636
160.637
160.638
160.639
160.64
160.641
160.642
160.643
160.644
160.645
160.646
160.647
160.648
160.649
160.65
160.651
160.652
160.653
160.654
160.655
160.656
160.657
160.658
160.659
160.66
160.661
160.662
160.663
160.664
160.665
160.666
160.667
160.668
160.669
160.67
160.671
160.672
160.673
160.674
160.675
160.676
160.677
160.678
160.679
160.68
160.681
160.682
160.683
160.684
160.685
160.686
160.687
160.688
160.689
160.69
160.691
160.692
160.693
160.694
160.695
160.696
160.697
160.698
160.699
160.7
160.701
160.702
160.703
160.704
160.705
160.706
160.707
160.708
160.709
160.71
160.711
160.712
160.713
160.714
160.715
160.716
160.717
160.718
160.719
160.72
160.721
160.722
160.723
160.724
160.725
160.726
160.727
160.728
160.729
160.73
160.731
160.732
160.733
160.734
160.735
160.736
160.737
160.738
160.739
160.74
160.741
160.742
160.743
160.744
160.745
160.746
160.747
160.748
160.749
160.75
160.751
160.752
160.753
160.754
160.755
160.756
160.757
160.758
160.759
160.76
160.761
160.762
160.763
160.764
160.765
160.766
160.767
160.768
160.769
160.77
160.771
160.772
160.773
160.774
160.775
160.776
160.777
160.778
160.779
160.78
160.781
160.782
160.783
160.784
160.785
160.786
160.787
160.788
160.789
160.79
160.791
160.792
160.793
160.794
160.795
160.796
160.797
160.798
160.799
160.8
160.801
160.802
160.803
160.804
160.805
160.806
160.807
160.808
160.809
160.81
160.811
160.812
160.813
160.814
160.815
160.816
160.817
160.818
160.819
160.82
160.821
160.822
160.823
160.824
160.825
160.826
160.827
160.828
160.829
160.83
160.831
160.832
160.833
160.834
160.835
160.836
160.837
160.838
160.839
160.84
160.841
160.842
160.843
160.844
160.845
160.846
160.847
160.848
160.849
160.85
160.851
160.852
160.853
160.854
160.855
160.856
160.857
160.858
160.859
160.86
160.861
160.862
160.863
160.864
160.865
160.866
160.867
160.868
160.869
160.87
160.871
160.872
160.873
160.874
160.875
160.876
160.877
160.878
160.879
160.88
160.881
160.882
160.883
160.884
160.885
160.886
160.887
160.888
160.889
160.89
160.891
160.892
160.893
160.894
160.895
160.896
160.897
160.898
160.899
160.9
160.901
160.902
160.903
160.904
160.905
160.906
160.907
160.908
160.909
160.91
160.911
160.912
160.913
160.914
160.915
160.916
160.917
160.918
160.919
160.92
160.921
160.922
160.923
160.924
160.925
160.926
160.927
160.928
160.929
160.93
160.931
160.932
160.933
160.934
160.935
160.936
160.937
160.938
160.939
160.94
160.941
160.942
160.943
160.944
160.945
160.946
160.947
160.948
160.949
160.95
160.951
160.952
160.953
160.954
160.955
160.956
160.957
160.958
160.959
160.96
160.961
160.962
160.963
160.964
160.965
160.966
160.967
160.968
160.969
160.97
160.971
160.972
160.973
160.974
160.975
160.976
160.977
160.978
160.979
160.98
160.981
160.982
160.983
160.984
160.985
160.986
160.987
160.988
160.989
160.99
160.991
160.992
160.993
160.994
160.995
160.996
160.997
160.998
160.999
161
161.001
161.002
161.003
161.004
161.005
161.006
161.007
161.008
161.009
161.01
161.011
161.012
161.013
161.014
161.015
161.016
161.017
161.018
161.019
161.02
161.021
161.022
161.023
161.024
161.025
161.026
161.027
161.028
161.029
161.03
161.031
161.032
161.033
161.034
161.035
161.036
161.037
161.038
161.039
161.04
161.041
161.042
161.043
161.044
161.045
161.046
161.047
161.048
161.049
161.05
161.051
161.052
161.053
161.054
161.055
161.056
161.057
161.058
161.059
161.06
161.061
161.062
161.063
161.064
161.065
161.066
161.067
161.068
161.069
161.07
161.071
161.072
161.073
161.074
161.075
161.076
161.077
161.078
161.079
161.08
161.081
161.082
161.083
161.084
161.085
161.086
161.087
161.088
161.089
161.09
161.091
161.092
161.093
161.094
161.095
161.096
161.097
161.098
161.099
161.1
161.101
161.102
161.103
161.104
161.105
161.106
161.107
161.108
161.109
161.11
161.111
161.112
161.113
161.114
161.115
161.116
161.117
161.118
161.119
161.12
161.121
161.122
161.123
161.124
161.125
161.126
161.127
161.128
161.129
161.13
161.131
161.132
161.133
161.134
161.135
161.136
161.137
161.138
161.139
161.14
161.141
161.142
161.143
161.144
161.145
161.146
161.147
161.148
161.149
161.15
161.151
161.152
161.153
161.154
161.155
161.156
161.157
161.158
161.159
161.16
161.161
161.162
161.163
161.164
161.165
161.166
161.167
161.168
161.169
161.17
161.171
161.172
161.173
161.174
161.175
161.176
161.177
161.178
161.179
161.18
161.181
161.182
161.183
161.184
161.185
161.186
161.187
161.188
161.189
161.19
161.191
161.192
161.193
161.194
161.195
161.196
161.197
161.198
161.199
161.2
161.201
161.202
161.203
161.204
161.205
161.206
161.207
161.208
161.209
161.21
161.211
161.212
161.213
161.214
161.215
161.216
161.217
161.218
161.219
161.22
161.221
161.222
161.223
161.224
161.225
161.226
161.227
161.228
161.229
161.23
161.231
161.232
161.233
161.234
161.235
161.236
161.237
161.238
161.239
161.24
161.241
161.242
161.243
161.244
161.245
161.246
161.247
161.248
161.249
161.25
161.251
161.252
161.253
161.254
161.255
161.256
161.257
161.258
161.259
161.26
161.261
161.262
161.263
161.264
161.265
161.266
161.267
161.268
161.269
161.27
161.271
161.272
161.273
161.274
161.275
161.276
161.277
161.278
161.279
161.28
161.281
161.282
161.283
161.284
161.285
161.286
161.287
161.288
161.289
161.29
161.291
161.292
161.293
161.294
161.295
161.296
161.297
161.298
161.299
161.3
161.301
161.302
161.303
161.304
161.305
161.306
161.307
161.308
161.309
161.31
161.311
161.312
161.313
161.314
161.315
161.316
161.317
161.318
161.319
161.32
161.321
161.322
161.323
161.324
161.325
161.326
161.327
161.328
161.329
161.33
161.331
161.332
161.333
161.334
161.335
161.336
161.337
161.338
161.339
161.34
161.341
161.342
161.343
161.344
161.345
161.346
161.347
161.348
161.349
161.35
161.351
161.352
161.353
161.354
161.355
161.356
161.357
161.358
161.359
161.36
161.361
161.362
161.363
161.364
161.365
161.366
161.367
161.368
161.369
161.37
161.371
161.372
161.373
161.374
161.375
161.376
161.377
161.378
161.379
161.38
161.381
161.382
161.383
161.384
161.385
161.386
161.387
161.388
161.389
161.39
161.391
161.392
161.393
161.394
161.395
161.396
161.397
161.398
161.399
161.4
161.401
161.402
161.403
161.404
161.405
161.406
161.407
161.408
161.409
161.41
161.411
161.412
161.413
161.414
161.415
161.416
161.417
161.418
161.419
161.42
161.421
161.422
161.423
161.424
161.425
161.426
161.427
161.428
161.429
161.43
161.431
161.432
161.433
161.434
161.435
161.436
161.437
161.438
161.439
161.44
161.441
161.442
161.443
161.444
161.445
161.446
161.447
161.448
161.449
161.45
161.451
161.452
161.453
161.454
161.455
161.456
161.457
161.458
161.459
161.46
161.461
161.462
161.463
161.464
161.465
161.466
161.467
161.468
161.469
161.47
161.471
161.472
161.473
161.474
161.475
161.476
161.477
161.478
161.479
161.48
161.481
161.482
161.483
161.484
161.485
161.486
161.487
161.488
161.489
161.49
161.491
161.492
161.493
161.494
161.495
161.496
161.497
161.498
161.499
161.5
161.501
161.502
161.503
161.504
161.505
161.506
161.507
161.508
161.509
161.51
161.511
161.512
161.513
161.514
161.515
161.516
161.517
161.518
161.519
161.52
161.521
161.522
161.523
161.524
161.525
161.526
161.527
161.528
161.529
161.53
161.531
161.532
161.533
161.534
161.535
161.536
161.537
161.538
161.539
161.54
161.541
161.542
161.543
161.544
161.545
161.546
161.547
161.548
161.549
161.55
161.551
161.552
161.553
161.554
161.555
161.556
161.557
161.558
161.559
161.56
161.561
161.562
161.563
161.564
161.565
161.566
161.567
161.568
161.569
161.57
161.571
161.572
161.573
161.574
161.575
161.576
161.577
161.578
161.579
161.58
161.581
161.582
161.583
161.584
161.585
161.586
161.587
161.588
161.589
161.59
161.591
161.592
161.593
161.594
161.595
161.596
161.597
161.598
161.599
161.6
161.601
161.602
161.603
161.604
161.605
161.606
161.607
161.608
161.609
161.61
161.611
161.612
161.613
161.614
161.615
161.616
161.617
161.618
161.619
161.62
161.621
161.622
161.623
161.624
161.625
161.626
161.627
161.628
161.629
161.63
161.631
161.632
161.633
161.634
161.635
161.636
161.637
161.638
161.639
161.64
161.641
161.642
161.643
161.644
161.645
161.646
161.647
161.648
161.649
161.65
161.651
161.652
161.653
161.654
161.655
161.656
161.657
161.658
161.659
161.66
161.661
161.662
161.663
161.664
161.665
161.666
161.667
161.668
161.669
161.67
161.671
161.672
161.673
161.674
161.675
161.676
161.677
161.678
161.679
161.68
161.681
161.682
161.683
161.684
161.685
161.686
161.687
161.688
161.689
161.69
161.691
161.692
161.693
161.694
161.695
161.696
161.697
161.698
161.699
161.7
161.701
161.702
161.703
161.704
161.705
161.706
161.707
161.708
161.709
161.71
161.711
161.712
161.713
161.714
161.715
161.716
161.717
161.718
161.719
161.72
161.721
161.722
161.723
161.724
161.725
161.726
161.727
161.728
161.729
161.73
161.731
161.732
161.733
161.734
161.735
161.736
161.737
161.738
161.739
161.74
161.741
161.742
161.743
161.744
161.745
161.746
161.747
161.748
161.749
161.75
161.751
161.752
161.753
161.754
161.755
161.756
161.757
161.758
161.759
161.76
161.761
161.762
161.763
161.764
161.765
161.766
161.767
161.768
161.769
161.77
161.771
161.772
161.773
161.774
161.775
161.776
161.777
161.778
161.779
161.78
161.781
161.782
161.783
161.784
161.785
161.786
161.787
161.788
161.789
161.79
161.791
161.792
161.793
161.794
161.795
161.796
161.797
161.798
161.799
161.8
161.801
161.802
161.803
161.804
161.805
161.806
161.807
161.808
161.809
161.81
161.811
161.812
161.813
161.814
161.815
161.816
161.817
161.818
161.819
161.82
161.821
161.822
161.823
161.824
161.825
161.826
161.827
161.828
161.829
161.83
161.831
161.832
161.833
161.834
161.835
161.836
161.837
161.838
161.839
161.84
161.841
161.842
161.843
161.844
161.845
161.846
161.847
161.848
161.849
161.85
161.851
161.852
161.853
161.854
161.855
161.856
161.857
161.858
161.859
161.86
161.861
161.862
161.863
161.864
161.865
161.866
161.867
161.868
161.869
161.87
161.871
161.872
161.873
161.874
161.875
161.876
161.877
161.878
161.879
161.88
161.881
161.882
161.883
161.884
161.885
161.886
161.887
161.888
161.889
161.89
161.891
161.892
161.893
161.894
161.895
161.896
161.897
161.898
161.899
161.9
161.901
161.902
161.903
161.904
161.905
161.906
161.907
161.908
161.909
161.91
161.911
161.912
161.913
161.914
161.915
161.916
161.917
161.918
161.919
161.92
161.921
161.922
161.923
161.924
161.925
161.926
161.927
161.928
161.929
161.93
161.931
161.932
161.933
161.934
161.935
161.936
161.937
161.938
161.939
161.94
161.941
161.942
161.943
161.944
161.945
161.946
161.947
161.948
161.949
161.95
161.951
161.952
161.953
161.954
161.955
161.956
161.957
161.958
161.959
161.96
161.961
161.962
161.963
161.964
161.965
161.966
161.967
161.968
161.969
161.97
161.971
161.972
161.973
161.974
161.975
161.976
161.977
161.978
161.979
161.98
161.981
161.982
161.983
161.984
161.985
161.986
161.987
161.988
161.989
161.99
161.991
161.992
161.993
161.994
161.995
161.996
161.997
161.998
161.999
162
162.001
162.002
162.003
162.004
162.005
162.006
162.007
162.008
162.009
162.01
162.011
162.012
162.013
162.014
162.015
162.016
162.017
162.018
162.019
162.02
162.021
162.022
162.023
162.024
162.025
162.026
162.027
162.028
162.029
162.03
162.031
162.032
162.033
162.034
162.035
162.036
162.037
162.038
162.039
162.04
162.041
162.042
162.043
162.044
162.045
162.046
162.047
162.048
162.049
162.05
162.051
162.052
162.053
162.054
162.055
162.056
162.057
162.058
162.059
162.06
162.061
162.062
162.063
162.064
162.065
162.066
162.067
162.068
162.069
162.07
162.071
162.072
162.073
162.074
162.075
162.076
162.077
162.078
162.079
162.08
162.081
162.082
162.083
162.084
162.085
162.086
162.087
162.088
162.089
162.09
162.091
162.092
162.093
162.094
162.095
162.096
162.097
162.098
162.099
162.1
162.101
162.102
162.103
162.104
162.105
162.106
162.107
162.108
162.109
162.11
162.111
162.112
162.113
162.114
162.115
162.116
162.117
162.118
162.119
162.12
162.121
162.122
162.123
162.124
162.125
162.126
162.127
162.128
162.129
162.13
162.131
162.132
162.133
162.134
162.135
162.136
162.137
162.138
162.139
162.14
162.141
162.142
162.143
162.144
162.145
162.146
162.147
162.148
162.149
162.15
162.151
162.152
162.153
162.154
162.155
162.156
162.157
162.158
162.159
162.16
162.161
162.162
162.163
162.164
162.165
162.166
162.167
162.168
162.169
162.17
162.171
162.172
162.173
162.174
162.175
162.176
162.177
162.178
162.179
162.18
162.181
162.182
162.183
162.184
162.185
162.186
162.187
162.188
162.189
162.19
162.191
162.192
162.193
162.194
162.195
162.196
162.197
162.198
162.199
162.2
162.201
162.202
162.203
162.204
162.205
162.206
162.207
162.208
162.209
162.21
162.211
162.212
162.213
162.214
162.215
162.216
162.217
162.218
162.219
162.22
162.221
162.222
162.223
162.224
162.225
162.226
162.227
162.228
162.229
162.23
162.231
162.232
162.233
162.234
162.235
162.236
162.237
162.238
162.239
162.24
162.241
162.242
162.243
162.244
162.245
162.246
162.247
162.248
162.249
162.25
162.251
162.252
162.253
162.254
162.255
162.256
162.257
162.258
162.259
162.26
162.261
162.262
162.263
162.264
162.265
162.266
162.267
162.268
162.269
162.27
162.271
162.272
162.273
162.274
162.275
162.276
162.277
162.278
162.279
162.28
162.281
162.282
162.283
162.284
162.285
162.286
162.287
162.288
162.289
162.29
162.291
162.292
162.293
162.294
162.295
162.296
162.297
162.298
162.299
162.3
162.301
162.302
162.303
162.304
162.305
162.306
162.307
162.308
162.309
162.31
162.311
162.312
162.313
162.314
162.315
162.316
162.317
162.318
162.319
162.32
162.321
162.322
162.323
162.324
162.325
162.326
162.327
162.328
162.329
162.33
162.331
162.332
162.333
162.334
162.335
162.336
162.337
162.338
162.339
162.34
162.341
162.342
162.343
162.344
162.345
162.346
162.347
162.348
162.349
162.35
162.351
162.352
162.353
162.354
162.355
162.356
162.357
162.358
162.359
162.36
162.361
162.362
162.363
162.364
162.365
162.366
162.367
162.368
162.369
162.37
162.371
162.372
162.373
162.374
162.375
162.376
162.377
162.378
162.379
162.38
162.381
162.382
162.383
162.384
162.385
162.386
162.387
162.388
162.389
162.39
162.391
162.392
162.393
162.394
162.395
162.396
162.397
162.398
162.399
162.4
162.401
162.402
162.403
162.404
162.405
162.406
162.407
162.408
162.409
162.41
162.411
162.412
162.413
162.414
162.415
162.416
162.417
162.418
162.419
162.42
162.421
162.422
162.423
162.424
162.425
162.426
162.427
162.428
162.429
162.43
162.431
162.432
162.433
162.434
162.435
162.436
162.437
162.438
162.439
162.44
162.441
162.442
162.443
162.444
162.445
162.446
162.447
162.448
162.449
162.45
162.451
162.452
162.453
162.454
162.455
162.456
162.457
162.458
162.459
162.46
162.461
162.462
162.463
162.464
162.465
162.466
162.467
162.468
162.469
162.47
162.471
162.472
162.473
162.474
162.475
162.476
162.477
162.478
162.479
162.48
162.481
162.482
162.483
162.484
162.485
162.486
162.487
162.488
162.489
162.49
162.491
162.492
162.493
162.494
162.495
162.496
162.497
162.498
162.499
162.5
162.501
162.502
162.503
162.504
162.505
162.506
162.507
162.508
162.509
162.51
162.511
162.512
162.513
162.514
162.515
162.516
162.517
162.518
162.519
162.52
162.521
162.522
162.523
162.524
162.525
162.526
162.527
162.528
162.529
162.53
162.531
162.532
162.533
162.534
162.535
162.536
162.537
162.538
162.539
162.54
162.541
162.542
162.543
162.544
162.545
162.546
162.547
162.548
162.549
162.55
162.551
162.552
162.553
162.554
162.555
162.556
162.557
162.558
162.559
162.56
162.561
162.562
162.563
162.564
162.565
162.566
162.567
162.568
162.569
162.57
162.571
162.572
162.573
162.574
162.575
162.576
162.577
162.578
162.579
162.58
162.581
162.582
162.583
162.584
162.585
162.586
162.587
162.588
162.589
162.59
162.591
162.592
162.593
162.594
162.595
162.596
162.597
162.598
162.599
162.6
162.601
162.602
162.603
162.604
162.605
162.606
162.607
162.608
162.609
162.61
162.611
162.612
162.613
162.614
162.615
162.616
162.617
162.618
162.619
162.62
162.621
162.622
162.623
162.624
162.625
162.626
162.627
162.628
162.629
162.63
162.631
162.632
162.633
162.634
162.635
162.636
162.637
162.638
162.639
162.64
162.641
162.642
162.643
162.644
162.645
162.646
162.647
162.648
162.649
162.65
162.651
162.652
162.653
162.654
162.655
162.656
162.657
162.658
162.659
162.66
162.661
162.662
162.663
162.664
162.665
162.666
162.667
162.668
162.669
162.67
162.671
162.672
162.673
162.674
162.675
162.676
162.677
162.678
162.679
162.68
162.681
162.682
162.683
162.684
162.685
162.686
162.687
162.688
162.689
162.69
162.691
162.692
162.693
162.694
162.695
162.696
162.697
162.698
162.699
162.7
162.701
162.702
162.703
162.704
162.705
162.706
162.707
162.708
162.709
162.71
162.711
162.712
162.713
162.714
162.715
162.716
162.717
162.718
162.719
162.72
162.721
162.722
162.723
162.724
162.725
162.726
162.727
162.728
162.729
162.73
162.731
162.732
162.733
162.734
162.735
162.736
162.737
162.738
162.739
162.74
162.741
162.742
162.743
162.744
162.745
162.746
162.747
162.748
162.749
162.75
162.751
162.752
162.753
162.754
162.755
162.756
162.757
162.758
162.759
162.76
162.761
162.762
162.763
162.764
162.765
162.766
162.767
162.768
162.769
162.77
162.771
162.772
162.773
162.774
162.775
162.776
162.777
162.778
162.779
162.78
162.781
162.782
162.783
162.784
162.785
162.786
162.787
162.788
162.789
162.79
162.791
162.792
162.793
162.794
162.795
162.796
162.797
162.798
162.799
162.8
162.801
162.802
162.803
162.804
162.805
162.806
162.807
162.808
162.809
162.81
162.811
162.812
162.813
162.814
162.815
162.816
162.817
162.818
162.819
162.82
162.821
162.822
162.823
162.824
162.825
162.826
162.827
162.828
162.829
162.83
162.831
162.832
162.833
162.834
162.835
162.836
162.837
162.838
162.839
162.84
162.841
162.842
162.843
162.844
162.845
162.846
162.847
162.848
162.849
162.85
162.851
162.852
162.853
162.854
162.855
162.856
162.857
162.858
162.859
162.86
162.861
162.862
162.863
162.864
162.865
162.866
162.867
162.868
162.869
162.87
162.871
162.872
162.873
162.874
162.875
162.876
162.877
162.878
162.879
162.88
162.881
162.882
162.883
162.884
162.885
162.886
162.887
162.888
162.889
162.89
162.891
162.892
162.893
162.894
162.895
162.896
162.897
162.898
162.899
162.9
162.901
162.902
162.903
162.904
162.905
162.906
162.907
162.908
162.909
162.91
162.911
162.912
162.913
162.914
162.915
162.916
162.917
162.918
162.919
162.92
162.921
162.922
162.923
162.924
162.925
162.926
162.927
162.928
162.929
162.93
162.931
162.932
162.933
162.934
162.935
162.936
162.937
162.938
162.939
162.94
162.941
162.942
162.943
162.944
162.945
162.946
162.947
162.948
162.949
162.95
162.951
162.952
162.953
162.954
162.955
162.956
162.957
162.958
162.959
162.96
162.961
162.962
162.963
162.964
162.965
162.966
162.967
162.968
162.969
162.97
162.971
162.972
162.973
162.974
162.975
162.976
162.977
162.978
162.979
162.98
162.981
162.982
162.983
162.984
162.985
162.986
162.987
162.988
162.989
162.99
162.991
162.992
162.993
162.994
162.995
162.996
162.997
162.998
162.999
163
163.001
163.002
163.003
163.004
163.005
163.006
163.007
163.008
163.009
163.01
163.011
163.012
163.013
163.014
163.015
163.016
163.017
163.018
163.019
163.02
163.021
163.022
163.023
163.024
163.025
163.026
163.027
163.028
163.029
163.03
163.031
163.032
163.033
163.034
163.035
163.036
163.037
163.038
163.039
163.04
163.041
163.042
163.043
163.044
163.045
163.046
163.047
163.048
163.049
163.05
163.051
163.052
163.053
163.054
163.055
163.056
163.057
163.058
163.059
163.06
163.061
163.062
163.063
163.064
163.065
163.066
163.067
163.068
163.069
163.07
163.071
163.072
163.073
163.074
163.075
163.076
163.077
163.078
163.079
163.08
163.081
163.082
163.083
163.084
163.085
163.086
163.087
163.088
163.089
163.09
163.091
163.092
163.093
163.094
163.095
163.096
163.097
163.098
163.099
163.1
163.101
163.102
163.103
163.104
163.105
163.106
163.107
163.108
163.109
163.11
163.111
163.112
163.113
163.114
163.115
163.116
163.117
163.118
163.119
163.12
163.121
163.122
163.123
163.124
163.125
163.126
163.127
163.128
163.129
163.13
163.131
163.132
163.133
163.134
163.135
163.136
163.137
163.138
163.139
163.14
163.141
163.142
163.143
163.144
163.145
163.146
163.147
163.148
163.149
163.15
163.151
163.152
163.153
163.154
163.155
163.156
163.157
163.158
163.159
163.16
163.161
163.162
163.163
163.164
163.165
163.166
163.167
163.168
163.169
163.17
163.171
163.172
163.173
163.174
163.175
163.176
163.177
163.178
163.179
163.18
163.181
163.182
163.183
163.184
163.185
163.186
163.187
163.188
163.189
163.19
163.191
163.192
163.193
163.194
163.195
163.196
163.197
163.198
163.199
163.2
163.201
163.202
163.203
163.204
163.205
163.206
163.207
163.208
163.209
163.21
163.211
163.212
163.213
163.214
163.215
163.216
163.217
163.218
163.219
163.22
163.221
163.222
163.223
163.224
163.225
163.226
163.227
163.228
163.229
163.23
163.231
163.232
163.233
163.234
163.235
163.236
163.237
163.238
163.239
163.24
163.241
163.242
163.243
163.244
163.245
163.246
163.247
163.248
163.249
163.25
163.251
163.252
163.253
163.254
163.255
163.256
163.257
163.258
163.259
163.26
163.261
163.262
163.263
163.264
163.265
163.266
163.267
163.268
163.269
163.27
163.271
163.272
163.273
163.274
163.275
163.276
163.277
163.278
163.279
163.28
163.281
163.282
163.283
163.284
163.285
163.286
163.287
163.288
163.289
163.29
163.291
163.292
163.293
163.294
163.295
163.296
163.297
163.298
163.299
163.3
163.301
163.302
163.303
163.304
163.305
163.306
163.307
163.308
163.309
163.31
163.311
163.312
163.313
163.314
163.315
163.316
163.317
163.318
163.319
163.32
163.321
163.322
163.323
163.324
163.325
163.326
163.327
163.328
163.329
163.33
163.331
163.332
163.333
163.334
163.335
163.336
163.337
163.338
163.339
163.34
163.341
163.342
163.343
163.344
163.345
163.346
163.347
163.348
163.349
163.35
163.351
163.352
163.353
163.354
163.355
163.356
163.357
163.358
163.359
163.36
163.361
163.362
163.363
163.364
163.365
163.366
163.367
163.368
163.369
163.37
163.371
163.372
163.373
163.374
163.375
163.376
163.377
163.378
163.379
163.38
163.381
163.382
163.383
163.384
163.385
163.386
163.387
163.388
163.389
163.39
163.391
163.392
163.393
163.394
163.395
163.396
163.397
163.398
163.399
163.4
163.401
163.402
163.403
163.404
163.405
163.406
163.407
163.408
163.409
163.41
163.411
163.412
163.413
163.414
163.415
163.416
163.417
163.418
163.419
163.42
163.421
163.422
163.423
163.424
163.425
163.426
163.427
163.428
163.429
163.43
163.431
163.432
163.433
163.434
163.435
163.436
163.437
163.438
163.439
163.44
163.441
163.442
163.443
163.444
163.445
163.446
163.447
163.448
163.449
163.45
163.451
163.452
163.453
163.454
163.455
163.456
163.457
163.458
163.459
163.46
163.461
163.462
163.463
163.464
163.465
163.466
163.467
163.468
163.469
163.47
163.471
163.472
163.473
163.474
163.475
163.476
163.477
163.478
163.479
163.48
163.481
163.482
163.483
163.484
163.485
163.486
163.487
163.488
163.489
163.49
163.491
163.492
163.493
163.494
163.495
163.496
163.497
163.498
163.499
163.5
163.501
163.502
163.503
163.504
163.505
163.506
163.507
163.508
163.509
163.51
163.511
163.512
163.513
163.514
163.515
163.516
163.517
163.518
163.519
163.52
163.521
163.522
163.523
163.524
163.525
163.526
163.527
163.528
163.529
163.53
163.531
163.532
163.533
163.534
163.535
163.536
163.537
163.538
163.539
163.54
163.541
163.542
163.543
163.544
163.545
163.546
163.547
163.548
163.549
163.55
163.551
163.552
163.553
163.554
163.555
163.556
163.557
163.558
163.559
163.56
163.561
163.562
163.563
163.564
163.565
163.566
163.567
163.568
163.569
163.57
163.571
163.572
163.573
163.574
163.575
163.576
163.577
163.578
163.579
163.58
163.581
163.582
163.583
163.584
163.585
163.586
163.587
163.588
163.589
163.59
163.591
163.592
163.593
163.594
163.595
163.596
163.597
163.598
163.599
163.6
163.601
163.602
163.603
163.604
163.605
163.606
163.607
163.608
163.609
163.61
163.611
163.612
163.613
163.614
163.615
163.616
163.617
163.618
163.619
163.62
163.621
163.622
163.623
163.624
163.625
163.626
163.627
163.628
163.629
163.63
163.631
163.632
163.633
163.634
163.635
163.636
163.637
163.638
163.639
163.64
163.641
163.642
163.643
163.644
163.645
163.646
163.647
163.648
163.649
163.65
163.651
163.652
163.653
163.654
163.655
163.656
163.657
163.658
163.659
163.66
163.661
163.662
163.663
163.664
163.665
163.666
163.667
163.668
163.669
163.67
163.671
163.672
163.673
163.674
163.675
163.676
163.677
163.678
163.679
163.68
163.681
163.682
163.683
163.684
163.685
163.686
163.687
163.688
163.689
163.69
163.691
163.692
163.693
163.694
163.695
163.696
163.697
163.698
163.699
163.7
163.701
163.702
163.703
163.704
163.705
163.706
163.707
163.708
163.709
163.71
163.711
163.712
163.713
163.714
163.715
163.716
163.717
163.718
163.719
163.72
163.721
163.722
163.723
163.724
163.725
163.726
163.727
163.728
163.729
163.73
163.731
163.732
163.733
163.734
163.735
163.736
163.737
163.738
163.739
163.74
163.741
163.742
163.743
163.744
163.745
163.746
163.747
163.748
163.749
163.75
163.751
163.752
163.753
163.754
163.755
163.756
163.757
163.758
163.759
163.76
163.761
163.762
163.763
163.764
163.765
163.766
163.767
163.768
163.769
163.77
163.771
163.772
163.773
163.774
163.775
163.776
163.777
163.778
163.779
163.78
163.781
163.782
163.783
163.784
163.785
163.786
163.787
163.788
163.789
163.79
163.791
163.792
163.793
163.794
163.795
163.796
163.797
163.798
163.799
163.8
163.801
163.802
163.803
163.804
163.805
163.806
163.807
163.808
163.809
163.81
163.811
163.812
163.813
163.814
163.815
163.816
163.817
163.818
163.819
163.82
163.821
163.822
163.823
163.824
163.825
163.826
163.827
163.828
163.829
163.83
163.831
163.832
163.833
163.834
163.835
163.836
163.837
163.838
163.839
163.84
163.841
163.842
163.843
163.844
163.845
163.846
163.847
163.848
163.849
163.85
163.851
163.852
163.853
163.854
163.855
163.856
163.857
163.858
163.859
163.86
163.861
163.862
163.863
163.864
163.865
163.866
163.867
163.868
163.869
163.87
163.871
163.872
163.873
163.874
163.875
163.876
163.877
163.878
163.879
163.88
163.881
163.882
163.883
163.884
163.885
163.886
163.887
163.888
163.889
163.89
163.891
163.892
163.893
163.894
163.895
163.896
163.897
163.898
163.899
163.9
163.901
163.902
163.903
163.904
163.905
163.906
163.907
163.908
163.909
163.91
163.911
163.912
163.913
163.914
163.915
163.916
163.917
163.918
163.919
163.92
163.921
163.922
163.923
163.924
163.925
163.926
163.927
163.928
163.929
163.93
163.931
163.932
163.933
163.934
163.935
163.936
163.937
163.938
163.939
163.94
163.941
163.942
163.943
163.944
163.945
163.946
163.947
163.948
163.949
163.95
163.951
163.952
163.953
163.954
163.955
163.956
163.957
163.958
163.959
163.96
163.961
163.962
163.963
163.964
163.965
163.966
163.967
163.968
163.969
163.97
163.971
163.972
163.973
163.974
163.975
163.976
163.977
163.978
163.979
163.98
163.981
163.982
163.983
163.984
163.985
163.986
163.987
163.988
163.989
163.99
163.991
163.992
163.993
163.994
163.995
163.996
163.997
163.998
163.999
164
164.001
164.002
164.003
164.004
164.005
164.006
164.007
164.008
164.009
164.01
164.011
164.012
164.013
164.014
164.015
164.016
164.017
164.018
164.019
164.02
164.021
164.022
164.023
164.024
164.025
164.026
164.027
164.028
164.029
164.03
164.031
164.032
164.033
164.034
164.035
164.036
164.037
164.038
164.039
164.04
164.041
164.042
164.043
164.044
164.045
164.046
164.047
164.048
164.049
164.05
164.051
164.052
164.053
164.054
164.055
164.056
164.057
164.058
164.059
164.06
164.061
164.062
164.063
164.064
164.065
164.066
164.067
164.068
164.069
164.07
164.071
164.072
164.073
164.074
164.075
164.076
164.077
164.078
164.079
164.08
164.081
164.082
164.083
164.084
164.085
164.086
164.087
164.088
164.089
164.09
164.091
164.092
164.093
164.094
164.095
164.096
164.097
164.098
164.099
164.1
164.101
164.102
164.103
164.104
164.105
164.106
164.107
164.108
164.109
164.11
164.111
164.112
164.113
164.114
164.115
164.116
164.117
164.118
164.119
164.12
164.121
164.122
164.123
164.124
164.125
164.126
164.127
164.128
164.129
164.13
164.131
164.132
164.133
164.134
164.135
164.136
164.137
164.138
164.139
164.14
164.141
164.142
164.143
164.144
164.145
164.146
164.147
164.148
164.149
164.15
164.151
164.152
164.153
164.154
164.155
164.156
164.157
164.158
164.159
164.16
164.161
164.162
164.163
164.164
164.165
164.166
164.167
164.168
164.169
164.17
164.171
164.172
164.173
164.174
164.175
164.176
164.177
164.178
164.179
164.18
164.181
164.182
164.183
164.184
164.185
164.186
164.187
164.188
164.189
164.19
164.191
164.192
164.193
164.194
164.195
164.196
164.197
164.198
164.199
164.2
164.201
164.202
164.203
164.204
164.205
164.206
164.207
164.208
164.209
164.21
164.211
164.212
164.213
164.214
164.215
164.216
164.217
164.218
164.219
164.22
164.221
164.222
164.223
164.224
164.225
164.226
164.227
164.228
164.229
164.23
164.231
164.232
164.233
164.234
164.235
164.236
164.237
164.238
164.239
164.24
164.241
164.242
164.243
164.244
164.245
164.246
164.247
164.248
164.249
164.25
164.251
164.252
164.253
164.254
164.255
164.256
164.257
164.258
164.259
164.26
164.261
164.262
164.263
164.264
164.265
164.266
164.267
164.268
164.269
164.27
164.271
164.272
164.273
164.274
164.275
164.276
164.277
164.278
164.279
164.28
164.281
164.282
164.283
164.284
164.285
164.286
164.287
164.288
164.289
164.29
164.291
164.292
164.293
164.294
164.295
164.296
164.297
164.298
164.299
164.3
164.301
164.302
164.303
164.304
164.305
164.306
164.307
164.308
164.309
164.31
164.311
164.312
164.313
164.314
164.315
164.316
164.317
164.318
164.319
164.32
164.321
164.322
164.323
164.324
164.325
164.326
164.327
164.328
164.329
164.33
164.331
164.332
164.333
164.334
164.335
164.336
164.337
164.338
164.339
164.34
164.341
164.342
164.343
164.344
164.345
164.346
164.347
164.348
164.349
164.35
164.351
164.352
164.353
164.354
164.355
164.356
164.357
164.358
164.359
164.36
164.361
164.362
164.363
164.364
164.365
164.366
164.367
164.368
164.369
164.37
164.371
164.372
164.373
164.374
164.375
164.376
164.377
164.378
164.379
164.38
164.381
164.382
164.383
164.384
164.385
164.386
164.387
164.388
164.389
164.39
164.391
164.392
164.393
164.394
164.395
164.396
164.397
164.398
164.399
164.4
164.401
164.402
164.403
164.404
164.405
164.406
164.407
164.408
164.409
164.41
164.411
164.412
164.413
164.414
164.415
164.416
164.417
164.418
164.419
164.42
164.421
164.422
164.423
164.424
164.425
164.426
164.427
164.428
164.429
164.43
164.431
164.432
164.433
164.434
164.435
164.436
164.437
164.438
164.439
164.44
164.441
164.442
164.443
164.444
164.445
164.446
164.447
164.448
164.449
164.45
164.451
164.452
164.453
164.454
164.455
164.456
164.457
164.458
164.459
164.46
164.461
164.462
164.463
164.464
164.465
164.466
164.467
164.468
164.469
164.47
164.471
164.472
164.473
164.474
164.475
164.476
164.477
164.478
164.479
164.48
164.481
164.482
164.483
164.484
164.485
164.486
164.487
164.488
164.489
164.49
164.491
164.492
164.493
164.494
164.495
164.496
164.497
164.498
164.499
164.5
164.501
164.502
164.503
164.504
164.505
164.506
164.507
164.508
164.509
164.51
164.511
164.512
164.513
164.514
164.515
164.516
164.517
164.518
164.519
164.52
164.521
164.522
164.523
164.524
164.525
164.526
164.527
164.528
164.529
164.53
164.531
164.532
164.533
164.534
164.535
164.536
164.537
164.538
164.539
164.54
164.541
164.542
164.543
164.544
164.545
164.546
164.547
164.548
164.549
164.55
164.551
164.552
164.553
164.554
164.555
164.556
164.557
164.558
164.559
164.56
164.561
164.562
164.563
164.564
164.565
164.566
164.567
164.568
164.569
164.57
164.571
164.572
164.573
164.574
164.575
164.576
164.577
164.578
164.579
164.58
164.581
164.582
164.583
164.584
164.585
164.586
164.587
164.588
164.589
164.59
164.591
164.592
164.593
164.594
164.595
164.596
164.597
164.598
164.599
164.6
164.601
164.602
164.603
164.604
164.605
164.606
164.607
164.608
164.609
164.61
164.611
164.612
164.613
164.614
164.615
164.616
164.617
164.618
164.619
164.62
164.621
164.622
164.623
164.624
164.625
164.626
164.627
164.628
164.629
164.63
164.631
164.632
164.633
164.634
164.635
164.636
164.637
164.638
164.639
164.64
164.641
164.642
164.643
164.644
164.645
164.646
164.647
164.648
164.649
164.65
164.651
164.652
164.653
164.654
164.655
164.656
164.657
164.658
164.659
164.66
164.661
164.662
164.663
164.664
164.665
164.666
164.667
164.668
164.669
164.67
164.671
164.672
164.673
164.674
164.675
164.676
164.677
164.678
164.679
164.68
164.681
164.682
164.683
164.684
164.685
164.686
164.687
164.688
164.689
164.69
164.691
164.692
164.693
164.694
164.695
164.696
164.697
164.698
164.699
164.7
164.701
164.702
164.703
164.704
164.705
164.706
164.707
164.708
164.709
164.71
164.711
164.712
164.713
164.714
164.715
164.716
164.717
164.718
164.719
164.72
164.721
164.722
164.723
164.724
164.725
164.726
164.727
164.728
164.729
164.73
164.731
164.732
164.733
164.734
164.735
164.736
164.737
164.738
164.739
164.74
164.741
164.742
164.743
164.744
164.745
164.746
164.747
164.748
164.749
164.75
164.751
164.752
164.753
164.754
164.755
164.756
164.757
164.758
164.759
164.76
164.761
164.762
164.763
164.764
164.765
164.766
164.767
164.768
164.769
164.77
164.771
164.772
164.773
164.774
164.775
164.776
164.777
164.778
164.779
164.78
164.781
164.782
164.783
164.784
164.785
164.786
164.787
164.788
164.789
164.79
164.791
164.792
164.793
164.794
164.795
164.796
164.797
164.798
164.799
164.8
164.801
164.802
164.803
164.804
164.805
164.806
164.807
164.808
164.809
164.81
164.811
164.812
164.813
164.814
164.815
164.816
164.817
164.818
164.819
164.82
164.821
164.822
164.823
164.824
164.825
164.826
164.827
164.828
164.829
164.83
164.831
164.832
164.833
164.834
164.835
164.836
164.837
164.838
164.839
164.84
164.841
164.842
164.843
164.844
164.845
164.846
164.847
164.848
164.849
164.85
164.851
164.852
164.853
164.854
164.855
164.856
164.857
164.858
164.859
164.86
164.861
164.862
164.863
164.864
164.865
164.866
164.867
164.868
164.869
164.87
164.871
164.872
164.873
164.874
164.875
164.876
164.877
164.878
164.879
164.88
164.881
164.882
164.883
164.884
164.885
164.886
164.887
164.888
164.889
164.89
164.891
164.892
164.893
164.894
164.895
164.896
164.897
164.898
164.899
164.9
164.901
164.902
164.903
164.904
164.905
164.906
164.907
164.908
164.909
164.91
164.911
164.912
164.913
164.914
164.915
164.916
164.917
164.918
164.919
164.92
164.921
164.922
164.923
164.924
164.925
164.926
164.927
164.928
164.929
164.93
164.931
164.932
164.933
164.934
164.935
164.936
164.937
164.938
164.939
164.94
164.941
164.942
164.943
164.944
164.945
164.946
164.947
164.948
164.949
164.95
164.951
164.952
164.953
164.954
164.955
164.956
164.957
164.958
164.959
164.96
164.961
164.962
164.963
164.964
164.965
164.966
164.967
164.968
164.969
164.97
164.971
164.972
164.973
164.974
164.975
164.976
164.977
164.978
164.979
164.98
164.981
164.982
164.983
164.984
164.985
164.986
164.987
164.988
164.989
164.99
164.991
164.992
164.993
164.994
164.995
164.996
164.997
164.998
164.999
165
165.001
165.002
165.003
165.004
165.005
165.006
165.007
165.008
165.009
165.01
165.011
165.012
165.013
165.014
165.015
165.016
165.017
165.018
165.019
165.02
165.021
165.022
165.023
165.024
165.025
165.026
165.027
165.028
165.029
165.03
165.031
165.032
165.033
165.034
165.035
165.036
165.037
165.038
165.039
165.04
165.041
165.042
165.043
165.044
165.045
165.046
165.047
165.048
165.049
165.05
165.051
165.052
165.053
165.054
165.055
165.056
165.057
165.058
165.059
165.06
165.061
165.062
165.063
165.064
165.065
165.066
165.067
165.068
165.069
165.07
165.071
165.072
165.073
165.074
165.075
165.076
165.077
165.078
165.079
165.08
165.081
165.082
165.083
165.084
165.085
165.086
165.087
165.088
165.089
165.09
165.091
165.092
165.093
165.094
165.095
165.096
165.097
165.098
165.099
165.1
165.101
165.102
165.103
165.104
165.105
165.106
165.107
165.108
165.109
165.11
165.111
165.112
165.113
165.114
165.115
165.116
165.117
165.118
165.119
165.12
165.121
165.122
165.123
165.124
165.125
165.126
165.127
165.128
165.129
165.13
165.131
165.132
165.133
165.134
165.135
165.136
165.137
165.138
165.139
165.14
165.141
165.142
165.143
165.144
165.145
165.146
165.147
165.148
165.149
165.15
165.151
165.152
165.153
165.154
165.155
165.156
165.157
165.158
165.159
165.16
165.161
165.162
165.163
165.164
165.165
165.166
165.167
165.168
165.169
165.17
165.171
165.172
165.173
165.174
165.175
165.176
165.177
165.178
165.179
165.18
165.181
165.182
165.183
165.184
165.185
165.186
165.187
165.188
165.189
165.19
165.191
165.192
165.193
165.194
165.195
165.196
165.197
165.198
165.199
165.2
165.201
165.202
165.203
165.204
165.205
165.206
165.207
165.208
165.209
165.21
165.211
165.212
165.213
165.214
165.215
165.216
165.217
165.218
165.219
165.22
165.221
165.222
165.223
165.224
165.225
165.226
165.227
165.228
165.229
165.23
165.231
165.232
165.233
165.234
165.235
165.236
165.237
165.238
165.239
165.24
165.241
165.242
165.243
165.244
165.245
165.246
165.247
165.248
165.249
165.25
165.251
165.252
165.253
165.254
165.255
165.256
165.257
165.258
165.259
165.26
165.261
165.262
165.263
165.264
165.265
165.266
165.267
165.268
165.269
165.27
165.271
165.272
165.273
165.274
165.275
165.276
165.277
165.278
165.279
165.28
165.281
165.282
165.283
165.284
165.285
165.286
165.287
165.288
165.289
165.29
165.291
165.292
165.293
165.294
165.295
165.296
165.297
165.298
165.299
165.3
165.301
165.302
165.303
165.304
165.305
165.306
165.307
165.308
165.309
165.31
165.311
165.312
165.313
165.314
165.315
165.316
165.317
165.318
165.319
165.32
165.321
165.322
165.323
165.324
165.325
165.326
165.327
165.328
165.329
165.33
165.331
165.332
165.333
165.334
165.335
165.336
165.337
165.338
165.339
165.34
165.341
165.342
165.343
165.344
165.345
165.346
165.347
165.348
165.349
165.35
165.351
165.352
165.353
165.354
165.355
165.356
165.357
165.358
165.359
165.36
165.361
165.362
165.363
165.364
165.365
165.366
165.367
165.368
165.369
165.37
165.371
165.372
165.373
165.374
165.375
165.376
165.377
165.378
165.379
165.38
165.381
165.382
165.383
165.384
165.385
165.386
165.387
165.388
165.389
165.39
165.391
165.392
165.393
165.394
165.395
165.396
165.397
165.398
165.399
165.4
165.401
165.402
165.403
165.404
165.405
165.406
165.407
165.408
165.409
165.41
165.411
165.412
165.413
165.414
165.415
165.416
165.417
165.418
165.419
165.42
165.421
165.422
165.423
165.424
165.425
165.426
165.427
165.428
165.429
165.43
165.431
165.432
165.433
165.434
165.435
165.436
165.437
165.438
165.439
165.44
165.441
165.442
165.443
165.444
165.445
165.446
165.447
165.448
165.449
165.45
165.451
165.452
165.453
165.454
165.455
165.456
165.457
165.458
165.459
165.46
165.461
165.462
165.463
165.464
165.465
165.466
165.467
165.468
165.469
165.47
165.471
165.472
165.473
165.474
165.475
165.476
165.477
165.478
165.479
165.48
165.481
165.482
165.483
165.484
165.485
165.486
165.487
165.488
165.489
165.49
165.491
165.492
165.493
165.494
165.495
165.496
165.497
165.498
165.499
165.5
165.501
165.502
165.503
165.504
165.505
165.506
165.507
165.508
165.509
165.51
165.511
165.512
165.513
165.514
165.515
165.516
165.517
165.518
165.519
165.52
165.521
165.522
165.523
165.524
165.525
165.526
165.527
165.528
165.529
165.53
165.531
165.532
165.533
165.534
165.535
165.536
165.537
165.538
165.539
165.54
165.541
165.542
165.543
165.544
165.545
165.546
165.547
165.548
165.549
165.55
165.551
165.552
165.553
165.554
165.555
165.556
165.557
165.558
165.559
165.56
165.561
165.562
165.563
165.564
165.565
165.566
165.567
165.568
165.569
165.57
165.571
165.572
165.573
165.574
165.575
165.576
165.577
165.578
165.579
165.58
165.581
165.582
165.583
165.584
165.585
165.586
165.587
165.588
165.589
165.59
165.591
165.592
165.593
165.594
165.595
165.596
165.597
165.598
165.599
165.6
165.601
165.602
165.603
165.604
165.605
165.606
165.607
165.608
165.609
165.61
165.611
165.612
165.613
165.614
165.615
165.616
165.617
165.618
165.619
165.62
165.621
165.622
165.623
165.624
165.625
165.626
165.627
165.628
165.629
165.63
165.631
165.632
165.633
165.634
165.635
165.636
165.637
165.638
165.639
165.64
165.641
165.642
165.643
165.644
165.645
165.646
165.647
165.648
165.649
165.65
165.651
165.652
165.653
165.654
165.655
165.656
165.657
165.658
165.659
165.66
165.661
165.662
165.663
165.664
165.665
165.666
165.667
165.668
165.669
165.67
165.671
165.672
165.673
165.674
165.675
165.676
165.677
165.678
165.679
165.68
165.681
165.682
165.683
165.684
165.685
165.686
165.687
165.688
165.689
165.69
165.691
165.692
165.693
165.694
165.695
165.696
165.697
165.698
165.699
165.7
165.701
165.702
165.703
165.704
165.705
165.706
165.707
165.708
165.709
165.71
165.711
165.712
165.713
165.714
165.715
165.716
165.717
165.718
165.719
165.72
165.721
165.722
165.723
165.724
165.725
165.726
165.727
165.728
165.729
165.73
165.731
165.732
165.733
165.734
165.735
165.736
165.737
165.738
165.739
165.74
165.741
165.742
165.743
165.744
165.745
165.746
165.747
165.748
165.749
165.75
165.751
165.752
165.753
165.754
165.755
165.756
165.757
165.758
165.759
165.76
165.761
165.762
165.763
165.764
165.765
165.766
165.767
165.768
165.769
165.77
165.771
165.772
165.773
165.774
165.775
165.776
165.777
165.778
165.779
165.78
165.781
165.782
165.783
165.784
165.785
165.786
165.787
165.788
165.789
165.79
165.791
165.792
165.793
165.794
165.795
165.796
165.797
165.798
165.799
165.8
165.801
165.802
165.803
165.804
165.805
165.806
165.807
165.808
165.809
165.81
165.811
165.812
165.813
165.814
165.815
165.816
165.817
165.818
165.819
165.82
165.821
165.822
165.823
165.824
165.825
165.826
165.827
165.828
165.829
165.83
165.831
165.832
165.833
165.834
165.835
165.836
165.837
165.838
165.839
165.84
165.841
165.842
165.843
165.844
165.845
165.846
165.847
165.848
165.849
165.85
165.851
165.852
165.853
165.854
165.855
165.856
165.857
165.858
165.859
165.86
165.861
165.862
165.863
165.864
165.865
165.866
165.867
165.868
165.869
165.87
165.871
165.872
165.873
165.874
165.875
165.876
165.877
165.878
165.879
165.88
165.881
165.882
165.883
165.884
165.885
165.886
165.887
165.888
165.889
165.89
165.891
165.892
165.893
165.894
165.895
165.896
165.897
165.898
165.899
165.9
165.901
165.902
165.903
165.904
165.905
165.906
165.907
165.908
165.909
165.91
165.911
165.912
165.913
165.914
165.915
165.916
165.917
165.918
165.919
165.92
165.921
165.922
165.923
165.924
165.925
165.926
165.927
165.928
165.929
165.93
165.931
165.932
165.933
165.934
165.935
165.936
165.937
165.938
165.939
165.94
165.941
165.942
165.943
165.944
165.945
165.946
165.947
165.948
165.949
165.95
165.951
165.952
165.953
165.954
165.955
165.956
165.957
165.958
165.959
165.96
165.961
165.962
165.963
165.964
165.965
165.966
165.967
165.968
165.969
165.97
165.971
165.972
165.973
165.974
165.975
165.976
165.977
165.978
165.979
165.98
165.981
165.982
165.983
165.984
165.985
165.986
165.987
165.988
165.989
165.99
165.991
165.992
165.993
165.994
165.995
165.996
165.997
165.998
165.999
166
166.001
166.002
166.003
166.004
166.005
166.006
166.007
166.008
166.009
166.01
166.011
166.012
166.013
166.014
166.015
166.016
166.017
166.018
166.019
166.02
166.021
166.022
166.023
166.024
166.025
166.026
166.027
166.028
166.029
166.03
166.031
166.032
166.033
166.034
166.035
166.036
166.037
166.038
166.039
166.04
166.041
166.042
166.043
166.044
166.045
166.046
166.047
166.048
166.049
166.05
166.051
166.052
166.053
166.054
166.055
166.056
166.057
166.058
166.059
166.06
166.061
166.062
166.063
166.064
166.065
166.066
166.067
166.068
166.069
166.07
166.071
166.072
166.073
166.074
166.075
166.076
166.077
166.078
166.079
166.08
166.081
166.082
166.083
166.084
166.085
166.086
166.087
166.088
166.089
166.09
166.091
166.092
166.093
166.094
166.095
166.096
166.097
166.098
166.099
166.1
166.101
166.102
166.103
166.104
166.105
166.106
166.107
166.108
166.109
166.11
166.111
166.112
166.113
166.114
166.115
166.116
166.117
166.118
166.119
166.12
166.121
166.122
166.123
166.124
166.125
166.126
166.127
166.128
166.129
166.13
166.131
166.132
166.133
166.134
166.135
166.136
166.137
166.138
166.139
166.14
166.141
166.142
166.143
166.144
166.145
166.146
166.147
166.148
166.149
166.15
166.151
166.152
166.153
166.154
166.155
166.156
166.157
166.158
166.159
166.16
166.161
166.162
166.163
166.164
166.165
166.166
166.167
166.168
166.169
166.17
166.171
166.172
166.173
166.174
166.175
166.176
166.177
166.178
166.179
166.18
166.181
166.182
166.183
166.184
166.185
166.186
166.187
166.188
166.189
166.19
166.191
166.192
166.193
166.194
166.195
166.196
166.197
166.198
166.199
166.2
166.201
166.202
166.203
166.204
166.205
166.206
166.207
166.208
166.209
166.21
166.211
166.212
166.213
166.214
166.215
166.216
166.217
166.218
166.219
166.22
166.221
166.222
166.223
166.224
166.225
166.226
166.227
166.228
166.229
166.23
166.231
166.232
166.233
166.234
166.235
166.236
166.237
166.238
166.239
166.24
166.241
166.242
166.243
166.244
166.245
166.246
166.247
166.248
166.249
166.25
166.251
166.252
166.253
166.254
166.255
166.256
166.257
166.258
166.259
166.26
166.261
166.262
166.263
166.264
166.265
166.266
166.267
166.268
166.269
166.27
166.271
166.272
166.273
166.274
166.275
166.276
166.277
166.278
166.279
166.28
166.281
166.282
166.283
166.284
166.285
166.286
166.287
166.288
166.289
166.29
166.291
166.292
166.293
166.294
166.295
166.296
166.297
166.298
166.299
166.3
166.301
166.302
166.303
166.304
166.305
166.306
166.307
166.308
166.309
166.31
166.311
166.312
166.313
166.314
166.315
166.316
166.317
166.318
166.319
166.32
166.321
166.322
166.323
166.324
166.325
166.326
166.327
166.328
166.329
166.33
166.331
166.332
166.333
166.334
166.335
166.336
166.337
166.338
166.339
166.34
166.341
166.342
166.343
166.344
166.345
166.346
166.347
166.348
166.349
166.35
166.351
166.352
166.353
166.354
166.355
166.356
166.357
166.358
166.359
166.36
166.361
166.362
166.363
166.364
166.365
166.366
166.367
166.368
166.369
166.37
166.371
166.372
166.373
166.374
166.375
166.376
166.377
166.378
166.379
166.38
166.381
166.382
166.383
166.384
166.385
166.386
166.387
166.388
166.389
166.39
166.391
166.392
166.393
166.394
166.395
166.396
166.397
166.398
166.399
166.4
166.401
166.402
166.403
166.404
166.405
166.406
166.407
166.408
166.409
166.41
166.411
166.412
166.413
166.414
166.415
166.416
166.417
166.418
166.419
166.42
166.421
166.422
166.423
166.424
166.425
166.426
166.427
166.428
166.429
166.43
166.431
166.432
166.433
166.434
166.435
166.436
166.437
166.438
166.439
166.44
166.441
166.442
166.443
166.444
166.445
166.446
166.447
166.448
166.449
166.45
166.451
166.452
166.453
166.454
166.455
166.456
166.457
166.458
166.459
166.46
166.461
166.462
166.463
166.464
166.465
166.466
166.467
166.468
166.469
166.47
166.471
166.472
166.473
166.474
166.475
166.476
166.477
166.478
166.479
166.48
166.481
166.482
166.483
166.484
166.485
166.486
166.487
166.488
166.489
166.49
166.491
166.492
166.493
166.494
166.495
166.496
166.497
166.498
166.499
166.5
166.501
166.502
166.503
166.504
166.505
166.506
166.507
166.508
166.509
166.51
166.511
166.512
166.513
166.514
166.515
166.516
166.517
166.518
166.519
166.52
166.521
166.522
166.523
166.524
166.525
166.526
166.527
166.528
166.529
166.53
166.531
166.532
166.533
166.534
166.535
166.536
166.537
166.538
166.539
166.54
166.541
166.542
166.543
166.544
166.545
166.546
166.547
166.548
166.549
166.55
166.551
166.552
166.553
166.554
166.555
166.556
166.557
166.558
166.559
166.56
166.561
166.562
166.563
166.564
166.565
166.566
166.567
166.568
166.569
166.57
166.571
166.572
166.573
166.574
166.575
166.576
166.577
166.578
166.579
166.58
166.581
166.582
166.583
166.584
166.585
166.586
166.587
166.588
166.589
166.59
166.591
166.592
166.593
166.594
166.595
166.596
166.597
166.598
166.599
166.6
166.601
166.602
166.603
166.604
166.605
166.606
166.607
166.608
166.609
166.61
166.611
166.612
166.613
166.614
166.615
166.616
166.617
166.618
166.619
166.62
166.621
166.622
166.623
166.624
166.625
166.626
166.627
166.628
166.629
166.63
166.631
166.632
166.633
166.634
166.635
166.636
166.637
166.638
166.639
166.64
166.641
166.642
166.643
166.644
166.645
166.646
166.647
166.648
166.649
166.65
166.651
166.652
166.653
166.654
166.655
166.656
166.657
166.658
166.659
166.66
166.661
166.662
166.663
166.664
166.665
166.666
166.667
166.668
166.669
166.67
166.671
166.672
166.673
166.674
166.675
166.676
166.677
166.678
166.679
166.68
166.681
166.682
166.683
166.684
166.685
166.686
166.687
166.688
166.689
166.69
166.691
166.692
166.693
166.694
166.695
166.696
166.697
166.698
166.699
166.7
166.701
166.702
166.703
166.704
166.705
166.706
166.707
166.708
166.709
166.71
166.711
166.712
166.713
166.714
166.715
166.716
166.717
166.718
166.719
166.72
166.721
166.722
166.723
166.724
166.725
166.726
166.727
166.728
166.729
166.73
166.731
166.732
166.733
166.734
166.735
166.736
166.737
166.738
166.739
166.74
166.741
166.742
166.743
166.744
166.745
166.746
166.747
166.748
166.749
166.75
166.751
166.752
166.753
166.754
166.755
166.756
166.757
166.758
166.759
166.76
166.761
166.762
166.763
166.764
166.765
166.766
166.767
166.768
166.769
166.77
166.771
166.772
166.773
166.774
166.775
166.776
166.777
166.778
166.779
166.78
166.781
166.782
166.783
166.784
166.785
166.786
166.787
166.788
166.789
166.79
166.791
166.792
166.793
166.794
166.795
166.796
166.797
166.798
166.799
166.8
166.801
166.802
166.803
166.804
166.805
166.806
166.807
166.808
166.809
166.81
166.811
166.812
166.813
166.814
166.815
166.816
166.817
166.818
166.819
166.82
166.821
166.822
166.823
166.824
166.825
166.826
166.827
166.828
166.829
166.83
166.831
166.832
166.833
166.834
166.835
166.836
166.837
166.838
166.839
166.84
166.841
166.842
166.843
166.844
166.845
166.846
166.847
166.848
166.849
166.85
166.851
166.852
166.853
166.854
166.855
166.856
166.857
166.858
166.859
166.86
166.861
166.862
166.863
166.864
166.865
166.866
166.867
166.868
166.869
166.87
166.871
166.872
166.873
166.874
166.875
166.876
166.877
166.878
166.879
166.88
166.881
166.882
166.883
166.884
166.885
166.886
166.887
166.888
166.889
166.89
166.891
166.892
166.893
166.894
166.895
166.896
166.897
166.898
166.899
166.9
166.901
166.902
166.903
166.904
166.905
166.906
166.907
166.908
166.909
166.91
166.911
166.912
166.913
166.914
166.915
166.916
166.917
166.918
166.919
166.92
166.921
166.922
166.923
166.924
166.925
166.926
166.927
166.928
166.929
166.93
166.931
166.932
166.933
166.934
166.935
166.936
166.937
166.938
166.939
166.94
166.941
166.942
166.943
166.944
166.945
166.946
166.947
166.948
166.949
166.95
166.951
166.952
166.953
166.954
166.955
166.956
166.957
166.958
166.959
166.96
166.961
166.962
166.963
166.964
166.965
166.966
166.967
166.968
166.969
166.97
166.971
166.972
166.973
166.974
166.975
166.976
166.977
166.978
166.979
166.98
166.981
166.982
166.983
166.984
166.985
166.986
166.987
166.988
166.989
166.99
166.991
166.992
166.993
166.994
166.995
166.996
166.997
166.998
166.999
167
167.001
167.002
167.003
167.004
167.005
167.006
167.007
167.008
167.009
167.01
167.011
167.012
167.013
167.014
167.015
167.016
167.017
167.018
167.019
167.02
167.021
167.022
167.023
167.024
167.025
167.026
167.027
167.028
167.029
167.03
167.031
167.032
167.033
167.034
167.035
167.036
167.037
167.038
167.039
167.04
167.041
167.042
167.043
167.044
167.045
167.046
167.047
167.048
167.049
167.05
167.051
167.052
167.053
167.054
167.055
167.056
167.057
167.058
167.059
167.06
167.061
167.062
167.063
167.064
167.065
167.066
167.067
167.068
167.069
167.07
167.071
167.072
167.073
167.074
167.075
167.076
167.077
167.078
167.079
167.08
167.081
167.082
167.083
167.084
167.085
167.086
167.087
167.088
167.089
167.09
167.091
167.092
167.093
167.094
167.095
167.096
167.097
167.098
167.099
167.1
167.101
167.102
167.103
167.104
167.105
167.106
167.107
167.108
167.109
167.11
167.111
167.112
167.113
167.114
167.115
167.116
167.117
167.118
167.119
167.12
167.121
167.122
167.123
167.124
167.125
167.126
167.127
167.128
167.129
167.13
167.131
167.132
167.133
167.134
167.135
167.136
167.137
167.138
167.139
167.14
167.141
167.142
167.143
167.144
167.145
167.146
167.147
167.148
167.149
167.15
167.151
167.152
167.153
167.154
167.155
167.156
167.157
167.158
167.159
167.16
167.161
167.162
167.163
167.164
167.165
167.166
167.167
167.168
167.169
167.17
167.171
167.172
167.173
167.174
167.175
167.176
167.177
167.178
167.179
167.18
167.181
167.182
167.183
167.184
167.185
167.186
167.187
167.188
167.189
167.19
167.191
167.192
167.193
167.194
167.195
167.196
167.197
167.198
167.199
167.2
167.201
167.202
167.203
167.204
167.205
167.206
167.207
167.208
167.209
167.21
167.211
167.212
167.213
167.214
167.215
167.216
167.217
167.218
167.219
167.22
167.221
167.222
167.223
167.224
167.225
167.226
167.227
167.228
167.229
167.23
167.231
167.232
167.233
167.234
167.235
167.236
167.237
167.238
167.239
167.24
167.241
167.242
167.243
167.244
167.245
167.246
167.247
167.248
167.249
167.25
167.251
167.252
167.253
167.254
167.255
167.256
167.257
167.258
167.259
167.26
167.261
167.262
167.263
167.264
167.265
167.266
167.267
167.268
167.269
167.27
167.271
167.272
167.273
167.274
167.275
167.276
167.277
167.278
167.279
167.28
167.281
167.282
167.283
167.284
167.285
167.286
167.287
167.288
167.289
167.29
167.291
167.292
167.293
167.294
167.295
167.296
167.297
167.298
167.299
167.3
167.301
167.302
167.303
167.304
167.305
167.306
167.307
167.308
167.309
167.31
167.311
167.312
167.313
167.314
167.315
167.316
167.317
167.318
167.319
167.32
167.321
167.322
167.323
167.324
167.325
167.326
167.327
167.328
167.329
167.33
167.331
167.332
167.333
167.334
167.335
167.336
167.337
167.338
167.339
167.34
167.341
167.342
167.343
167.344
167.345
167.346
167.347
167.348
167.349
167.35
167.351
167.352
167.353
167.354
167.355
167.356
167.357
167.358
167.359
167.36
167.361
167.362
167.363
167.364
167.365
167.366
167.367
167.368
167.369
167.37
167.371
167.372
167.373
167.374
167.375
167.376
167.377
167.378
167.379
167.38
167.381
167.382
167.383
167.384
167.385
167.386
167.387
167.388
167.389
167.39
167.391
167.392
167.393
167.394
167.395
167.396
167.397
167.398
167.399
167.4
167.401
167.402
167.403
167.404
167.405
167.406
167.407
167.408
167.409
167.41
167.411
167.412
167.413
167.414
167.415
167.416
167.417
167.418
167.419
167.42
167.421
167.422
167.423
167.424
167.425
167.426
167.427
167.428
167.429
167.43
167.431
167.432
167.433
167.434
167.435
167.436
167.437
167.438
167.439
167.44
167.441
167.442
167.443
167.444
167.445
167.446
167.447
167.448
167.449
167.45
167.451
167.452
167.453
167.454
167.455
167.456
167.457
167.458
167.459
167.46
167.461
167.462
167.463
167.464
167.465
167.466
167.467
167.468
167.469
167.47
167.471
167.472
167.473
167.474
167.475
167.476
167.477
167.478
167.479
167.48
167.481
167.482
167.483
167.484
167.485
167.486
167.487
167.488
167.489
167.49
167.491
167.492
167.493
167.494
167.495
167.496
167.497
167.498
167.499
167.5
167.501
167.502
167.503
167.504
167.505
167.506
167.507
167.508
167.509
167.51
167.511
167.512
167.513
167.514
167.515
167.516
167.517
167.518
167.519
167.52
167.521
167.522
167.523
167.524
167.525
167.526
167.527
167.528
167.529
167.53
167.531
167.532
167.533
167.534
167.535
167.536
167.537
167.538
167.539
167.54
167.541
167.542
167.543
167.544
167.545
167.546
167.547
167.548
167.549
167.55
167.551
167.552
167.553
167.554
167.555
167.556
167.557
167.558
167.559
167.56
167.561
167.562
167.563
167.564
167.565
167.566
167.567
167.568
167.569
167.57
167.571
167.572
167.573
167.574
167.575
167.576
167.577
167.578
167.579
167.58
167.581
167.582
167.583
167.584
167.585
167.586
167.587
167.588
167.589
167.59
167.591
167.592
167.593
167.594
167.595
167.596
167.597
167.598
167.599
167.6
167.601
167.602
167.603
167.604
167.605
167.606
167.607
167.608
167.609
167.61
167.611
167.612
167.613
167.614
167.615
167.616
167.617
167.618
167.619
167.62
167.621
167.622
167.623
167.624
167.625
167.626
167.627
167.628
167.629
167.63
167.631
167.632
167.633
167.634
167.635
167.636
167.637
167.638
167.639
167.64
167.641
167.642
167.643
167.644
167.645
167.646
167.647
167.648
167.649
167.65
167.651
167.652
167.653
167.654
167.655
167.656
167.657
167.658
167.659
167.66
167.661
167.662
167.663
167.664
167.665
167.666
167.667
167.668
167.669
167.67
167.671
167.672
167.673
167.674
167.675
167.676
167.677
167.678
167.679
167.68
167.681
167.682
167.683
167.684
167.685
167.686
167.687
167.688
167.689
167.69
167.691
167.692
167.693
167.694
167.695
167.696
167.697
167.698
167.699
167.7
167.701
167.702
167.703
167.704
167.705
167.706
167.707
167.708
167.709
167.71
167.711
167.712
167.713
167.714
167.715
167.716
167.717
167.718
167.719
167.72
167.721
167.722
167.723
167.724
167.725
167.726
167.727
167.728
167.729
167.73
167.731
167.732
167.733
167.734
167.735
167.736
167.737
167.738
167.739
167.74
167.741
167.742
167.743
167.744
167.745
167.746
167.747
167.748
167.749
167.75
167.751
167.752
167.753
167.754
167.755
167.756
167.757
167.758
167.759
167.76
167.761
167.762
167.763
167.764
167.765
167.766
167.767
167.768
167.769
167.77
167.771
167.772
167.773
167.774
167.775
167.776
167.777
167.778
167.779
167.78
167.781
167.782
167.783
167.784
167.785
167.786
167.787
167.788
167.789
167.79
167.791
167.792
167.793
167.794
167.795
167.796
167.797
167.798
167.799
167.8
167.801
167.802
167.803
167.804
167.805
167.806
167.807
167.808
167.809
167.81
167.811
167.812
167.813
167.814
167.815
167.816
167.817
167.818
167.819
167.82
167.821
167.822
167.823
167.824
167.825
167.826
167.827
167.828
167.829
167.83
167.831
167.832
167.833
167.834
167.835
167.836
167.837
167.838
167.839
167.84
167.841
167.842
167.843
167.844
167.845
167.846
167.847
167.848
167.849
167.85
167.851
167.852
167.853
167.854
167.855
167.856
167.857
167.858
167.859
167.86
167.861
167.862
167.863
167.864
167.865
167.866
167.867
167.868
167.869
167.87
167.871
167.872
167.873
167.874
167.875
167.876
167.877
167.878
167.879
167.88
167.881
167.882
167.883
167.884
167.885
167.886
167.887
167.888
167.889
167.89
167.891
167.892
167.893
167.894
167.895
167.896
167.897
167.898
167.899
167.9
167.901
167.902
167.903
167.904
167.905
167.906
167.907
167.908
167.909
167.91
167.911
167.912
167.913
167.914
167.915
167.916
167.917
167.918
167.919
167.92
167.921
167.922
167.923
167.924
167.925
167.926
167.927
167.928
167.929
167.93
167.931
167.932
167.933
167.934
167.935
167.936
167.937
167.938
167.939
167.94
167.941
167.942
167.943
167.944
167.945
167.946
167.947
167.948
167.949
167.95
167.951
167.952
167.953
167.954
167.955
167.956
167.957
167.958
167.959
167.96
167.961
167.962
167.963
167.964
167.965
167.966
167.967
167.968
167.969
167.97
167.971
167.972
167.973
167.974
167.975
167.976
167.977
167.978
167.979
167.98
167.981
167.982
167.983
167.984
167.985
167.986
167.987
167.988
167.989
167.99
167.991
167.992
167.993
167.994
167.995
167.996
167.997
167.998
167.999
168
168.001
168.002
168.003
168.004
168.005
168.006
168.007
168.008
168.009
168.01
168.011
168.012
168.013
168.014
168.015
168.016
168.017
168.018
168.019
168.02
168.021
168.022
168.023
168.024
168.025
168.026
168.027
168.028
168.029
168.03
168.031
168.032
168.033
168.034
168.035
168.036
168.037
168.038
168.039
168.04
168.041
168.042
168.043
168.044
168.045
168.046
168.047
168.048
168.049
168.05
168.051
168.052
168.053
168.054
168.055
168.056
168.057
168.058
168.059
168.06
168.061
168.062
168.063
168.064
168.065
168.066
168.067
168.068
168.069
168.07
168.071
168.072
168.073
168.074
168.075
168.076
168.077
168.078
168.079
168.08
168.081
168.082
168.083
168.084
168.085
168.086
168.087
168.088
168.089
168.09
168.091
168.092
168.093
168.094
168.095
168.096
168.097
168.098
168.099
168.1
168.101
168.102
168.103
168.104
168.105
168.106
168.107
168.108
168.109
168.11
168.111
168.112
168.113
168.114
168.115
168.116
168.117
168.118
168.119
168.12
168.121
168.122
168.123
168.124
168.125
168.126
168.127
168.128
168.129
168.13
168.131
168.132
168.133
168.134
168.135
168.136
168.137
168.138
168.139
168.14
168.141
168.142
168.143
168.144
168.145
168.146
168.147
168.148
168.149
168.15
168.151
168.152
168.153
168.154
168.155
168.156
168.157
168.158
168.159
168.16
168.161
168.162
168.163
168.164
168.165
168.166
168.167
168.168
168.169
168.17
168.171
168.172
168.173
168.174
168.175
168.176
168.177
168.178
168.179
168.18
168.181
168.182
168.183
168.184
168.185
168.186
168.187
168.188
168.189
168.19
168.191
168.192
168.193
168.194
168.195
168.196
168.197
168.198
168.199
168.2
168.201
168.202
168.203
168.204
168.205
168.206
168.207
168.208
168.209
168.21
168.211
168.212
168.213
168.214
168.215
168.216
168.217
168.218
168.219
168.22
168.221
168.222
168.223
168.224
168.225
168.226
168.227
168.228
168.229
168.23
168.231
168.232
168.233
168.234
168.235
168.236
168.237
168.238
168.239
168.24
168.241
168.242
168.243
168.244
168.245
168.246
168.247
168.248
168.249
168.25
168.251
168.252
168.253
168.254
168.255
168.256
168.257
168.258
168.259
168.26
168.261
168.262
168.263
168.264
168.265
168.266
168.267
168.268
168.269
168.27
168.271
168.272
168.273
168.274
168.275
168.276
168.277
168.278
168.279
168.28
168.281
168.282
168.283
168.284
168.285
168.286
168.287
168.288
168.289
168.29
168.291
168.292
168.293
168.294
168.295
168.296
168.297
168.298
168.299
168.3
168.301
168.302
168.303
168.304
168.305
168.306
168.307
168.308
168.309
168.31
168.311
168.312
168.313
168.314
168.315
168.316
168.317
168.318
168.319
168.32
168.321
168.322
168.323
168.324
168.325
168.326
168.327
168.328
168.329
168.33
168.331
168.332
168.333
168.334
168.335
168.336
168.337
168.338
168.339
168.34
168.341
168.342
168.343
168.344
168.345
168.346
168.347
168.348
168.349
168.35
168.351
168.352
168.353
168.354
168.355
168.356
168.357
168.358
168.359
168.36
168.361
168.362
168.363
168.364
168.365
168.366
168.367
168.368
168.369
168.37
168.371
168.372
168.373
168.374
168.375
168.376
168.377
168.378
168.379
168.38
168.381
168.382
168.383
168.384
168.385
168.386
168.387
168.388
168.389
168.39
168.391
168.392
168.393
168.394
168.395
168.396
168.397
168.398
168.399
168.4
168.401
168.402
168.403
168.404
168.405
168.406
168.407
168.408
168.409
168.41
168.411
168.412
168.413
168.414
168.415
168.416
168.417
168.418
168.419
168.42
168.421
168.422
168.423
168.424
168.425
168.426
168.427
168.428
168.429
168.43
168.431
168.432
168.433
168.434
168.435
168.436
168.437
168.438
168.439
168.44
168.441
168.442
168.443
168.444
168.445
168.446
168.447
168.448
168.449
168.45
168.451
168.452
168.453
168.454
168.455
168.456
168.457
168.458
168.459
168.46
168.461
168.462
168.463
168.464
168.465
168.466
168.467
168.468
168.469
168.47
168.471
168.472
168.473
168.474
168.475
168.476
168.477
168.478
168.479
168.48
168.481
168.482
168.483
168.484
168.485
168.486
168.487
168.488
168.489
168.49
168.491
168.492
168.493
168.494
168.495
168.496
168.497
168.498
168.499
168.5
168.501
168.502
168.503
168.504
168.505
168.506
168.507
168.508
168.509
168.51
168.511
168.512
168.513
168.514
168.515
168.516
168.517
168.518
168.519
168.52
168.521
168.522
168.523
168.524
168.525
168.526
168.527
168.528
168.529
168.53
168.531
168.532
168.533
168.534
168.535
168.536
168.537
168.538
168.539
168.54
168.541
168.542
168.543
168.544
168.545
168.546
168.547
168.548
168.549
168.55
168.551
168.552
168.553
168.554
168.555
168.556
168.557
168.558
168.559
168.56
168.561
168.562
168.563
168.564
168.565
168.566
168.567
168.568
168.569
168.57
168.571
168.572
168.573
168.574
168.575
168.576
168.577
168.578
168.579
168.58
168.581
168.582
168.583
168.584
168.585
168.586
168.587
168.588
168.589
168.59
168.591
168.592
168.593
168.594
168.595
168.596
168.597
168.598
168.599
168.6
168.601
168.602
168.603
168.604
168.605
168.606
168.607
168.608
168.609
168.61
168.611
168.612
168.613
168.614
168.615
168.616
168.617
168.618
168.619
168.62
168.621
168.622
168.623
168.624
168.625
168.626
168.627
168.628
168.629
168.63
168.631
168.632
168.633
168.634
168.635
168.636
168.637
168.638
168.639
168.64
168.641
168.642
168.643
168.644
168.645
168.646
168.647
168.648
168.649
168.65
168.651
168.652
168.653
168.654
168.655
168.656
168.657
168.658
168.659
168.66
168.661
168.662
168.663
168.664
168.665
168.666
168.667
168.668
168.669
168.67
168.671
168.672
168.673
168.674
168.675
168.676
168.677
168.678
168.679
168.68
168.681
168.682
168.683
168.684
168.685
168.686
168.687
168.688
168.689
168.69
168.691
168.692
168.693
168.694
168.695
168.696
168.697
168.698
168.699
168.7
168.701
168.702
168.703
168.704
168.705
168.706
168.707
168.708
168.709
168.71
168.711
168.712
168.713
168.714
168.715
168.716
168.717
168.718
168.719
168.72
168.721
168.722
168.723
168.724
168.725
168.726
168.727
168.728
168.729
168.73
168.731
168.732
168.733
168.734
168.735
168.736
168.737
168.738
168.739
168.74
168.741
168.742
168.743
168.744
168.745
168.746
168.747
168.748
168.749
168.75
168.751
168.752
168.753
168.754
168.755
168.756
168.757
168.758
168.759
168.76
168.761
168.762
168.763
168.764
168.765
168.766
168.767
168.768
168.769
168.77
168.771
168.772
168.773
168.774
168.775
168.776
168.777
168.778
168.779
168.78
168.781
168.782
168.783
168.784
168.785
168.786
168.787
168.788
168.789
168.79
168.791
168.792
168.793
168.794
168.795
168.796
168.797
168.798
168.799
168.8
168.801
168.802
168.803
168.804
168.805
168.806
168.807
168.808
168.809
168.81
168.811
168.812
168.813
168.814
168.815
168.816
168.817
168.818
168.819
168.82
168.821
168.822
168.823
168.824
168.825
168.826
168.827
168.828
168.829
168.83
168.831
168.832
168.833
168.834
168.835
168.836
168.837
168.838
168.839
168.84
168.841
168.842
168.843
168.844
168.845
168.846
168.847
168.848
168.849
168.85
168.851
168.852
168.853
168.854
168.855
168.856
168.857
168.858
168.859
168.86
168.861
168.862
168.863
168.864
168.865
168.866
168.867
168.868
168.869
168.87
168.871
168.872
168.873
168.874
168.875
168.876
168.877
168.878
168.879
168.88
168.881
168.882
168.883
168.884
168.885
168.886
168.887
168.888
168.889
168.89
168.891
168.892
168.893
168.894
168.895
168.896
168.897
168.898
168.899
168.9
168.901
168.902
168.903
168.904
168.905
168.906
168.907
168.908
168.909
168.91
168.911
168.912
168.913
168.914
168.915
168.916
168.917
168.918
168.919
168.92
168.921
168.922
168.923
168.924
168.925
168.926
168.927
168.928
168.929
168.93
168.931
168.932
168.933
168.934
168.935
168.936
168.937
168.938
168.939
168.94
168.941
168.942
168.943
168.944
168.945
168.946
168.947
168.948
168.949
168.95
168.951
168.952
168.953
168.954
168.955
168.956
168.957
168.958
168.959
168.96
168.961
168.962
168.963
168.964
168.965
168.966
168.967
168.968
168.969
168.97
168.971
168.972
168.973
168.974
168.975
168.976
168.977
168.978
168.979
168.98
168.981
168.982
168.983
168.984
168.985
168.986
168.987
168.988
168.989
168.99
168.991
168.992
168.993
168.994
168.995
168.996
168.997
168.998
168.999
169
169.001
169.002
169.003
169.004
169.005
169.006
169.007
169.008
169.009
169.01
169.011
169.012
169.013
169.014
169.015
169.016
169.017
169.018
169.019
169.02
169.021
169.022
169.023
169.024
169.025
169.026
169.027
169.028
169.029
169.03
169.031
169.032
169.033
169.034
169.035
169.036
169.037
169.038
169.039
169.04
169.041
169.042
169.043
169.044
169.045
169.046
169.047
169.048
169.049
169.05
169.051
169.052
169.053
169.054
169.055
169.056
169.057
169.058
169.059
169.06
169.061
169.062
169.063
169.064
169.065
169.066
169.067
169.068
169.069
169.07
169.071
169.072
169.073
169.074
169.075
169.076
169.077
169.078
169.079
169.08
169.081
169.082
169.083
169.084
169.085
169.086
169.087
169.088
169.089
169.09
169.091
169.092
169.093
169.094
169.095
169.096
169.097
169.098
169.099
169.1
169.101
169.102
169.103
169.104
169.105
169.106
169.107
169.108
169.109
169.11
169.111
169.112
169.113
169.114
169.115
169.116
169.117
169.118
169.119
169.12
169.121
169.122
169.123
169.124
169.125
169.126
169.127
169.128
169.129
169.13
169.131
169.132
169.133
169.134
169.135
169.136
169.137
169.138
169.139
169.14
169.141
169.142
169.143
169.144
169.145
169.146
169.147
169.148
169.149
169.15
169.151
169.152
169.153
169.154
169.155
169.156
169.157
169.158
169.159
169.16
169.161
169.162
169.163
169.164
169.165
169.166
169.167
169.168
169.169
169.17
169.171
169.172
169.173
169.174
169.175
169.176
169.177
169.178
169.179
169.18
169.181
169.182
169.183
169.184
169.185
169.186
169.187
169.188
169.189
169.19
169.191
169.192
169.193
169.194
169.195
169.196
169.197
169.198
169.199
169.2
169.201
169.202
169.203
169.204
169.205
169.206
169.207
169.208
169.209
169.21
169.211
169.212
169.213
169.214
169.215
169.216
169.217
169.218
169.219
169.22
169.221
169.222
169.223
169.224
169.225
169.226
169.227
169.228
169.229
169.23
169.231
169.232
169.233
169.234
169.235
169.236
169.237
169.238
169.239
169.24
169.241
169.242
169.243
169.244
169.245
169.246
169.247
169.248
169.249
169.25
169.251
169.252
169.253
169.254
169.255
169.256
169.257
169.258
169.259
169.26
169.261
169.262
169.263
169.264
169.265
169.266
169.267
169.268
169.269
169.27
169.271
169.272
169.273
169.274
169.275
169.276
169.277
169.278
169.279
169.28
169.281
169.282
169.283
169.284
169.285
169.286
169.287
169.288
169.289
169.29
169.291
169.292
169.293
169.294
169.295
169.296
169.297
169.298
169.299
169.3
169.301
169.302
169.303
169.304
169.305
169.306
169.307
169.308
169.309
169.31
169.311
169.312
169.313
169.314
169.315
169.316
169.317
169.318
169.319
169.32
169.321
169.322
169.323
169.324
169.325
169.326
169.327
169.328
169.329
169.33
169.331
169.332
169.333
169.334
169.335
169.336
169.337
169.338
169.339
169.34
169.341
169.342
169.343
169.344
169.345
169.346
169.347
169.348
169.349
169.35
169.351
169.352
169.353
169.354
169.355
169.356
169.357
169.358
169.359
169.36
169.361
169.362
169.363
169.364
169.365
169.366
169.367
169.368
169.369
169.37
169.371
169.372
169.373
169.374
169.375
169.376
169.377
169.378
169.379
169.38
169.381
169.382
169.383
169.384
169.385
169.386
169.387
169.388
169.389
169.39
169.391
169.392
169.393
169.394
169.395
169.396
169.397
169.398
169.399
169.4
169.401
169.402
169.403
169.404
169.405
169.406
169.407
169.408
169.409
169.41
169.411
169.412
169.413
169.414
169.415
169.416
169.417
169.418
169.419
169.42
169.421
169.422
169.423
169.424
169.425
169.426
169.427
169.428
169.429
169.43
169.431
169.432
169.433
169.434
169.435
169.436
169.437
169.438
169.439
169.44
169.441
169.442
169.443
169.444
169.445
169.446
169.447
169.448
169.449
169.45
169.451
169.452
169.453
169.454
169.455
169.456
169.457
169.458
169.459
169.46
169.461
169.462
169.463
169.464
169.465
169.466
169.467
169.468
169.469
169.47
169.471
169.472
169.473
169.474
169.475
169.476
169.477
169.478
169.479
169.48
169.481
169.482
169.483
169.484
169.485
169.486
169.487
169.488
169.489
169.49
169.491
169.492
169.493
169.494
169.495
169.496
169.497
169.498
169.499
169.5
169.501
169.502
169.503
169.504
169.505
169.506
169.507
169.508
169.509
169.51
169.511
169.512
169.513
169.514
169.515
169.516
169.517
169.518
169.519
169.52
169.521
169.522
169.523
169.524
169.525
169.526
169.527
169.528
169.529
169.53
169.531
169.532
169.533
169.534
169.535
169.536
169.537
169.538
169.539
169.54
169.541
169.542
169.543
169.544
169.545
169.546
169.547
169.548
169.549
169.55
169.551
169.552
169.553
169.554
169.555
169.556
169.557
169.558
169.559
169.56
169.561
169.562
169.563
169.564
169.565
169.566
169.567
169.568
169.569
169.57
169.571
169.572
169.573
169.574
169.575
169.576
169.577
169.578
169.579
169.58
169.581
169.582
169.583
169.584
169.585
169.586
169.587
169.588
169.589
169.59
169.591
169.592
169.593
169.594
169.595
169.596
169.597
169.598
169.599
169.6
169.601
169.602
169.603
169.604
169.605
169.606
169.607
169.608
169.609
169.61
169.611
169.612
169.613
169.614
169.615
169.616
169.617
169.618
169.619
169.62
169.621
169.622
169.623
169.624
169.625
169.626
169.627
169.628
169.629
169.63
169.631
169.632
169.633
169.634
169.635
169.636
169.637
169.638
169.639
169.64
169.641
169.642
169.643
169.644
169.645
169.646
169.647
169.648
169.649
169.65
169.651
169.652
169.653
169.654
169.655
169.656
169.657
169.658
169.659
169.66
169.661
169.662
169.663
169.664
169.665
169.666
169.667
169.668
169.669
169.67
169.671
169.672
169.673
169.674
169.675
169.676
169.677
169.678
169.679
169.68
169.681
169.682
169.683
169.684
169.685
169.686
169.687
169.688
169.689
169.69
169.691
169.692
169.693
169.694
169.695
169.696
169.697
169.698
169.699
169.7
169.701
169.702
169.703
169.704
169.705
169.706
169.707
169.708
169.709
169.71
169.711
169.712
169.713
169.714
169.715
169.716
169.717
169.718
169.719
169.72
169.721
169.722
169.723
169.724
169.725
169.726
169.727
169.728
169.729
169.73
169.731
169.732
169.733
169.734
169.735
169.736
169.737
169.738
169.739
169.74
169.741
169.742
169.743
169.744
169.745
169.746
169.747
169.748
169.749
169.75
169.751
169.752
169.753
169.754
169.755
169.756
169.757
169.758
169.759
169.76
169.761
169.762
169.763
169.764
169.765
169.766
169.767
169.768
169.769
169.77
169.771
169.772
169.773
169.774
169.775
169.776
169.777
169.778
169.779
169.78
169.781
169.782
169.783
169.784
169.785
169.786
169.787
169.788
169.789
169.79
169.791
169.792
169.793
169.794
169.795
169.796
169.797
169.798
169.799
169.8
169.801
169.802
169.803
169.804
169.805
169.806
169.807
169.808
169.809
169.81
169.811
169.812
169.813
169.814
169.815
169.816
169.817
169.818
169.819
169.82
169.821
169.822
169.823
169.824
169.825
169.826
169.827
169.828
169.829
169.83
169.831
169.832
169.833
169.834
169.835
169.836
169.837
169.838
169.839
169.84
169.841
169.842
169.843
169.844
169.845
169.846
169.847
169.848
169.849
169.85
169.851
169.852
169.853
169.854
169.855
169.856
169.857
169.858
169.859
169.86
169.861
169.862
169.863
169.864
169.865
169.866
169.867
169.868
169.869
169.87
169.871
169.872
169.873
169.874
169.875
169.876
169.877
169.878
169.879
169.88
169.881
169.882
169.883
169.884
169.885
169.886
169.887
169.888
169.889
169.89
169.891
169.892
169.893
169.894
169.895
169.896
169.897
169.898
169.899
169.9
169.901
169.902
169.903
169.904
169.905
169.906
169.907
169.908
169.909
169.91
169.911
169.912
169.913
169.914
169.915
169.916
169.917
169.918
169.919
169.92
169.921
169.922
169.923
169.924
169.925
169.926
169.927
169.928
169.929
169.93
169.931
169.932
169.933
169.934
169.935
169.936
169.937
169.938
169.939
169.94
169.941
169.942
169.943
169.944
169.945
169.946
169.947
169.948
169.949
169.95
169.951
169.952
169.953
169.954
169.955
169.956
169.957
169.958
169.959
169.96
169.961
169.962
169.963
169.964
169.965
169.966
169.967
169.968
169.969
169.97
169.971
169.972
169.973
169.974
169.975
169.976
169.977
169.978
169.979
169.98
169.981
169.982
169.983
169.984
169.985
169.986
169.987
169.988
169.989
169.99
169.991
169.992
169.993
169.994
169.995
169.996
169.997
169.998
169.999
170
170.001
170.002
170.003
170.004
170.005
170.006
170.007
170.008
170.009
170.01
170.011
170.012
170.013
170.014
170.015
170.016
170.017
170.018
170.019
170.02
170.021
170.022
170.023
170.024
170.025
170.026
170.027
170.028
170.029
170.03
170.031
170.032
170.033
170.034
170.035
170.036
170.037
170.038
170.039
170.04
170.041
170.042
170.043
170.044
170.045
170.046
170.047
170.048
170.049
170.05
170.051
170.052
170.053
170.054
170.055
170.056
170.057
170.058
170.059
170.06
170.061
170.062
170.063
170.064
170.065
170.066
170.067
170.068
170.069
170.07
170.071
170.072
170.073
170.074
170.075
170.076
170.077
170.078
170.079
170.08
170.081
170.082
170.083
170.084
170.085
170.086
170.087
170.088
170.089
170.09
170.091
170.092
170.093
170.094
170.095
170.096
170.097
170.098
170.099
170.1
170.101
170.102
170.103
170.104
170.105
170.106
170.107
170.108
170.109
170.11
170.111
170.112
170.113
170.114
170.115
170.116
170.117
170.118
170.119
170.12
170.121
170.122
170.123
170.124
170.125
170.126
170.127
170.128
170.129
170.13
170.131
170.132
170.133
170.134
170.135
170.136
170.137
170.138
170.139
170.14
170.141
170.142
170.143
170.144
170.145
170.146
170.147
170.148
170.149
170.15
170.151
170.152
170.153
170.154
170.155
170.156
170.157
170.158
170.159
170.16
170.161
170.162
170.163
170.164
170.165
170.166
170.167
170.168
170.169
170.17
170.171
170.172
170.173
170.174
170.175
170.176
170.177
170.178
170.179
170.18
170.181
170.182
170.183
170.184
170.185
170.186
170.187
170.188
170.189
170.19
170.191
170.192
170.193
170.194
170.195
170.196
170.197
170.198
170.199
170.2
170.201
170.202
170.203
170.204
170.205
170.206
170.207
170.208
170.209
170.21
170.211
170.212
170.213
170.214
170.215
170.216
170.217
170.218
170.219
170.22
170.221
170.222
170.223
170.224
170.225
170.226
170.227
170.228
170.229
170.23
170.231
170.232
170.233
170.234
170.235
170.236
170.237
170.238
170.239
170.24
170.241
170.242
170.243
170.244
170.245
170.246
170.247
170.248
170.249
170.25
170.251
170.252
170.253
170.254
170.255
170.256
170.257
170.258
170.259
170.26
170.261
170.262
170.263
170.264
170.265
170.266
170.267
170.268
170.269
170.27
170.271
170.272
170.273
170.274
170.275
170.276
170.277
170.278
170.279
170.28
170.281
170.282
170.283
170.284
170.285
170.286
170.287
170.288
170.289
170.29
170.291
170.292
170.293
170.294
170.295
170.296
170.297
170.298
170.299
170.3
170.301
170.302
170.303
170.304
170.305
170.306
170.307
170.308
170.309
170.31
170.311
170.312
170.313
170.314
170.315
170.316
170.317
170.318
170.319
170.32
170.321
170.322
170.323
170.324
170.325
170.326
170.327
170.328
170.329
170.33
170.331
170.332
170.333
170.334
170.335
170.336
170.337
170.338
170.339
170.34
170.341
170.342
170.343
170.344
170.345
170.346
170.347
170.348
170.349
170.35
170.351
170.352
170.353
170.354
170.355
170.356
170.357
170.358
170.359
170.36
170.361
170.362
170.363
170.364
170.365
170.366
170.367
170.368
170.369
170.37
170.371
170.372
170.373
170.374
170.375
170.376
170.377
170.378
170.379
170.38
170.381
170.382
170.383
170.384
170.385
170.386
170.387
170.388
170.389
170.39
170.391
170.392
170.393
170.394
170.395
170.396
170.397
170.398
170.399
170.4
170.401
170.402
170.403
170.404
170.405
170.406
170.407
170.408
170.409
170.41
170.411
170.412
170.413
170.414
170.415
170.416
170.417
170.418
170.419
170.42
170.421
170.422
170.423
170.424
170.425
170.426
170.427
170.428
170.429
170.43
170.431
170.432
170.433
170.434
170.435
170.436
170.437
170.438
170.439
170.44
170.441
170.442
170.443
170.444
170.445
170.446
170.447
170.448
170.449
170.45
170.451
170.452
170.453
170.454
170.455
170.456
170.457
170.458
170.459
170.46
170.461
170.462
170.463
170.464
170.465
170.466
170.467
170.468
170.469
170.47
170.471
170.472
170.473
170.474
170.475
170.476
170.477
170.478
170.479
170.48
170.481
170.482
170.483
170.484
170.485
170.486
170.487
170.488
170.489
170.49
170.491
170.492
170.493
170.494
170.495
170.496
170.497
170.498
170.499
170.5
170.501
170.502
170.503
170.504
170.505
170.506
170.507
170.508
170.509
170.51
170.511
170.512
170.513
170.514
170.515
170.516
170.517
170.518
170.519
170.52
170.521
170.522
170.523
170.524
170.525
170.526
170.527
170.528
170.529
170.53
170.531
170.532
170.533
170.534
170.535
170.536
170.537
170.538
170.539
170.54
170.541
170.542
170.543
170.544
170.545
170.546
170.547
170.548
170.549
170.55
170.551
170.552
170.553
170.554
170.555
170.556
170.557
170.558
170.559
170.56
170.561
170.562
170.563
170.564
170.565
170.566
170.567
170.568
170.569
170.57
170.571
170.572
170.573
170.574
170.575
170.576
170.577
170.578
170.579
170.58
170.581
170.582
170.583
170.584
170.585
170.586
170.587
170.588
170.589
170.59
170.591
170.592
170.593
170.594
170.595
170.596
170.597
170.598
170.599
170.6
170.601
170.602
170.603
170.604
170.605
170.606
170.607
170.608
170.609
170.61
170.611
170.612
170.613
170.614
170.615
170.616
170.617
170.618
170.619
170.62
170.621
170.622
170.623
170.624
170.625
170.626
170.627
170.628
170.629
170.63
170.631
170.632
170.633
170.634
170.635
170.636
170.637
170.638
170.639
170.64
170.641
170.642
170.643
170.644
170.645
170.646
170.647
170.648
170.649
170.65
170.651
170.652
170.653
170.654
170.655
170.656
170.657
170.658
170.659
170.66
170.661
170.662
170.663
170.664
170.665
170.666
170.667
170.668
170.669
170.67
170.671
170.672
170.673
170.674
170.675
170.676
170.677
170.678
170.679
170.68
170.681
170.682
170.683
170.684
170.685
170.686
170.687
170.688
170.689
170.69
170.691
170.692
170.693
170.694
170.695
170.696
170.697
170.698
170.699
170.7
170.701
170.702
170.703
170.704
170.705
170.706
170.707
170.708
170.709
170.71
170.711
170.712
170.713
170.714
170.715
170.716
170.717
170.718
170.719
170.72
170.721
170.722
170.723
170.724
170.725
170.726
170.727
170.728
170.729
170.73
170.731
170.732
170.733
170.734
170.735
170.736
170.737
170.738
170.739
170.74
170.741
170.742
170.743
170.744
170.745
170.746
170.747
170.748
170.749
170.75
170.751
170.752
170.753
170.754
170.755
170.756
170.757
170.758
170.759
170.76
170.761
170.762
170.763
170.764
170.765
170.766
170.767
170.768
170.769
170.77
170.771
170.772
170.773
170.774
170.775
170.776
170.777
170.778
170.779
170.78
170.781
170.782
170.783
170.784
170.785
170.786
170.787
170.788
170.789
170.79
170.791
170.792
170.793
170.794
170.795
170.796
170.797
170.798
170.799
170.8
170.801
170.802
170.803
170.804
170.805
170.806
170.807
170.808
170.809
170.81
170.811
170.812
170.813
170.814
170.815
170.816
170.817
170.818
170.819
170.82
170.821
170.822
170.823
170.824
170.825
170.826
170.827
170.828
170.829
170.83
170.831
170.832
170.833
170.834
170.835
170.836
170.837
170.838
170.839
170.84
170.841
170.842
170.843
170.844
170.845
170.846
170.847
170.848
170.849
170.85
170.851
170.852
170.853
170.854
170.855
170.856
170.857
170.858
170.859
170.86
170.861
170.862
170.863
170.864
170.865
170.866
170.867
170.868
170.869
170.87
170.871
170.872
170.873
170.874
170.875
170.876
170.877
170.878
170.879
170.88
170.881
170.882
170.883
170.884
170.885
170.886
170.887
170.888
170.889
170.89
170.891
170.892
170.893
170.894
170.895
170.896
170.897
170.898
170.899
170.9
170.901
170.902
170.903
170.904
170.905
170.906
170.907
170.908
170.909
170.91
170.911
170.912
170.913
170.914
170.915
170.916
170.917
170.918
170.919
170.92
170.921
170.922
170.923
170.924
170.925
170.926
170.927
170.928
170.929
170.93
170.931
170.932
170.933
170.934
170.935
170.936
170.937
170.938
170.939
170.94
170.941
170.942
170.943
170.944
170.945
170.946
170.947
170.948
170.949
170.95
170.951
170.952
170.953
170.954
170.955
170.956
170.957
170.958
170.959
170.96
170.961
170.962
170.963
170.964
170.965
170.966
170.967
170.968
170.969
170.97
170.971
170.972
170.973
170.974
170.975
170.976
170.977
170.978
170.979
170.98
170.981
170.982
170.983
170.984
170.985
170.986
170.987
170.988
170.989
170.99
170.991
170.992
170.993
170.994
170.995
170.996
170.997
170.998
170.999
171
171.001
171.002
171.003
171.004
171.005
171.006
171.007
171.008
171.009
171.01
171.011
171.012
171.013
171.014
171.015
171.016
171.017
171.018
171.019
171.02
171.021
171.022
171.023
171.024
171.025
171.026
171.027
171.028
171.029
171.03
171.031
171.032
171.033
171.034
171.035
171.036
171.037
171.038
171.039
171.04
171.041
171.042
171.043
171.044
171.045
171.046
171.047
171.048
171.049
171.05
171.051
171.052
171.053
171.054
171.055
171.056
171.057
171.058
171.059
171.06
171.061
171.062
171.063
171.064
171.065
171.066
171.067
171.068
171.069
171.07
171.071
171.072
171.073
171.074
171.075
171.076
171.077
171.078
171.079
171.08
171.081
171.082
171.083
171.084
171.085
171.086
171.087
171.088
171.089
171.09
171.091
171.092
171.093
171.094
171.095
171.096
171.097
171.098
171.099
171.1
171.101
171.102
171.103
171.104
171.105
171.106
171.107
171.108
171.109
171.11
171.111
171.112
171.113
171.114
171.115
171.116
171.117
171.118
171.119
171.12
171.121
171.122
171.123
171.124
171.125
171.126
171.127
171.128
171.129
171.13
171.131
171.132
171.133
171.134
171.135
171.136
171.137
171.138
171.139
171.14
171.141
171.142
171.143
171.144
171.145
171.146
171.147
171.148
171.149
171.15
171.151
171.152
171.153
171.154
171.155
171.156
171.157
171.158
171.159
171.16
171.161
171.162
171.163
171.164
171.165
171.166
171.167
171.168
171.169
171.17
171.171
171.172
171.173
171.174
171.175
171.176
171.177
171.178
171.179
171.18
171.181
171.182
171.183
171.184
171.185
171.186
171.187
171.188
171.189
171.19
171.191
171.192
171.193
171.194
171.195
171.196
171.197
171.198
171.199
171.2
171.201
171.202
171.203
171.204
171.205
171.206
171.207
171.208
171.209
171.21
171.211
171.212
171.213
171.214
171.215
171.216
171.217
171.218
171.219
171.22
171.221
171.222
171.223
171.224
171.225
171.226
171.227
171.228
171.229
171.23
171.231
171.232
171.233
171.234
171.235
171.236
171.237
171.238
171.239
171.24
171.241
171.242
171.243
171.244
171.245
171.246
171.247
171.248
171.249
171.25
171.251
171.252
171.253
171.254
171.255
171.256
171.257
171.258
171.259
171.26
171.261
171.262
171.263
171.264
171.265
171.266
171.267
171.268
171.269
171.27
171.271
171.272
171.273
171.274
171.275
171.276
171.277
171.278
171.279
171.28
171.281
171.282
171.283
171.284
171.285
171.286
171.287
171.288
171.289
171.29
171.291
171.292
171.293
171.294
171.295
171.296
171.297
171.298
171.299
171.3
171.301
171.302
171.303
171.304
171.305
171.306
171.307
171.308
171.309
171.31
171.311
171.312
171.313
171.314
171.315
171.316
171.317
171.318
171.319
171.32
171.321
171.322
171.323
171.324
171.325
171.326
171.327
171.328
171.329
171.33
171.331
171.332
171.333
171.334
171.335
171.336
171.337
171.338
171.339
171.34
171.341
171.342
171.343
171.344
171.345
171.346
171.347
171.348
171.349
171.35
171.351
171.352
171.353
171.354
171.355
171.356
171.357
171.358
171.359
171.36
171.361
171.362
171.363
171.364
171.365
171.366
171.367
171.368
171.369
171.37
171.371
171.372
171.373
171.374
171.375
171.376
171.377
171.378
171.379
171.38
171.381
171.382
171.383
171.384
171.385
171.386
171.387
171.388
171.389
171.39
171.391
171.392
171.393
171.394
171.395
171.396
171.397
171.398
171.399
171.4
171.401
171.402
171.403
171.404
171.405
171.406
171.407
171.408
171.409
171.41
171.411
171.412
171.413
171.414
171.415
171.416
171.417
171.418
171.419
171.42
171.421
171.422
171.423
171.424
171.425
171.426
171.427
171.428
171.429
171.43
171.431
171.432
171.433
171.434
171.435
171.436
171.437
171.438
171.439
171.44
171.441
171.442
171.443
171.444
171.445
171.446
171.447
171.448
171.449
171.45
171.451
171.452
171.453
171.454
171.455
171.456
171.457
171.458
171.459
171.46
171.461
171.462
171.463
171.464
171.465
171.466
171.467
171.468
171.469
171.47
171.471
171.472
171.473
171.474
171.475
171.476
171.477
171.478
171.479
171.48
171.481
171.482
171.483
171.484
171.485
171.486
171.487
171.488
171.489
171.49
171.491
171.492
171.493
171.494
171.495
171.496
171.497
171.498
171.499
171.5
171.501
171.502
171.503
171.504
171.505
171.506
171.507
171.508
171.509
171.51
171.511
171.512
171.513
171.514
171.515
171.516
171.517
171.518
171.519
171.52
171.521
171.522
171.523
171.524
171.525
171.526
171.527
171.528
171.529
171.53
171.531
171.532
171.533
171.534
171.535
171.536
171.537
171.538
171.539
171.54
171.541
171.542
171.543
171.544
171.545
171.546
171.547
171.548
171.549
171.55
171.551
171.552
171.553
171.554
171.555
171.556
171.557
171.558
171.559
171.56
171.561
171.562
171.563
171.564
171.565
171.566
171.567
171.568
171.569
171.57
171.571
171.572
171.573
171.574
171.575
171.576
171.577
171.578
171.579
171.58
171.581
171.582
171.583
171.584
171.585
171.586
171.587
171.588
171.589
171.59
171.591
171.592
171.593
171.594
171.595
171.596
171.597
171.598
171.599
171.6
171.601
171.602
171.603
171.604
171.605
171.606
171.607
171.608
171.609
171.61
171.611
171.612
171.613
171.614
171.615
171.616
171.617
171.618
171.619
171.62
171.621
171.622
171.623
171.624
171.625
171.626
171.627
171.628
171.629
171.63
171.631
171.632
171.633
171.634
171.635
171.636
171.637
171.638
171.639
171.64
171.641
171.642
171.643
171.644
171.645
171.646
171.647
171.648
171.649
171.65
171.651
171.652
171.653
171.654
171.655
171.656
171.657
171.658
171.659
171.66
171.661
171.662
171.663
171.664
171.665
171.666
171.667
171.668
171.669
171.67
171.671
171.672
171.673
171.674
171.675
171.676
171.677
171.678
171.679
171.68
171.681
171.682
171.683
171.684
171.685
171.686
171.687
171.688
171.689
171.69
171.691
171.692
171.693
171.694
171.695
171.696
171.697
171.698
171.699
171.7
171.701
171.702
171.703
171.704
171.705
171.706
171.707
171.708
171.709
171.71
171.711
171.712
171.713
171.714
171.715
171.716
171.717
171.718
171.719
171.72
171.721
171.722
171.723
171.724
171.725
171.726
171.727
171.728
171.729
171.73
171.731
171.732
171.733
171.734
171.735
171.736
171.737
171.738
171.739
171.74
171.741
171.742
171.743
171.744
171.745
171.746
171.747
171.748
171.749
171.75
171.751
171.752
171.753
171.754
171.755
171.756
171.757
171.758
171.759
171.76
171.761
171.762
171.763
171.764
171.765
171.766
171.767
171.768
171.769
171.77
171.771
171.772
171.773
171.774
171.775
171.776
171.777
171.778
171.779
171.78
171.781
171.782
171.783
171.784
171.785
171.786
171.787
171.788
171.789
171.79
171.791
171.792
171.793
171.794
171.795
171.796
171.797
171.798
171.799
171.8
171.801
171.802
171.803
171.804
171.805
171.806
171.807
171.808
171.809
171.81
171.811
171.812
171.813
171.814
171.815
171.816
171.817
171.818
171.819
171.82
171.821
171.822
171.823
171.824
171.825
171.826
171.827
171.828
171.829
171.83
171.831
171.832
171.833
171.834
171.835
171.836
171.837
171.838
171.839
171.84
171.841
171.842
171.843
171.844
171.845
171.846
171.847
171.848
171.849
171.85
171.851
171.852
171.853
171.854
171.855
171.856
171.857
171.858
171.859
171.86
171.861
171.862
171.863
171.864
171.865
171.866
171.867
171.868
171.869
171.87
171.871
171.872
171.873
171.874
171.875
171.876
171.877
171.878
171.879
171.88
171.881
171.882
171.883
171.884
171.885
171.886
171.887
171.888
171.889
171.89
171.891
171.892
171.893
171.894
171.895
171.896
171.897
171.898
171.899
171.9
171.901
171.902
171.903
171.904
171.905
171.906
171.907
171.908
171.909
171.91
171.911
171.912
171.913
171.914
171.915
171.916
171.917
171.918
171.919
171.92
171.921
171.922
171.923
171.924
171.925
171.926
171.927
171.928
171.929
171.93
171.931
171.932
171.933
171.934
171.935
171.936
171.937
171.938
171.939
171.94
171.941
171.942
171.943
171.944
171.945
171.946
171.947
171.948
171.949
171.95
171.951
171.952
171.953
171.954
171.955
171.956
171.957
171.958
171.959
171.96
171.961
171.962
171.963
171.964
171.965
171.966
171.967
171.968
171.969
171.97
171.971
171.972
171.973
171.974
171.975
171.976
171.977
171.978
171.979
171.98
171.981
171.982
171.983
171.984
171.985
171.986
171.987
171.988
171.989
171.99
171.991
171.992
171.993
171.994
171.995
171.996
171.997
171.998
171.999
172
172.001
172.002
172.003
172.004
172.005
172.006
172.007
172.008
172.009
172.01
172.011
172.012
172.013
172.014
172.015
172.016
172.017
172.018
172.019
172.02
172.021
172.022
172.023
172.024
172.025
172.026
172.027
172.028
172.029
172.03
172.031
172.032
172.033
172.034
172.035
172.036
172.037
172.038
172.039
172.04
172.041
172.042
172.043
172.044
172.045
172.046
172.047
172.048
172.049
172.05
172.051
172.052
172.053
172.054
172.055
172.056
172.057
172.058
172.059
172.06
172.061
172.062
172.063
172.064
172.065
172.066
172.067
172.068
172.069
172.07
172.071
172.072
172.073
172.074
172.075
172.076
172.077
172.078
172.079
172.08
172.081
172.082
172.083
172.084
172.085
172.086
172.087
172.088
172.089
172.09
172.091
172.092
172.093
172.094
172.095
172.096
172.097
172.098
172.099
172.1
172.101
172.102
172.103
172.104
172.105
172.106
172.107
172.108
172.109
172.11
172.111
172.112
172.113
172.114
172.115
172.116
172.117
172.118
172.119
172.12
172.121
172.122
172.123
172.124
172.125
172.126
172.127
172.128
172.129
172.13
172.131
172.132
172.133
172.134
172.135
172.136
172.137
172.138
172.139
172.14
172.141
172.142
172.143
172.144
172.145
172.146
172.147
172.148
172.149
172.15
172.151
172.152
172.153
172.154
172.155
172.156
172.157
172.158
172.159
172.16
172.161
172.162
172.163
172.164
172.165
172.166
172.167
172.168
172.169
172.17
172.171
172.172
172.173
172.174
172.175
172.176
172.177
172.178
172.179
172.18
172.181
172.182
172.183
172.184
172.185
172.186
172.187
172.188
172.189
172.19
172.191
172.192
172.193
172.194
172.195
172.196
172.197
172.198
172.199
172.2
172.201
172.202
172.203
172.204
172.205
172.206
172.207
172.208
172.209
172.21
172.211
172.212
172.213
172.214
172.215
172.216
172.217
172.218
172.219
172.22
172.221
172.222
172.223
172.224
172.225
172.226
172.227
172.228
172.229
172.23
172.231
172.232
172.233
172.234
172.235
172.236
172.237
172.238
172.239
172.24
172.241
172.242
172.243
172.244
172.245
172.246
172.247
172.248
172.249
172.25
172.251
172.252
172.253
172.254
172.255
172.256
172.257
172.258
172.259
172.26
172.261
172.262
172.263
172.264
172.265
172.266
172.267
172.268
172.269
172.27
172.271
172.272
172.273
172.274
172.275
172.276
172.277
172.278
172.279
172.28
172.281
172.282
172.283
172.284
172.285
172.286
172.287
172.288
172.289
172.29
172.291
172.292
172.293
172.294
172.295
172.296
172.297
172.298
172.299
172.3
172.301
172.302
172.303
172.304
172.305
172.306
172.307
172.308
172.309
172.31
172.311
172.312
172.313
172.314
172.315
172.316
172.317
172.318
172.319
172.32
172.321
172.322
172.323
172.324
172.325
172.326
172.327
172.328
172.329
172.33
172.331
172.332
172.333
172.334
172.335
172.336
172.337
172.338
172.339
172.34
172.341
172.342
172.343
172.344
172.345
172.346
172.347
172.348
172.349
172.35
172.351
172.352
172.353
172.354
172.355
172.356
172.357
172.358
172.359
172.36
172.361
172.362
172.363
172.364
172.365
172.366
172.367
172.368
172.369
172.37
172.371
172.372
172.373
172.374
172.375
172.376
172.377
172.378
172.379
172.38
172.381
172.382
172.383
172.384
172.385
172.386
172.387
172.388
172.389
172.39
172.391
172.392
172.393
172.394
172.395
172.396
172.397
172.398
172.399
172.4
172.401
172.402
172.403
172.404
172.405
172.406
172.407
172.408
172.409
172.41
172.411
172.412
172.413
172.414
172.415
172.416
172.417
172.418
172.419
172.42
172.421
172.422
172.423
172.424
172.425
172.426
172.427
172.428
172.429
172.43
172.431
172.432
172.433
172.434
172.435
172.436
172.437
172.438
172.439
172.44
172.441
172.442
172.443
172.444
172.445
172.446
172.447
172.448
172.449
172.45
172.451
172.452
172.453
172.454
172.455
172.456
172.457
172.458
172.459
172.46
172.461
172.462
172.463
172.464
172.465
172.466
172.467
172.468
172.469
172.47
172.471
172.472
172.473
172.474
172.475
172.476
172.477
172.478
172.479
172.48
172.481
172.482
172.483
172.484
172.485
172.486
172.487
172.488
172.489
172.49
172.491
172.492
172.493
172.494
172.495
172.496
172.497
172.498
172.499
172.5
172.501
172.502
172.503
172.504
172.505
172.506
172.507
172.508
172.509
172.51
172.511
172.512
172.513
172.514
172.515
172.516
172.517
172.518
172.519
172.52
172.521
172.522
172.523
172.524
172.525
172.526
172.527
172.528
172.529
172.53
172.531
172.532
172.533
172.534
172.535
172.536
172.537
172.538
172.539
172.54
172.541
172.542
172.543
172.544
172.545
172.546
172.547
172.548
172.549
172.55
172.551
172.552
172.553
172.554
172.555
172.556
172.557
172.558
172.559
172.56
172.561
172.562
172.563
172.564
172.565
172.566
172.567
172.568
172.569
172.57
172.571
172.572
172.573
172.574
172.575
172.576
172.577
172.578
172.579
172.58
172.581
172.582
172.583
172.584
172.585
172.586
172.587
172.588
172.589
172.59
172.591
172.592
172.593
172.594
172.595
172.596
172.597
172.598
172.599
172.6
172.601
172.602
172.603
172.604
172.605
172.606
172.607
172.608
172.609
172.61
172.611
172.612
172.613
172.614
172.615
172.616
172.617
172.618
172.619
172.62
172.621
172.622
172.623
172.624
172.625
172.626
172.627
172.628
172.629
172.63
172.631
172.632
172.633
172.634
172.635
172.636
172.637
172.638
172.639
172.64
172.641
172.642
172.643
172.644
172.645
172.646
172.647
172.648
172.649
172.65
172.651
172.652
172.653
172.654
172.655
172.656
172.657
172.658
172.659
172.66
172.661
172.662
172.663
172.664
172.665
172.666
172.667
172.668
172.669
172.67
172.671
172.672
172.673
172.674
172.675
172.676
172.677
172.678
172.679
172.68
172.681
172.682
172.683
172.684
172.685
172.686
172.687
172.688
172.689
172.69
172.691
172.692
172.693
172.694
172.695
172.696
172.697
172.698
172.699
172.7
172.701
172.702
172.703
172.704
172.705
172.706
172.707
172.708
172.709
172.71
172.711
172.712
172.713
172.714
172.715
172.716
172.717
172.718
172.719
172.72
172.721
172.722
172.723
172.724
172.725
172.726
172.727
172.728
172.729
172.73
172.731
172.732
172.733
172.734
172.735
172.736
172.737
172.738
172.739
172.74
172.741
172.742
172.743
172.744
172.745
172.746
172.747
172.748
172.749
172.75
172.751
172.752
172.753
172.754
172.755
172.756
172.757
172.758
172.759
172.76
172.761
172.762
172.763
172.764
172.765
172.766
172.767
172.768
172.769
172.77
172.771
172.772
172.773
172.774
172.775
172.776
172.777
172.778
172.779
172.78
172.781
172.782
172.783
172.784
172.785
172.786
172.787
172.788
172.789
172.79
172.791
172.792
172.793
172.794
172.795
172.796
172.797
172.798
172.799
172.8
172.801
172.802
172.803
172.804
172.805
172.806
172.807
172.808
172.809
172.81
172.811
172.812
172.813
172.814
172.815
172.816
172.817
172.818
172.819
172.82
172.821
172.822
172.823
172.824
172.825
172.826
172.827
172.828
172.829
172.83
172.831
172.832
172.833
172.834
172.835
172.836
172.837
172.838
172.839
172.84
172.841
172.842
172.843
172.844
172.845
172.846
172.847
172.848
172.849
172.85
172.851
172.852
172.853
172.854
172.855
172.856
172.857
172.858
172.859
172.86
172.861
172.862
172.863
172.864
172.865
172.866
172.867
172.868
172.869
172.87
172.871
172.872
172.873
172.874
172.875
172.876
172.877
172.878
172.879
172.88
172.881
172.882
172.883
172.884
172.885
172.886
172.887
172.888
172.889
172.89
172.891
172.892
172.893
172.894
172.895
172.896
172.897
172.898
172.899
172.9
172.901
172.902
172.903
172.904
172.905
172.906
172.907
172.908
172.909
172.91
172.911
172.912
172.913
172.914
172.915
172.916
172.917
172.918
172.919
172.92
172.921
172.922
172.923
172.924
172.925
172.926
172.927
172.928
172.929
172.93
172.931
172.932
172.933
172.934
172.935
172.936
172.937
172.938
172.939
172.94
172.941
172.942
172.943
172.944
172.945
172.946
172.947
172.948
172.949
172.95
172.951
172.952
172.953
172.954
172.955
172.956
172.957
172.958
172.959
172.96
172.961
172.962
172.963
172.964
172.965
172.966
172.967
172.968
172.969
172.97
172.971
172.972
172.973
172.974
172.975
172.976
172.977
172.978
172.979
172.98
172.981
172.982
172.983
172.984
172.985
172.986
172.987
172.988
172.989
172.99
172.991
172.992
172.993
172.994
172.995
172.996
172.997
172.998
172.999
173
173.001
173.002
173.003
173.004
173.005
173.006
173.007
173.008
173.009
173.01
173.011
173.012
173.013
173.014
173.015
173.016
173.017
173.018
173.019
173.02
173.021
173.022
173.023
173.024
173.025
173.026
173.027
173.028
173.029
173.03
173.031
173.032
173.033
173.034
173.035
173.036
173.037
173.038
173.039
173.04
173.041
173.042
173.043
173.044
173.045
173.046
173.047
173.048
173.049
173.05
173.051
173.052
173.053
173.054
173.055
173.056
173.057
173.058
173.059
173.06
173.061
173.062
173.063
173.064
173.065
173.066
173.067
173.068
173.069
173.07
173.071
173.072
173.073
173.074
173.075
173.076
173.077
173.078
173.079
173.08
173.081
173.082
173.083
173.084
173.085
173.086
173.087
173.088
173.089
173.09
173.091
173.092
173.093
173.094
173.095
173.096
173.097
173.098
173.099
173.1
173.101
173.102
173.103
173.104
173.105
173.106
173.107
173.108
173.109
173.11
173.111
173.112
173.113
173.114
173.115
173.116
173.117
173.118
173.119
173.12
173.121
173.122
173.123
173.124
173.125
173.126
173.127
173.128
173.129
173.13
173.131
173.132
173.133
173.134
173.135
173.136
173.137
173.138
173.139
173.14
173.141
173.142
173.143
173.144
173.145
173.146
173.147
173.148
173.149
173.15
173.151
173.152
173.153
173.154
173.155
173.156
173.157
173.158
173.159
173.16
173.161
173.162
173.163
173.164
173.165
173.166
173.167
173.168
173.169
173.17
173.171
173.172
173.173
173.174
173.175
173.176
173.177
173.178
173.179
173.18
173.181
173.182
173.183
173.184
173.185
173.186
173.187
173.188
173.189
173.19
173.191
173.192
173.193
173.194
173.195
173.196
173.197
173.198
173.199
173.2
173.201
173.202
173.203
173.204
173.205
173.206
173.207
173.208
173.209
173.21
173.211
173.212
173.213
173.214
173.215
173.216
173.217
173.218
173.219
173.22
173.221
173.222
173.223
173.224
173.225
173.226
173.227
173.228
173.229
173.23
173.231
173.232
173.233
173.234
173.235
173.236
173.237
173.238
173.239
173.24
173.241
173.242
173.243
173.244
173.245
173.246
173.247
173.248
173.249
173.25
173.251
173.252
173.253
173.254
173.255
173.256
173.257
173.258
173.259
173.26
173.261
173.262
173.263
173.264
173.265
173.266
173.267
173.268
173.269
173.27
173.271
173.272
173.273
173.274
173.275
173.276
173.277
173.278
173.279
173.28
173.281
173.282
173.283
173.284
173.285
173.286
173.287
173.288
173.289
173.29
173.291
173.292
173.293
173.294
173.295
173.296
173.297
173.298
173.299
173.3
173.301
173.302
173.303
173.304
173.305
173.306
173.307
173.308
173.309
173.31
173.311
173.312
173.313
173.314
173.315
173.316
173.317
173.318
173.319
173.32
173.321
173.322
173.323
173.324
173.325
173.326
173.327
173.328
173.329
173.33
173.331
173.332
173.333
173.334
173.335
173.336
173.337
173.338
173.339
173.34
173.341
173.342
173.343
173.344
173.345
173.346
173.347
173.348
173.349
173.35
173.351
173.352
173.353
173.354
173.355
173.356
173.357
173.358
173.359
173.36
173.361
173.362
173.363
173.364
173.365
173.366
173.367
173.368
173.369
173.37
173.371
173.372
173.373
173.374
173.375
173.376
173.377
173.378
173.379
173.38
173.381
173.382
173.383
173.384
173.385
173.386
173.387
173.388
173.389
173.39
173.391
173.392
173.393
173.394
173.395
173.396
173.397
173.398
173.399
173.4
173.401
173.402
173.403
173.404
173.405
173.406
173.407
173.408
173.409
173.41
173.411
173.412
173.413
173.414
173.415
173.416
173.417
173.418
173.419
173.42
173.421
173.422
173.423
173.424
173.425
173.426
173.427
173.428
173.429
173.43
173.431
173.432
173.433
173.434
173.435
173.436
173.437
173.438
173.439
173.44
173.441
173.442
173.443
173.444
173.445
173.446
173.447
173.448
173.449
173.45
173.451
173.452
173.453
173.454
173.455
173.456
173.457
173.458
173.459
173.46
173.461
173.462
173.463
173.464
173.465
173.466
173.467
173.468
173.469
173.47
173.471
173.472
173.473
173.474
173.475
173.476
173.477
173.478
173.479
173.48
173.481
173.482
173.483
173.484
173.485
173.486
173.487
173.488
173.489
173.49
173.491
173.492
173.493
173.494
173.495
173.496
173.497
173.498
173.499
173.5
173.501
173.502
173.503
173.504
173.505
173.506
173.507
173.508
173.509
173.51
173.511
173.512
173.513
173.514
173.515
173.516
173.517
173.518
173.519
173.52
173.521
173.522
173.523
173.524
173.525
173.526
173.527
173.528
173.529
173.53
173.531
173.532
173.533
173.534
173.535
173.536
173.537
173.538
173.539
173.54
173.541
173.542
173.543
173.544
173.545
173.546
173.547
173.548
173.549
173.55
173.551
173.552
173.553
173.554
173.555
173.556
173.557
173.558
173.559
173.56
173.561
173.562
173.563
173.564
173.565
173.566
173.567
173.568
173.569
173.57
173.571
173.572
173.573
173.574
173.575
173.576
173.577
173.578
173.579
173.58
173.581
173.582
173.583
173.584
173.585
173.586
173.587
173.588
173.589
173.59
173.591
173.592
173.593
173.594
173.595
173.596
173.597
173.598
173.599
173.6
173.601
173.602
173.603
173.604
173.605
173.606
173.607
173.608
173.609
173.61
173.611
173.612
173.613
173.614
173.615
173.616
173.617
173.618
173.619
173.62
173.621
173.622
173.623
173.624
173.625
173.626
173.627
173.628
173.629
173.63
173.631
173.632
173.633
173.634
173.635
173.636
173.637
173.638
173.639
173.64
173.641
173.642
173.643
173.644
173.645
173.646
173.647
173.648
173.649
173.65
173.651
173.652
173.653
173.654
173.655
173.656
173.657
173.658
173.659
173.66
173.661
173.662
173.663
173.664
173.665
173.666
173.667
173.668
173.669
173.67
173.671
173.672
173.673
173.674
173.675
173.676
173.677
173.678
173.679
173.68
173.681
173.682
173.683
173.684
173.685
173.686
173.687
173.688
173.689
173.69
173.691
173.692
173.693
173.694
173.695
173.696
173.697
173.698
173.699
173.7
173.701
173.702
173.703
173.704
173.705
173.706
173.707
173.708
173.709
173.71
173.711
173.712
173.713
173.714
173.715
173.716
173.717
173.718
173.719
173.72
173.721
173.722
173.723
173.724
173.725
173.726
173.727
173.728
173.729
173.73
173.731
173.732
173.733
173.734
173.735
173.736
173.737
173.738
173.739
173.74
173.741
173.742
173.743
173.744
173.745
173.746
173.747
173.748
173.749
173.75
173.751
173.752
173.753
173.754
173.755
173.756
173.757
173.758
173.759
173.76
173.761
173.762
173.763
173.764
173.765
173.766
173.767
173.768
173.769
173.77
173.771
173.772
173.773
173.774
173.775
173.776
173.777
173.778
173.779
173.78
173.781
173.782
173.783
173.784
173.785
173.786
173.787
173.788
173.789
173.79
173.791
173.792
173.793
173.794
173.795
173.796
173.797
173.798
173.799
173.8
173.801
173.802
173.803
173.804
173.805
173.806
173.807
173.808
173.809
173.81
173.811
173.812
173.813
173.814
173.815
173.816
173.817
173.818
173.819
173.82
173.821
173.822
173.823
173.824
173.825
173.826
173.827
173.828
173.829
173.83
173.831
173.832
173.833
173.834
173.835
173.836
173.837
173.838
173.839
173.84
173.841
173.842
173.843
173.844
173.845
173.846
173.847
173.848
173.849
173.85
173.851
173.852
173.853
173.854
173.855
173.856
173.857
173.858
173.859
173.86
173.861
173.862
173.863
173.864
173.865
173.866
173.867
173.868
173.869
173.87
173.871
173.872
173.873
173.874
173.875
173.876
173.877
173.878
173.879
173.88
173.881
173.882
173.883
173.884
173.885
173.886
173.887
173.888
173.889
173.89
173.891
173.892
173.893
173.894
173.895
173.896
173.897
173.898
173.899
173.9
173.901
173.902
173.903
173.904
173.905
173.906
173.907
173.908
173.909
173.91
173.911
173.912
173.913
173.914
173.915
173.916
173.917
173.918
173.919
173.92
173.921
173.922
173.923
173.924
173.925
173.926
173.927
173.928
173.929
173.93
173.931
173.932
173.933
173.934
173.935
173.936
173.937
173.938
173.939
173.94
173.941
173.942
173.943
173.944
173.945
173.946
173.947
173.948
173.949
173.95
173.951
173.952
173.953
173.954
173.955
173.956
173.957
173.958
173.959
173.96
173.961
173.962
173.963
173.964
173.965
173.966
173.967
173.968
173.969
173.97
173.971
173.972
173.973
173.974
173.975
173.976
173.977
173.978
173.979
173.98
173.981
173.982
173.983
173.984
173.985
173.986
173.987
173.988
173.989
173.99
173.991
173.992
173.993
173.994
173.995
173.996
173.997
173.998
173.999
174
174.001
174.002
174.003
174.004
174.005
174.006
174.007
174.008
174.009
174.01
174.011
174.012
174.013
174.014
174.015
174.016
174.017
174.018
174.019
174.02
174.021
174.022
174.023
174.024
174.025
174.026
174.027
174.028
174.029
174.03
174.031
174.032
174.033
174.034
174.035
174.036
174.037
174.038
174.039
174.04
174.041
174.042
174.043
174.044
174.045
174.046
174.047
174.048
174.049
174.05
174.051
174.052
174.053
174.054
174.055
174.056
174.057
174.058
174.059
174.06
174.061
174.062
174.063
174.064
174.065
174.066
174.067
174.068
174.069
174.07
174.071
174.072
174.073
174.074
174.075
174.076
174.077
174.078
174.079
174.08
174.081
174.082
174.083
174.084
174.085
174.086
174.087
174.088
174.089
174.09
174.091
174.092
174.093
174.094
174.095
174.096
174.097
174.098
174.099
174.1
174.101
174.102
174.103
174.104
174.105
174.106
174.107
174.108
174.109
174.11
174.111
174.112
174.113
174.114
174.115
174.116
174.117
174.118
174.119
174.12
174.121
174.122
174.123
174.124
174.125
174.126
174.127
174.128
174.129
174.13
174.131
174.132
174.133
174.134
174.135
174.136
174.137
174.138
174.139
174.14
174.141
174.142
174.143
174.144
174.145
174.146
174.147
174.148
174.149
174.15
174.151
174.152
174.153
174.154
174.155
174.156
174.157
174.158
174.159
174.16
174.161
174.162
174.163
174.164
174.165
174.166
174.167
174.168
174.169
174.17
174.171
174.172
174.173
174.174
174.175
174.176
174.177
174.178
174.179
174.18
174.181
174.182
174.183
174.184
174.185
174.186
174.187
174.188
174.189
174.19
174.191
174.192
174.193
174.194
174.195
174.196
174.197
174.198
174.199
174.2
174.201
174.202
174.203
174.204
174.205
174.206
174.207
174.208
174.209
174.21
174.211
174.212
174.213
174.214
174.215
174.216
174.217
174.218
174.219
174.22
174.221
174.222
174.223
174.224
174.225
174.226
174.227
174.228
174.229
174.23
174.231
174.232
174.233
174.234
174.235
174.236
174.237
174.238
174.239
174.24
174.241
174.242
174.243
174.244
174.245
174.246
174.247
174.248
174.249
174.25
174.251
174.252
174.253
174.254
174.255
174.256
174.257
174.258
174.259
174.26
174.261
174.262
174.263
174.264
174.265
174.266
174.267
174.268
174.269
174.27
174.271
174.272
174.273
174.274
174.275
174.276
174.277
174.278
174.279
174.28
174.281
174.282
174.283
174.284
174.285
174.286
174.287
174.288
174.289
174.29
174.291
174.292
174.293
174.294
174.295
174.296
174.297
174.298
174.299
174.3
174.301
174.302
174.303
174.304
174.305
174.306
174.307
174.308
174.309
174.31
174.311
174.312
174.313
174.314
174.315
174.316
174.317
174.318
174.319
174.32
174.321
174.322
174.323
174.324
174.325
174.326
174.327
174.328
174.329
174.33
174.331
174.332
174.333
174.334
174.335
174.336
174.337
174.338
174.339
174.34
174.341
174.342
174.343
174.344
174.345
174.346
174.347
174.348
174.349
174.35
174.351
174.352
174.353
174.354
174.355
174.356
174.357
174.358
174.359
174.36
174.361
174.362
174.363
174.364
174.365
174.366
174.367
174.368
174.369
174.37
174.371
174.372
174.373
174.374
174.375
174.376
174.377
174.378
174.379
174.38
174.381
174.382
174.383
174.384
174.385
174.386
174.387
174.388
174.389
174.39
174.391
174.392
174.393
174.394
174.395
174.396
174.397
174.398
174.399
174.4
174.401
174.402
174.403
174.404
174.405
174.406
174.407
174.408
174.409
174.41
174.411
174.412
174.413
174.414
174.415
174.416
174.417
174.418
174.419
174.42
174.421
174.422
174.423
174.424
174.425
174.426
174.427
174.428
174.429
174.43
174.431
174.432
174.433
174.434
174.435
174.436
174.437
174.438
174.439
174.44
174.441
174.442
174.443
174.444
174.445
174.446
174.447
174.448
174.449
174.45
174.451
174.452
174.453
174.454
174.455
174.456
174.457
174.458
174.459
174.46
174.461
174.462
174.463
174.464
174.465
174.466
174.467
174.468
174.469
174.47
174.471
174.472
174.473
174.474
174.475
174.476
174.477
174.478
174.479
174.48
174.481
174.482
174.483
174.484
174.485
174.486
174.487
174.488
174.489
174.49
174.491
174.492
174.493
174.494
174.495
174.496
174.497
174.498
174.499
174.5
174.501
174.502
174.503
174.504
174.505
174.506
174.507
174.508
174.509
174.51
174.511
174.512
174.513
174.514
174.515
174.516
174.517
174.518
174.519
174.52
174.521
174.522
174.523
174.524
174.525
174.526
174.527
174.528
174.529
174.53
174.531
174.532
174.533
174.534
174.535
174.536
174.537
174.538
174.539
174.54
174.541
174.542
174.543
174.544
174.545
174.546
174.547
174.548
174.549
174.55
174.551
174.552
174.553
174.554
174.555
174.556
174.557
174.558
174.559
174.56
174.561
174.562
174.563
174.564
174.565
174.566
174.567
174.568
174.569
174.57
174.571
174.572
174.573
174.574
174.575
174.576
174.577
174.578
174.579
174.58
174.581
174.582
174.583
174.584
174.585
174.586
174.587
174.588
174.589
174.59
174.591
174.592
174.593
174.594
174.595
174.596
174.597
174.598
174.599
174.6
174.601
174.602
174.603
174.604
174.605
174.606
174.607
174.608
174.609
174.61
174.611
174.612
174.613
174.614
174.615
174.616
174.617
174.618
174.619
174.62
174.621
174.622
174.623
174.624
174.625
174.626
174.627
174.628
174.629
174.63
174.631
174.632
174.633
174.634
174.635
174.636
174.637
174.638
174.639
174.64
174.641
174.642
174.643
174.644
174.645
174.646
174.647
174.648
174.649
174.65
174.651
174.652
174.653
174.654
174.655
174.656
174.657
174.658
174.659
174.66
174.661
174.662
174.663
174.664
174.665
174.666
174.667
174.668
174.669
174.67
174.671
174.672
174.673
174.674
174.675
174.676
174.677
174.678
174.679
174.68
174.681
174.682
174.683
174.684
174.685
174.686
174.687
174.688
174.689
174.69
174.691
174.692
174.693
174.694
174.695
174.696
174.697
174.698
174.699
174.7
174.701
174.702
174.703
174.704
174.705
174.706
174.707
174.708
174.709
174.71
174.711
174.712
174.713
174.714
174.715
174.716
174.717
174.718
174.719
174.72
174.721
174.722
174.723
174.724
174.725
174.726
174.727
174.728
174.729
174.73
174.731
174.732
174.733
174.734
174.735
174.736
174.737
174.738
174.739
174.74
174.741
174.742
174.743
174.744
174.745
174.746
174.747
174.748
174.749
174.75
174.751
174.752
174.753
174.754
174.755
174.756
174.757
174.758
174.759
174.76
174.761
174.762
174.763
174.764
174.765
174.766
174.767
174.768
174.769
174.77
174.771
174.772
174.773
174.774
174.775
174.776
174.777
174.778
174.779
174.78
174.781
174.782
174.783
174.784
174.785
174.786
174.787
174.788
174.789
174.79
174.791
174.792
174.793
174.794
174.795
174.796
174.797
174.798
174.799
174.8
174.801
174.802
174.803
174.804
174.805
174.806
174.807
174.808
174.809
174.81
174.811
174.812
174.813
174.814
174.815
174.816
174.817
174.818
174.819
174.82
174.821
174.822
174.823
174.824
174.825
174.826
174.827
174.828
174.829
174.83
174.831
174.832
174.833
174.834
174.835
174.836
174.837
174.838
174.839
174.84
174.841
174.842
174.843
174.844
174.845
174.846
174.847
174.848
174.849
174.85
174.851
174.852
174.853
174.854
174.855
174.856
174.857
174.858
174.859
174.86
174.861
174.862
174.863
174.864
174.865
174.866
174.867
174.868
174.869
174.87
174.871
174.872
174.873
174.874
174.875
174.876
174.877
174.878
174.879
174.88
174.881
174.882
174.883
174.884
174.885
174.886
174.887
174.888
174.889
174.89
174.891
174.892
174.893
174.894
174.895
174.896
174.897
174.898
174.899
174.9
174.901
174.902
174.903
174.904
174.905
174.906
174.907
174.908
174.909
174.91
174.911
174.912
174.913
174.914
174.915
174.916
174.917
174.918
174.919
174.92
174.921
174.922
174.923
174.924
174.925
174.926
174.927
174.928
174.929
174.93
174.931
174.932
174.933
174.934
174.935
174.936
174.937
174.938
174.939
174.94
174.941
174.942
174.943
174.944
174.945
174.946
174.947
174.948
174.949
174.95
174.951
174.952
174.953
174.954
174.955
174.956
174.957
174.958
174.959
174.96
174.961
174.962
174.963
174.964
174.965
174.966
174.967
174.968
174.969
174.97
174.971
174.972
174.973
174.974
174.975
174.976
174.977
174.978
174.979
174.98
174.981
174.982
174.983
174.984
174.985
174.986
174.987
174.988
174.989
174.99
174.991
174.992
174.993
174.994
174.995
174.996
174.997
174.998
174.999
175
175.001
175.002
175.003
175.004
175.005
175.006
175.007
175.008
175.009
175.01
175.011
175.012
175.013
175.014
175.015
175.016
175.017
175.018
175.019
175.02
175.021
175.022
175.023
175.024
175.025
175.026
175.027
175.028
175.029
175.03
175.031
175.032
175.033
175.034
175.035
175.036
175.037
175.038
175.039
175.04
175.041
175.042
175.043
175.044
175.045
175.046
175.047
175.048
175.049
175.05
175.051
175.052
175.053
175.054
175.055
175.056
175.057
175.058
175.059
175.06
175.061
175.062
175.063
175.064
175.065
175.066
175.067
175.068
175.069
175.07
175.071
175.072
175.073
175.074
175.075
175.076
175.077
175.078
175.079
175.08
175.081
175.082
175.083
175.084
175.085
175.086
175.087
175.088
175.089
175.09
175.091
175.092
175.093
175.094
175.095
175.096
175.097
175.098
175.099
175.1
175.101
175.102
175.103
175.104
175.105
175.106
175.107
175.108
175.109
175.11
175.111
175.112
175.113
175.114
175.115
175.116
175.117
175.118
175.119
175.12
175.121
175.122
175.123
175.124
175.125
175.126
175.127
175.128
175.129
175.13
175.131
175.132
175.133
175.134
175.135
175.136
175.137
175.138
175.139
175.14
175.141
175.142
175.143
175.144
175.145
175.146
175.147
175.148
175.149
175.15
175.151
175.152
175.153
175.154
175.155
175.156
175.157
175.158
175.159
175.16
175.161
175.162
175.163
175.164
175.165
175.166
175.167
175.168
175.169
175.17
175.171
175.172
175.173
175.174
175.175
175.176
175.177
175.178
175.179
175.18
175.181
175.182
175.183
175.184
175.185
175.186
175.187
175.188
175.189
175.19
175.191
175.192
175.193
175.194
175.195
175.196
175.197
175.198
175.199
175.2
175.201
175.202
175.203
175.204
175.205
175.206
175.207
175.208
175.209
175.21
175.211
175.212
175.213
175.214
175.215
175.216
175.217
175.218
175.219
175.22
175.221
175.222
175.223
175.224
175.225
175.226
175.227
175.228
175.229
175.23
175.231
175.232
175.233
175.234
175.235
175.236
175.237
175.238
175.239
175.24
175.241
175.242
175.243
175.244
175.245
175.246
175.247
175.248
175.249
175.25
175.251
175.252
175.253
175.254
175.255
175.256
175.257
175.258
175.259
175.26
175.261
175.262
175.263
175.264
175.265
175.266
175.267
175.268
175.269
175.27
175.271
175.272
175.273
175.274
175.275
175.276
175.277
175.278
175.279
175.28
175.281
175.282
175.283
175.284
175.285
175.286
175.287
175.288
175.289
175.29
175.291
175.292
175.293
175.294
175.295
175.296
175.297
175.298
175.299
175.3
175.301
175.302
175.303
175.304
175.305
175.306
175.307
175.308
175.309
175.31
175.311
175.312
175.313
175.314
175.315
175.316
175.317
175.318
175.319
175.32
175.321
175.322
175.323
175.324
175.325
175.326
175.327
175.328
175.329
175.33
175.331
175.332
175.333
175.334
175.335
175.336
175.337
175.338
175.339
175.34
175.341
175.342
175.343
175.344
175.345
175.346
175.347
175.348
175.349
175.35
175.351
175.352
175.353
175.354
175.355
175.356
175.357
175.358
175.359
175.36
175.361
175.362
175.363
175.364
175.365
175.366
175.367
175.368
175.369
175.37
175.371
175.372
175.373
175.374
175.375
175.376
175.377
175.378
175.379
175.38
175.381
175.382
175.383
175.384
175.385
175.386
175.387
175.388
175.389
175.39
175.391
175.392
175.393
175.394
175.395
175.396
175.397
175.398
175.399
175.4
175.401
175.402
175.403
175.404
175.405
175.406
175.407
175.408
175.409
175.41
175.411
175.412
175.413
175.414
175.415
175.416
175.417
175.418
175.419
175.42
175.421
175.422
175.423
175.424
175.425
175.426
175.427
175.428
175.429
175.43
175.431
175.432
175.433
175.434
175.435
175.436
175.437
175.438
175.439
175.44
175.441
175.442
175.443
175.444
175.445
175.446
175.447
175.448
175.449
175.45
175.451
175.452
175.453
175.454
175.455
175.456
175.457
175.458
175.459
175.46
175.461
175.462
175.463
175.464
175.465
175.466
175.467
175.468
175.469
175.47
175.471
175.472
175.473
175.474
175.475
175.476
175.477
175.478
175.479
175.48
175.481
175.482
175.483
175.484
175.485
175.486
175.487
175.488
175.489
175.49
175.491
175.492
175.493
175.494
175.495
175.496
175.497
175.498
175.499
175.5
175.501
175.502
175.503
175.504
175.505
175.506
175.507
175.508
175.509
175.51
175.511
175.512
175.513
175.514
175.515
175.516
175.517
175.518
175.519
175.52
175.521
175.522
175.523
175.524
175.525
175.526
175.527
175.528
175.529
175.53
175.531
175.532
175.533
175.534
175.535
175.536
175.537
175.538
175.539
175.54
175.541
175.542
175.543
175.544
175.545
175.546
175.547
175.548
175.549
175.55
175.551
175.552
175.553
175.554
175.555
175.556
175.557
175.558
175.559
175.56
175.561
175.562
175.563
175.564
175.565
175.566
175.567
175.568
175.569
175.57
175.571
175.572
175.573
175.574
175.575
175.576
175.577
175.578
175.579
175.58
175.581
175.582
175.583
175.584
175.585
175.586
175.587
175.588
175.589
175.59
175.591
175.592
175.593
175.594
175.595
175.596
175.597
175.598
175.599
175.6
175.601
175.602
175.603
175.604
175.605
175.606
175.607
175.608
175.609
175.61
175.611
175.612
175.613
175.614
175.615
175.616
175.617
175.618
175.619
175.62
175.621
175.622
175.623
175.624
175.625
175.626
175.627
175.628
175.629
175.63
175.631
175.632
175.633
175.634
175.635
175.636
175.637
175.638
175.639
175.64
175.641
175.642
175.643
175.644
175.645
175.646
175.647
175.648
175.649
175.65
175.651
175.652
175.653
175.654
175.655
175.656
175.657
175.658
175.659
175.66
175.661
175.662
175.663
175.664
175.665
175.666
175.667
175.668
175.669
175.67
175.671
175.672
175.673
175.674
175.675
175.676
175.677
175.678
175.679
175.68
175.681
175.682
175.683
175.684
175.685
175.686
175.687
175.688
175.689
175.69
175.691
175.692
175.693
175.694
175.695
175.696
175.697
175.698
175.699
175.7
175.701
175.702
175.703
175.704
175.705
175.706
175.707
175.708
175.709
175.71
175.711
175.712
175.713
175.714
175.715
175.716
175.717
175.718
175.719
175.72
175.721
175.722
175.723
175.724
175.725
175.726
175.727
175.728
175.729
175.73
175.731
175.732
175.733
175.734
175.735
175.736
175.737
175.738
175.739
175.74
175.741
175.742
175.743
175.744
175.745
175.746
175.747
175.748
175.749
175.75
175.751
175.752
175.753
175.754
175.755
175.756
175.757
175.758
175.759
175.76
175.761
175.762
175.763
175.764
175.765
175.766
175.767
175.768
175.769
175.77
175.771
175.772
175.773
175.774
175.775
175.776
175.777
175.778
175.779
175.78
175.781
175.782
175.783
175.784
175.785
175.786
175.787
175.788
175.789
175.79
175.791
175.792
175.793
175.794
175.795
175.796
175.797
175.798
175.799
175.8
175.801
175.802
175.803
175.804
175.805
175.806
175.807
175.808
175.809
175.81
175.811
175.812
175.813
175.814
175.815
175.816
175.817
175.818
175.819
175.82
175.821
175.822
175.823
175.824
175.825
175.826
175.827
175.828
175.829
175.83
175.831
175.832
175.833
175.834
175.835
175.836
175.837
175.838
175.839
175.84
175.841
175.842
175.843
175.844
175.845
175.846
175.847
175.848
175.849
175.85
175.851
175.852
175.853
175.854
175.855
175.856
175.857
175.858
175.859
175.86
175.861
175.862
175.863
175.864
175.865
175.866
175.867
175.868
175.869
175.87
175.871
175.872
175.873
175.874
175.875
175.876
175.877
175.878
175.879
175.88
175.881
175.882
175.883
175.884
175.885
175.886
175.887
175.888
175.889
175.89
175.891
175.892
175.893
175.894
175.895
175.896
175.897
175.898
175.899
175.9
175.901
175.902
175.903
175.904
175.905
175.906
175.907
175.908
175.909
175.91
175.911
175.912
175.913
175.914
175.915
175.916
175.917
175.918
175.919
175.92
175.921
175.922
175.923
175.924
175.925
175.926
175.927
175.928
175.929
175.93
175.931
175.932
175.933
175.934
175.935
175.936
175.937
175.938
175.939
175.94
175.941
175.942
175.943
175.944
175.945
175.946
175.947
175.948
175.949
175.95
175.951
175.952
175.953
175.954
175.955
175.956
175.957
175.958
175.959
175.96
175.961
175.962
175.963
175.964
175.965
175.966
175.967
175.968
175.969
175.97
175.971
175.972
175.973
175.974
175.975
175.976
175.977
175.978
175.979
175.98
175.981
175.982
175.983
175.984
175.985
175.986
175.987
175.988
175.989
175.99
175.991
175.992
175.993
175.994
175.995
175.996
175.997
175.998
175.999
176
176.001
176.002
176.003
176.004
176.005
176.006
176.007
176.008
176.009
176.01
176.011
176.012
176.013
176.014
176.015
176.016
176.017
176.018
176.019
176.02
176.021
176.022
176.023
176.024
176.025
176.026
176.027
176.028
176.029
176.03
176.031
176.032
176.033
176.034
176.035
176.036
176.037
176.038
176.039
176.04
176.041
176.042
176.043
176.044
176.045
176.046
176.047
176.048
176.049
176.05
176.051
176.052
176.053
176.054
176.055
176.056
176.057
176.058
176.059
176.06
176.061
176.062
176.063
176.064
176.065
176.066
176.067
176.068
176.069
176.07
176.071
176.072
176.073
176.074
176.075
176.076
176.077
176.078
176.079
176.08
176.081
176.082
176.083
176.084
176.085
176.086
176.087
176.088
176.089
176.09
176.091
176.092
176.093
176.094
176.095
176.096
176.097
176.098
176.099
176.1
176.101
176.102
176.103
176.104
176.105
176.106
176.107
176.108
176.109
176.11
176.111
176.112
176.113
176.114
176.115
176.116
176.117
176.118
176.119
176.12
176.121
176.122
176.123
176.124
176.125
176.126
176.127
176.128
176.129
176.13
176.131
176.132
176.133
176.134
176.135
176.136
176.137
176.138
176.139
176.14
176.141
176.142
176.143
176.144
176.145
176.146
176.147
176.148
176.149
176.15
176.151
176.152
176.153
176.154
176.155
176.156
176.157
176.158
176.159
176.16
176.161
176.162
176.163
176.164
176.165
176.166
176.167
176.168
176.169
176.17
176.171
176.172
176.173
176.174
176.175
176.176
176.177
176.178
176.179
176.18
176.181
176.182
176.183
176.184
176.185
176.186
176.187
176.188
176.189
176.19
176.191
176.192
176.193
176.194
176.195
176.196
176.197
176.198
176.199
176.2
176.201
176.202
176.203
176.204
176.205
176.206
176.207
176.208
176.209
176.21
176.211
176.212
176.213
176.214
176.215
176.216
176.217
176.218
176.219
176.22
176.221
176.222
176.223
176.224
176.225
176.226
176.227
176.228
176.229
176.23
176.231
176.232
176.233
176.234
176.235
176.236
176.237
176.238
176.239
176.24
176.241
176.242
176.243
176.244
176.245
176.246
176.247
176.248
176.249
176.25
176.251
176.252
176.253
176.254
176.255
176.256
176.257
176.258
176.259
176.26
176.261
176.262
176.263
176.264
176.265
176.266
176.267
176.268
176.269
176.27
176.271
176.272
176.273
176.274
176.275
176.276
176.277
176.278
176.279
176.28
176.281
176.282
176.283
176.284
176.285
176.286
176.287
176.288
176.289
176.29
176.291
176.292
176.293
176.294
176.295
176.296
176.297
176.298
176.299
176.3
176.301
176.302
176.303
176.304
176.305
176.306
176.307
176.308
176.309
176.31
176.311
176.312
176.313
176.314
176.315
176.316
176.317
176.318
176.319
176.32
176.321
176.322
176.323
176.324
176.325
176.326
176.327
176.328
176.329
176.33
176.331
176.332
176.333
176.334
176.335
176.336
176.337
176.338
176.339
176.34
176.341
176.342
176.343
176.344
176.345
176.346
176.347
176.348
176.349
176.35
176.351
176.352
176.353
176.354
176.355
176.356
176.357
176.358
176.359
176.36
176.361
176.362
176.363
176.364
176.365
176.366
176.367
176.368
176.369
176.37
176.371
176.372
176.373
176.374
176.375
176.376
176.377
176.378
176.379
176.38
176.381
176.382
176.383
176.384
176.385
176.386
176.387
176.388
176.389
176.39
176.391
176.392
176.393
176.394
176.395
176.396
176.397
176.398
176.399
176.4
176.401
176.402
176.403
176.404
176.405
176.406
176.407
176.408
176.409
176.41
176.411
176.412
176.413
176.414
176.415
176.416
176.417
176.418
176.419
176.42
176.421
176.422
176.423
176.424
176.425
176.426
176.427
176.428
176.429
176.43
176.431
176.432
176.433
176.434
176.435
176.436
176.437
176.438
176.439
176.44
176.441
176.442
176.443
176.444
176.445
176.446
176.447
176.448
176.449
176.45
176.451
176.452
176.453
176.454
176.455
176.456
176.457
176.458
176.459
176.46
176.461
176.462
176.463
176.464
176.465
176.466
176.467
176.468
176.469
176.47
176.471
176.472
176.473
176.474
176.475
176.476
176.477
176.478
176.479
176.48
176.481
176.482
176.483
176.484
176.485
176.486
176.487
176.488
176.489
176.49
176.491
176.492
176.493
176.494
176.495
176.496
176.497
176.498
176.499
176.5
176.501
176.502
176.503
176.504
176.505
176.506
176.507
176.508
176.509
176.51
176.511
176.512
176.513
176.514
176.515
176.516
176.517
176.518
176.519
176.52
176.521
176.522
176.523
176.524
176.525
176.526
176.527
176.528
176.529
176.53
176.531
176.532
176.533
176.534
176.535
176.536
176.537
176.538
176.539
176.54
176.541
176.542
176.543
176.544
176.545
176.546
176.547
176.548
176.549
176.55
176.551
176.552
176.553
176.554
176.555
176.556
176.557
176.558
176.559
176.56
176.561
176.562
176.563
176.564
176.565
176.566
176.567
176.568
176.569
176.57
176.571
176.572
176.573
176.574
176.575
176.576
176.577
176.578
176.579
176.58
176.581
176.582
176.583
176.584
176.585
176.586
176.587
176.588
176.589
176.59
176.591
176.592
176.593
176.594
176.595
176.596
176.597
176.598
176.599
176.6
176.601
176.602
176.603
176.604
176.605
176.606
176.607
176.608
176.609
176.61
176.611
176.612
176.613
176.614
176.615
176.616
176.617
176.618
176.619
176.62
176.621
176.622
176.623
176.624
176.625
176.626
176.627
176.628
176.629
176.63
176.631
176.632
176.633
176.634
176.635
176.636
176.637
176.638
176.639
176.64
176.641
176.642
176.643
176.644
176.645
176.646
176.647
176.648
176.649
176.65
176.651
176.652
176.653
176.654
176.655
176.656
176.657
176.658
176.659
176.66
176.661
176.662
176.663
176.664
176.665
176.666
176.667
176.668
176.669
176.67
176.671
176.672
176.673
176.674
176.675
176.676
176.677
176.678
176.679
176.68
176.681
176.682
176.683
176.684
176.685
176.686
176.687
176.688
176.689
176.69
176.691
176.692
176.693
176.694
176.695
176.696
176.697
176.698
176.699
176.7
176.701
176.702
176.703
176.704
176.705
176.706
176.707
176.708
176.709
176.71
176.711
176.712
176.713
176.714
176.715
176.716
176.717
176.718
176.719
176.72
176.721
176.722
176.723
176.724
176.725
176.726
176.727
176.728
176.729
176.73
176.731
176.732
176.733
176.734
176.735
176.736
176.737
176.738
176.739
176.74
176.741
176.742
176.743
176.744
176.745
176.746
176.747
176.748
176.749
176.75
176.751
176.752
176.753
176.754
176.755
176.756
176.757
176.758
176.759
176.76
176.761
176.762
176.763
176.764
176.765
176.766
176.767
176.768
176.769
176.77
176.771
176.772
176.773
176.774
176.775
176.776
176.777
176.778
176.779
176.78
176.781
176.782
176.783
176.784
176.785
176.786
176.787
176.788
176.789
176.79
176.791
176.792
176.793
176.794
176.795
176.796
176.797
176.798
176.799
176.8
176.801
176.802
176.803
176.804
176.805
176.806
176.807
176.808
176.809
176.81
176.811
176.812
176.813
176.814
176.815
176.816
176.817
176.818
176.819
176.82
176.821
176.822
176.823
176.824
176.825
176.826
176.827
176.828
176.829
176.83
176.831
176.832
176.833
176.834
176.835
176.836
176.837
176.838
176.839
176.84
176.841
176.842
176.843
176.844
176.845
176.846
176.847
176.848
176.849
176.85
176.851
176.852
176.853
176.854
176.855
176.856
176.857
176.858
176.859
176.86
176.861
176.862
176.863
176.864
176.865
176.866
176.867
176.868
176.869
176.87
176.871
176.872
176.873
176.874
176.875
176.876
176.877
176.878
176.879
176.88
176.881
176.882
176.883
176.884
176.885
176.886
176.887
176.888
176.889
176.89
176.891
176.892
176.893
176.894
176.895
176.896
176.897
176.898
176.899
176.9
176.901
176.902
176.903
176.904
176.905
176.906
176.907
176.908
176.909
176.91
176.911
176.912
176.913
176.914
176.915
176.916
176.917
176.918
176.919
176.92
176.921
176.922
176.923
176.924
176.925
176.926
176.927
176.928
176.929
176.93
176.931
176.932
176.933
176.934
176.935
176.936
176.937
176.938
176.939
176.94
176.941
176.942
176.943
176.944
176.945
176.946
176.947
176.948
176.949
176.95
176.951
176.952
176.953
176.954
176.955
176.956
176.957
176.958
176.959
176.96
176.961
176.962
176.963
176.964
176.965
176.966
176.967
176.968
176.969
176.97
176.971
176.972
176.973
176.974
176.975
176.976
176.977
176.978
176.979
176.98
176.981
176.982
176.983
176.984
176.985
176.986
176.987
176.988
176.989
176.99
176.991
176.992
176.993
176.994
176.995
176.996
176.997
176.998
176.999
177
177.001
177.002
177.003
177.004
177.005
177.006
177.007
177.008
177.009
177.01
177.011
177.012
177.013
177.014
177.015
177.016
177.017
177.018
177.019
177.02
177.021
177.022
177.023
177.024
177.025
177.026
177.027
177.028
177.029
177.03
177.031
177.032
177.033
177.034
177.035
177.036
177.037
177.038
177.039
177.04
177.041
177.042
177.043
177.044
177.045
177.046
177.047
177.048
177.049
177.05
177.051
177.052
177.053
177.054
177.055
177.056
177.057
177.058
177.059
177.06
177.061
177.062
177.063
177.064
177.065
177.066
177.067
177.068
177.069
177.07
177.071
177.072
177.073
177.074
177.075
177.076
177.077
177.078
177.079
177.08
177.081
177.082
177.083
177.084
177.085
177.086
177.087
177.088
177.089
177.09
177.091
177.092
177.093
177.094
177.095
177.096
177.097
177.098
177.099
177.1
177.101
177.102
177.103
177.104
177.105
177.106
177.107
177.108
177.109
177.11
177.111
177.112
177.113
177.114
177.115
177.116
177.117
177.118
177.119
177.12
177.121
177.122
177.123
177.124
177.125
177.126
177.127
177.128
177.129
177.13
177.131
177.132
177.133
177.134
177.135
177.136
177.137
177.138
177.139
177.14
177.141
177.142
177.143
177.144
177.145
177.146
177.147
177.148
177.149
177.15
177.151
177.152
177.153
177.154
177.155
177.156
177.157
177.158
177.159
177.16
177.161
177.162
177.163
177.164
177.165
177.166
177.167
177.168
177.169
177.17
177.171
177.172
177.173
177.174
177.175
177.176
177.177
177.178
177.179
177.18
177.181
177.182
177.183
177.184
177.185
177.186
177.187
177.188
177.189
177.19
177.191
177.192
177.193
177.194
177.195
177.196
177.197
177.198
177.199
177.2
177.201
177.202
177.203
177.204
177.205
177.206
177.207
177.208
177.209
177.21
177.211
177.212
177.213
177.214
177.215
177.216
177.217
177.218
177.219
177.22
177.221
177.222
177.223
177.224
177.225
177.226
177.227
177.228
177.229
177.23
177.231
177.232
177.233
177.234
177.235
177.236
177.237
177.238
177.239
177.24
177.241
177.242
177.243
177.244
177.245
177.246
177.247
177.248
177.249
177.25
177.251
177.252
177.253
177.254
177.255
177.256
177.257
177.258
177.259
177.26
177.261
177.262
177.263
177.264
177.265
177.266
177.267
177.268
177.269
177.27
177.271
177.272
177.273
177.274
177.275
177.276
177.277
177.278
177.279
177.28
177.281
177.282
177.283
177.284
177.285
177.286
177.287
177.288
177.289
177.29
177.291
177.292
177.293
177.294
177.295
177.296
177.297
177.298
177.299
177.3
177.301
177.302
177.303
177.304
177.305
177.306
177.307
177.308
177.309
177.31
177.311
177.312
177.313
177.314
177.315
177.316
177.317
177.318
177.319
177.32
177.321
177.322
177.323
177.324
177.325
177.326
177.327
177.328
177.329
177.33
177.331
177.332
177.333
177.334
177.335
177.336
177.337
177.338
177.339
177.34
177.341
177.342
177.343
177.344
177.345
177.346
177.347
177.348
177.349
177.35
177.351
177.352
177.353
177.354
177.355
177.356
177.357
177.358
177.359
177.36
177.361
177.362
177.363
177.364
177.365
177.366
177.367
177.368
177.369
177.37
177.371
177.372
177.373
177.374
177.375
177.376
177.377
177.378
177.379
177.38
177.381
177.382
177.383
177.384
177.385
177.386
177.387
177.388
177.389
177.39
177.391
177.392
177.393
177.394
177.395
177.396
177.397
177.398
177.399
177.4
177.401
177.402
177.403
177.404
177.405
177.406
177.407
177.408
177.409
177.41
177.411
177.412
177.413
177.414
177.415
177.416
177.417
177.418
177.419
177.42
177.421
177.422
177.423
177.424
177.425
177.426
177.427
177.428
177.429
177.43
177.431
177.432
177.433
177.434
177.435
177.436
177.437
177.438
177.439
177.44
177.441
177.442
177.443
177.444
177.445
177.446
177.447
177.448
177.449
177.45
177.451
177.452
177.453
177.454
177.455
177.456
177.457
177.458
177.459
177.46
177.461
177.462
177.463
177.464
177.465
177.466
177.467
177.468
177.469
177.47
177.471
177.472
177.473
177.474
177.475
177.476
177.477
177.478
177.479
177.48
177.481
177.482
177.483
177.484
177.485
177.486
177.487
177.488
177.489
177.49
177.491
177.492
177.493
177.494
177.495
177.496
177.497
177.498
177.499
177.5
177.501
177.502
177.503
177.504
177.505
177.506
177.507
177.508
177.509
177.51
177.511
177.512
177.513
177.514
177.515
177.516
177.517
177.518
177.519
177.52
177.521
177.522
177.523
177.524
177.525
177.526
177.527
177.528
177.529
177.53
177.531
177.532
177.533
177.534
177.535
177.536
177.537
177.538
177.539
177.54
177.541
177.542
177.543
177.544
177.545
177.546
177.547
177.548
177.549
177.55
177.551
177.552
177.553
177.554
177.555
177.556
177.557
177.558
177.559
177.56
177.561
177.562
177.563
177.564
177.565
177.566
177.567
177.568
177.569
177.57
177.571
177.572
177.573
177.574
177.575
177.576
177.577
177.578
177.579
177.58
177.581
177.582
177.583
177.584
177.585
177.586
177.587
177.588
177.589
177.59
177.591
177.592
177.593
177.594
177.595
177.596
177.597
177.598
177.599
177.6
177.601
177.602
177.603
177.604
177.605
177.606
177.607
177.608
177.609
177.61
177.611
177.612
177.613
177.614
177.615
177.616
177.617
177.618
177.619
177.62
177.621
177.622
177.623
177.624
177.625
177.626
177.627
177.628
177.629
177.63
177.631
177.632
177.633
177.634
177.635
177.636
177.637
177.638
177.639
177.64
177.641
177.642
177.643
177.644
177.645
177.646
177.647
177.648
177.649
177.65
177.651
177.652
177.653
177.654
177.655
177.656
177.657
177.658
177.659
177.66
177.661
177.662
177.663
177.664
177.665
177.666
177.667
177.668
177.669
177.67
177.671
177.672
177.673
177.674
177.675
177.676
177.677
177.678
177.679
177.68
177.681
177.682
177.683
177.684
177.685
177.686
177.687
177.688
177.689
177.69
177.691
177.692
177.693
177.694
177.695
177.696
177.697
177.698
177.699
177.7
177.701
177.702
177.703
177.704
177.705
177.706
177.707
177.708
177.709
177.71
177.711
177.712
177.713
177.714
177.715
177.716
177.717
177.718
177.719
177.72
177.721
177.722
177.723
177.724
177.725
177.726
177.727
177.728
177.729
177.73
177.731
177.732
177.733
177.734
177.735
177.736
177.737
177.738
177.739
177.74
177.741
177.742
177.743
177.744
177.745
177.746
177.747
177.748
177.749
177.75
177.751
177.752
177.753
177.754
177.755
177.756
177.757
177.758
177.759
177.76
177.761
177.762
177.763
177.764
177.765
177.766
177.767
177.768
177.769
177.77
177.771
177.772
177.773
177.774
177.775
177.776
177.777
177.778
177.779
177.78
177.781
177.782
177.783
177.784
177.785
177.786
177.787
177.788
177.789
177.79
177.791
177.792
177.793
177.794
177.795
177.796
177.797
177.798
177.799
177.8
177.801
177.802
177.803
177.804
177.805
177.806
177.807
177.808
177.809
177.81
177.811
177.812
177.813
177.814
177.815
177.816
177.817
177.818
177.819
177.82
177.821
177.822
177.823
177.824
177.825
177.826
177.827
177.828
177.829
177.83
177.831
177.832
177.833
177.834
177.835
177.836
177.837
177.838
177.839
177.84
177.841
177.842
177.843
177.844
177.845
177.846
177.847
177.848
177.849
177.85
177.851
177.852
177.853
177.854
177.855
177.856
177.857
177.858
177.859
177.86
177.861
177.862
177.863
177.864
177.865
177.866
177.867
177.868
177.869
177.87
177.871
177.872
177.873
177.874
177.875
177.876
177.877
177.878
177.879
177.88
177.881
177.882
177.883
177.884
177.885
177.886
177.887
177.888
177.889
177.89
177.891
177.892
177.893
177.894
177.895
177.896
177.897
177.898
177.899
177.9
177.901
177.902
177.903
177.904
177.905
177.906
177.907
177.908
177.909
177.91
177.911
177.912
177.913
177.914
177.915
177.916
177.917
177.918
177.919
177.92
177.921
177.922
177.923
177.924
177.925
177.926
177.927
177.928
177.929
177.93
177.931
177.932
177.933
177.934
177.935
177.936
177.937
177.938
177.939
177.94
177.941
177.942
177.943
177.944
177.945
177.946
177.947
177.948
177.949
177.95
177.951
177.952
177.953
177.954
177.955
177.956
177.957
177.958
177.959
177.96
177.961
177.962
177.963
177.964
177.965
177.966
177.967
177.968
177.969
177.97
177.971
177.972
177.973
177.974
177.975
177.976
177.977
177.978
177.979
177.98
177.981
177.982
177.983
177.984
177.985
177.986
177.987
177.988
177.989
177.99
177.991
177.992
177.993
177.994
177.995
177.996
177.997
177.998
177.999
178
178.001
178.002
178.003
178.004
178.005
178.006
178.007
178.008
178.009
178.01
178.011
178.012
178.013
178.014
178.015
178.016
178.017
178.018
178.019
178.02
178.021
178.022
178.023
178.024
178.025
178.026
178.027
178.028
178.029
178.03
178.031
178.032
178.033
178.034
178.035
178.036
178.037
178.038
178.039
178.04
178.041
178.042
178.043
178.044
178.045
178.046
178.047
178.048
178.049
178.05
178.051
178.052
178.053
178.054
178.055
178.056
178.057
178.058
178.059
178.06
178.061
178.062
178.063
178.064
178.065
178.066
178.067
178.068
178.069
178.07
178.071
178.072
178.073
178.074
178.075
178.076
178.077
178.078
178.079
178.08
178.081
178.082
178.083
178.084
178.085
178.086
178.087
178.088
178.089
178.09
178.091
178.092
178.093
178.094
178.095
178.096
178.097
178.098
178.099
178.1
178.101
178.102
178.103
178.104
178.105
178.106
178.107
178.108
178.109
178.11
178.111
178.112
178.113
178.114
178.115
178.116
178.117
178.118
178.119
178.12
178.121
178.122
178.123
178.124
178.125
178.126
178.127
178.128
178.129
178.13
178.131
178.132
178.133
178.134
178.135
178.136
178.137
178.138
178.139
178.14
178.141
178.142
178.143
178.144
178.145
178.146
178.147
178.148
178.149
178.15
178.151
178.152
178.153
178.154
178.155
178.156
178.157
178.158
178.159
178.16
178.161
178.162
178.163
178.164
178.165
178.166
178.167
178.168
178.169
178.17
178.171
178.172
178.173
178.174
178.175
178.176
178.177
178.178
178.179
178.18
178.181
178.182
178.183
178.184
178.185
178.186
178.187
178.188
178.189
178.19
178.191
178.192
178.193
178.194
178.195
178.196
178.197
178.198
178.199
178.2
178.201
178.202
178.203
178.204
178.205
178.206
178.207
178.208
178.209
178.21
178.211
178.212
178.213
178.214
178.215
178.216
178.217
178.218
178.219
178.22
178.221
178.222
178.223
178.224
178.225
178.226
178.227
178.228
178.229
178.23
178.231
178.232
178.233
178.234
178.235
178.236
178.237
178.238
178.239
178.24
178.241
178.242
178.243
178.244
178.245
178.246
178.247
178.248
178.249
178.25
178.251
178.252
178.253
178.254
178.255
178.256
178.257
178.258
178.259
178.26
178.261
178.262
178.263
178.264
178.265
178.266
178.267
178.268
178.269
178.27
178.271
178.272
178.273
178.274
178.275
178.276
178.277
178.278
178.279
178.28
178.281
178.282
178.283
178.284
178.285
178.286
178.287
178.288
178.289
178.29
178.291
178.292
178.293
178.294
178.295
178.296
178.297
178.298
178.299
178.3
178.301
178.302
178.303
178.304
178.305
178.306
178.307
178.308
178.309
178.31
178.311
178.312
178.313
178.314
178.315
178.316
178.317
178.318
178.319
178.32
178.321
178.322
178.323
178.324
178.325
178.326
178.327
178.328
178.329
178.33
178.331
178.332
178.333
178.334
178.335
178.336
178.337
178.338
178.339
178.34
178.341
178.342
178.343
178.344
178.345
178.346
178.347
178.348
178.349
178.35
178.351
178.352
178.353
178.354
178.355
178.356
178.357
178.358
178.359
178.36
178.361
178.362
178.363
178.364
178.365
178.366
178.367
178.368
178.369
178.37
178.371
178.372
178.373
178.374
178.375
178.376
178.377
178.378
178.379
178.38
178.381
178.382
178.383
178.384
178.385
178.386
178.387
178.388
178.389
178.39
178.391
178.392
178.393
178.394
178.395
178.396
178.397
178.398
178.399
178.4
178.401
178.402
178.403
178.404
178.405
178.406
178.407
178.408
178.409
178.41
178.411
178.412
178.413
178.414
178.415
178.416
178.417
178.418
178.419
178.42
178.421
178.422
178.423
178.424
178.425
178.426
178.427
178.428
178.429
178.43
178.431
178.432
178.433
178.434
178.435
178.436
178.437
178.438
178.439
178.44
178.441
178.442
178.443
178.444
178.445
178.446
178.447
178.448
178.449
178.45
178.451
178.452
178.453
178.454
178.455
178.456
178.457
178.458
178.459
178.46
178.461
178.462
178.463
178.464
178.465
178.466
178.467
178.468
178.469
178.47
178.471
178.472
178.473
178.474
178.475
178.476
178.477
178.478
178.479
178.48
178.481
178.482
178.483
178.484
178.485
178.486
178.487
178.488
178.489
178.49
178.491
178.492
178.493
178.494
178.495
178.496
178.497
178.498
178.499
178.5
178.501
178.502
178.503
178.504
178.505
178.506
178.507
178.508
178.509
178.51
178.511
178.512
178.513
178.514
178.515
178.516
178.517
178.518
178.519
178.52
178.521
178.522
178.523
178.524
178.525
178.526
178.527
178.528
178.529
178.53
178.531
178.532
178.533
178.534
178.535
178.536
178.537
178.538
178.539
178.54
178.541
178.542
178.543
178.544
178.545
178.546
178.547
178.548
178.549
178.55
178.551
178.552
178.553
178.554
178.555
178.556
178.557
178.558
178.559
178.56
178.561
178.562
178.563
178.564
178.565
178.566
178.567
178.568
178.569
178.57
178.571
178.572
178.573
178.574
178.575
178.576
178.577
178.578
178.579
178.58
178.581
178.582
178.583
178.584
178.585
178.586
178.587
178.588
178.589
178.59
178.591
178.592
178.593
178.594
178.595
178.596
178.597
178.598
178.599
178.6
178.601
178.602
178.603
178.604
178.605
178.606
178.607
178.608
178.609
178.61
178.611
178.612
178.613
178.614
178.615
178.616
178.617
178.618
178.619
178.62
178.621
178.622
178.623
178.624
178.625
178.626
178.627
178.628
178.629
178.63
178.631
178.632
178.633
178.634
178.635
178.636
178.637
178.638
178.639
178.64
178.641
178.642
178.643
178.644
178.645
178.646
178.647
178.648
178.649
178.65
178.651
178.652
178.653
178.654
178.655
178.656
178.657
178.658
178.659
178.66
178.661
178.662
178.663
178.664
178.665
178.666
178.667
178.668
178.669
178.67
178.671
178.672
178.673
178.674
178.675
178.676
178.677
178.678
178.679
178.68
178.681
178.682
178.683
178.684
178.685
178.686
178.687
178.688
178.689
178.69
178.691
178.692
178.693
178.694
178.695
178.696
178.697
178.698
178.699
178.7
178.701
178.702
178.703
178.704
178.705
178.706
178.707
178.708
178.709
178.71
178.711
178.712
178.713
178.714
178.715
178.716
178.717
178.718
178.719
178.72
178.721
178.722
178.723
178.724
178.725
178.726
178.727
178.728
178.729
178.73
178.731
178.732
178.733
178.734
178.735
178.736
178.737
178.738
178.739
178.74
178.741
178.742
178.743
178.744
178.745
178.746
178.747
178.748
178.749
178.75
178.751
178.752
178.753
178.754
178.755
178.756
178.757
178.758
178.759
178.76
178.761
178.762
178.763
178.764
178.765
178.766
178.767
178.768
178.769
178.77
178.771
178.772
178.773
178.774
178.775
178.776
178.777
178.778
178.779
178.78
178.781
178.782
178.783
178.784
178.785
178.786
178.787
178.788
178.789
178.79
178.791
178.792
178.793
178.794
178.795
178.796
178.797
178.798
178.799
178.8
178.801
178.802
178.803
178.804
178.805
178.806
178.807
178.808
178.809
178.81
178.811
178.812
178.813
178.814
178.815
178.816
178.817
178.818
178.819
178.82
178.821
178.822
178.823
178.824
178.825
178.826
178.827
178.828
178.829
178.83
178.831
178.832
178.833
178.834
178.835
178.836
178.837
178.838
178.839
178.84
178.841
178.842
178.843
178.844
178.845
178.846
178.847
178.848
178.849
178.85
178.851
178.852
178.853
178.854
178.855
178.856
178.857
178.858
178.859
178.86
178.861
178.862
178.863
178.864
178.865
178.866
178.867
178.868
178.869
178.87
178.871
178.872
178.873
178.874
178.875
178.876
178.877
178.878
178.879
178.88
178.881
178.882
178.883
178.884
178.885
178.886
178.887
178.888
178.889
178.89
178.891
178.892
178.893
178.894
178.895
178.896
178.897
178.898
178.899
178.9
178.901
178.902
178.903
178.904
178.905
178.906
178.907
178.908
178.909
178.91
178.911
178.912
178.913
178.914
178.915
178.916
178.917
178.918
178.919
178.92
178.921
178.922
178.923
178.924
178.925
178.926
178.927
178.928
178.929
178.93
178.931
178.932
178.933
178.934
178.935
178.936
178.937
178.938
178.939
178.94
178.941
178.942
178.943
178.944
178.945
178.946
178.947
178.948
178.949
178.95
178.951
178.952
178.953
178.954
178.955
178.956
178.957
178.958
178.959
178.96
178.961
178.962
178.963
178.964
178.965
178.966
178.967
178.968
178.969
178.97
178.971
178.972
178.973
178.974
178.975
178.976
178.977
178.978
178.979
178.98
178.981
178.982
178.983
178.984
178.985
178.986
178.987
178.988
178.989
178.99
178.991
178.992
178.993
178.994
178.995
178.996
178.997
178.998
178.999
179
179.001
179.002
179.003
179.004
179.005
179.006
179.007
179.008
179.009
179.01
179.011
179.012
179.013
179.014
179.015
179.016
179.017
179.018
179.019
179.02
179.021
179.022
179.023
179.024
179.025
179.026
179.027
179.028
179.029
179.03
179.031
179.032
179.033
179.034
179.035
179.036
179.037
179.038
179.039
179.04
179.041
179.042
179.043
179.044
179.045
179.046
179.047
179.048
179.049
179.05
179.051
179.052
179.053
179.054
179.055
179.056
179.057
179.058
179.059
179.06
179.061
179.062
179.063
179.064
179.065
179.066
179.067
179.068
179.069
179.07
179.071
179.072
179.073
179.074
179.075
179.076
179.077
179.078
179.079
179.08
179.081
179.082
179.083
179.084
179.085
179.086
179.087
179.088
179.089
179.09
179.091
179.092
179.093
179.094
179.095
179.096
179.097
179.098
179.099
179.1
179.101
179.102
179.103
179.104
179.105
179.106
179.107
179.108
179.109
179.11
179.111
179.112
179.113
179.114
179.115
179.116
179.117
179.118
179.119
179.12
179.121
179.122
179.123
179.124
179.125
179.126
179.127
179.128
179.129
179.13
179.131
179.132
179.133
179.134
179.135
179.136
179.137
179.138
179.139
179.14
179.141
179.142
179.143
179.144
179.145
179.146
179.147
179.148
179.149
179.15
179.151
179.152
179.153
179.154
179.155
179.156
179.157
179.158
179.159
179.16
179.161
179.162
179.163
179.164
179.165
179.166
179.167
179.168
179.169
179.17
179.171
179.172
179.173
179.174
179.175
179.176
179.177
179.178
179.179
179.18
179.181
179.182
179.183
179.184
179.185
179.186
179.187
179.188
179.189
179.19
179.191
179.192
179.193
179.194
179.195
179.196
179.197
179.198
179.199
179.2
179.201
179.202
179.203
179.204
179.205
179.206
179.207
179.208
179.209
179.21
179.211
179.212
179.213
179.214
179.215
179.216
179.217
179.218
179.219
179.22
179.221
179.222
179.223
179.224
179.225
179.226
179.227
179.228
179.229
179.23
179.231
179.232
179.233
179.234
179.235
179.236
179.237
179.238
179.239
179.24
179.241
179.242
179.243
179.244
179.245
179.246
179.247
179.248
179.249
179.25
179.251
179.252
179.253
179.254
179.255
179.256
179.257
179.258
179.259
179.26
179.261
179.262
179.263
179.264
179.265
179.266
179.267
179.268
179.269
179.27
179.271
179.272
179.273
179.274
179.275
179.276
179.277
179.278
179.279
179.28
179.281
179.282
179.283
179.284
179.285
179.286
179.287
179.288
179.289
179.29
179.291
179.292
179.293
179.294
179.295
179.296
179.297
179.298
179.299
179.3
179.301
179.302
179.303
179.304
179.305
179.306
179.307
179.308
179.309
179.31
179.311
179.312
179.313
179.314
179.315
179.316
179.317
179.318
179.319
179.32
179.321
179.322
179.323
179.324
179.325
179.326
179.327
179.328
179.329
179.33
179.331
179.332
179.333
179.334
179.335
179.336
179.337
179.338
179.339
179.34
179.341
179.342
179.343
179.344
179.345
179.346
179.347
179.348
179.349
179.35
179.351
179.352
179.353
179.354
179.355
179.356
179.357
179.358
179.359
179.36
179.361
179.362
179.363
179.364
179.365
179.366
179.367
179.368
179.369
179.37
179.371
179.372
179.373
179.374
179.375
179.376
179.377
179.378
179.379
179.38
179.381
179.382
179.383
179.384
179.385
179.386
179.387
179.388
179.389
179.39
179.391
179.392
179.393
179.394
179.395
179.396
179.397
179.398
179.399
179.4
179.401
179.402
179.403
179.404
179.405
179.406
179.407
179.408
179.409
179.41
179.411
179.412
179.413
179.414
179.415
179.416
179.417
179.418
179.419
179.42
179.421
179.422
179.423
179.424
179.425
179.426
179.427
179.428
179.429
179.43
179.431
179.432
179.433
179.434
179.435
179.436
179.437
179.438
179.439
179.44
179.441
179.442
179.443
179.444
179.445
179.446
179.447
179.448
179.449
179.45
179.451
179.452
179.453
179.454
179.455
179.456
179.457
179.458
179.459
179.46
179.461
179.462
179.463
179.464
179.465
179.466
179.467
179.468
179.469
179.47
179.471
179.472
179.473
179.474
179.475
179.476
179.477
179.478
179.479
179.48
179.481
179.482
179.483
179.484
179.485
179.486
179.487
179.488
179.489
179.49
179.491
179.492
179.493
179.494
179.495
179.496
179.497
179.498
179.499
179.5
179.501
179.502
179.503
179.504
179.505
179.506
179.507
179.508
179.509
179.51
179.511
179.512
179.513
179.514
179.515
179.516
179.517
179.518
179.519
179.52
179.521
179.522
179.523
179.524
179.525
179.526
179.527
179.528
179.529
179.53
179.531
179.532
179.533
179.534
179.535
179.536
179.537
179.538
179.539
179.54
179.541
179.542
179.543
179.544
179.545
179.546
179.547
179.548
179.549
179.55
179.551
179.552
179.553
179.554
179.555
179.556
179.557
179.558
179.559
179.56
179.561
179.562
179.563
179.564
179.565
179.566
179.567
179.568
179.569
179.57
179.571
179.572
179.573
179.574
179.575
179.576
179.577
179.578
179.579
179.58
179.581
179.582
179.583
179.584
179.585
179.586
179.587
179.588
179.589
179.59
179.591
179.592
179.593
179.594
179.595
179.596
179.597
179.598
179.599
179.6
179.601
179.602
179.603
179.604
179.605
179.606
179.607
179.608
179.609
179.61
179.611
179.612
179.613
179.614
179.615
179.616
179.617
179.618
179.619
179.62
179.621
179.622
179.623
179.624
179.625
179.626
179.627
179.628
179.629
179.63
179.631
179.632
179.633
179.634
179.635
179.636
179.637
179.638
179.639
179.64
179.641
179.642
179.643
179.644
179.645
179.646
179.647
179.648
179.649
179.65
179.651
179.652
179.653
179.654
179.655
179.656
179.657
179.658
179.659
179.66
179.661
179.662
179.663
179.664
179.665
179.666
179.667
179.668
179.669
179.67
179.671
179.672
179.673
179.674
179.675
179.676
179.677
179.678
179.679
179.68
179.681
179.682
179.683
179.684
179.685
179.686
179.687
179.688
179.689
179.69
179.691
179.692
179.693
179.694
179.695
179.696
179.697
179.698
179.699
179.7
179.701
179.702
179.703
179.704
179.705
179.706
179.707
179.708
179.709
179.71
179.711
179.712
179.713
179.714
179.715
179.716
179.717
179.718
179.719
179.72
179.721
179.722
179.723
179.724
179.725
179.726
179.727
179.728
179.729
179.73
179.731
179.732
179.733
179.734
179.735
179.736
179.737
179.738
179.739
179.74
179.741
179.742
179.743
179.744
179.745
179.746
179.747
179.748
179.749
179.75
179.751
179.752
179.753
179.754
179.755
179.756
179.757
179.758
179.759
179.76
179.761
179.762
179.763
179.764
179.765
179.766
179.767
179.768
179.769
179.77
179.771
179.772
179.773
179.774
179.775
179.776
179.777
179.778
179.779
179.78
179.781
179.782
179.783
179.784
179.785
179.786
179.787
179.788
179.789
179.79
179.791
179.792
179.793
179.794
179.795
179.796
179.797
179.798
179.799
179.8
179.801
179.802
179.803
179.804
179.805
179.806
179.807
179.808
179.809
179.81
179.811
179.812
179.813
179.814
179.815
179.816
179.817
179.818
179.819
179.82
179.821
179.822
179.823
179.824
179.825
179.826
179.827
179.828
179.829
179.83
179.831
179.832
179.833
179.834
179.835
179.836
179.837
179.838
179.839
179.84
179.841
179.842
179.843
179.844
179.845
179.846
179.847
179.848
179.849
179.85
179.851
179.852
179.853
179.854
179.855
179.856
179.857
179.858
179.859
179.86
179.861
179.862
179.863
179.864
179.865
179.866
179.867
179.868
179.869
179.87
179.871
179.872
179.873
179.874
179.875
179.876
179.877
179.878
179.879
179.88
179.881
179.882
179.883
179.884
179.885
179.886
179.887
179.888
179.889
179.89
179.891
179.892
179.893
179.894
179.895
179.896
179.897
179.898
179.899
179.9
179.901
179.902
179.903
179.904
179.905
179.906
179.907
179.908
179.909
179.91
179.911
179.912
179.913
179.914
179.915
179.916
179.917
179.918
179.919
179.92
179.921
179.922
179.923
179.924
179.925
179.926
179.927
179.928
179.929
179.93
179.931
179.932
179.933
179.934
179.935
179.936
179.937
179.938
179.939
179.94
179.941
179.942
179.943
179.944
179.945
179.946
179.947
179.948
179.949
179.95
179.951
179.952
179.953
179.954
179.955
179.956
179.957
179.958
179.959
179.96
179.961
179.962
179.963
179.964
179.965
179.966
179.967
179.968
179.969
179.97
179.971
179.972
179.973
179.974
179.975
179.976
179.977
179.978
179.979
179.98
179.981
179.982
179.983
179.984
179.985
179.986
179.987
179.988
179.989
179.99
179.991
179.992
179.993
179.994
179.995
179.996
179.997
179.998
179.999
180
180.001
180.002
180.003
180.004
180.005
180.006
180.007
180.008
180.009
180.01
180.011
180.012
180.013
180.014
180.015
180.016
180.017
180.018
180.019
180.02
180.021
180.022
180.023
180.024
180.025
180.026
180.027
180.028
180.029
180.03
180.031
180.032
180.033
180.034
180.035
180.036
180.037
180.038
180.039
180.04
180.041
180.042
180.043
180.044
180.045
180.046
180.047
180.048
180.049
180.05
180.051
180.052
180.053
180.054
180.055
180.056
180.057
180.058
180.059
180.06
180.061
180.062
180.063
180.064
180.065
180.066
180.067
180.068
180.069
180.07
180.071
180.072
180.073
180.074
180.075
180.076
180.077
180.078
180.079
180.08
180.081
180.082
180.083
180.084
180.085
180.086
180.087
180.088
180.089
180.09
180.091
180.092
180.093
180.094
180.095
180.096
180.097
180.098
180.099
180.1
180.101
180.102
180.103
180.104
180.105
180.106
180.107
180.108
180.109
180.11
180.111
180.112
180.113
180.114
180.115
180.116
180.117
180.118
180.119
180.12
180.121
180.122
180.123
180.124
180.125
180.126
180.127
180.128
180.129
180.13
180.131
180.132
180.133
180.134
180.135
180.136
180.137
180.138
180.139
180.14
180.141
180.142
180.143
180.144
180.145
180.146
180.147
180.148
180.149
180.15
180.151
180.152
180.153
180.154
180.155
180.156
180.157
180.158
180.159
180.16
180.161
180.162
180.163
180.164
180.165
180.166
180.167
180.168
180.169
180.17
180.171
180.172
180.173
180.174
180.175
180.176
180.177
180.178
180.179
180.18
180.181
180.182
180.183
180.184
180.185
180.186
180.187
180.188
180.189
180.19
180.191
180.192
180.193
180.194
180.195
180.196
180.197
180.198
180.199
180.2
180.201
180.202
180.203
180.204
180.205
180.206
180.207
180.208
180.209
180.21
180.211
180.212
180.213
180.214
180.215
180.216
180.217
180.218
180.219
180.22
180.221
180.222
180.223
180.224
180.225
180.226
180.227
180.228
180.229
180.23
180.231
180.232
180.233
180.234
180.235
180.236
180.237
180.238
180.239
180.24
180.241
180.242
180.243
180.244
180.245
180.246
180.247
180.248
180.249
180.25
180.251
180.252
180.253
180.254
180.255
180.256
180.257
180.258
180.259
180.26
180.261
180.262
180.263
180.264
180.265
180.266
180.267
180.268
180.269
180.27
180.271
180.272
180.273
180.274
180.275
180.276
180.277
180.278
180.279
180.28
180.281
180.282
180.283
180.284
180.285
180.286
180.287
180.288
180.289
180.29
180.291
180.292
180.293
180.294
180.295
180.296
180.297
180.298
180.299
180.3
180.301
180.302
180.303
180.304
180.305
180.306
180.307
180.308
180.309
180.31
180.311
180.312
180.313
180.314
180.315
180.316
180.317
180.318
180.319
180.32
180.321
180.322
180.323
180.324
180.325
180.326
180.327
180.328
180.329
180.33
180.331
180.332
180.333
180.334
180.335
180.336
180.337
180.338
180.339
180.34
180.341
180.342
180.343
180.344
180.345
180.346
180.347
180.348
180.349
180.35
180.351
180.352
180.353
180.354
180.355
180.356
180.357
180.358
180.359
180.36
180.361
180.362
180.363
180.364
180.365
180.366
180.367
180.368
180.369
180.37
180.371
180.372
180.373
180.374
180.375
180.376
180.377
180.378
180.379
180.38
180.381
180.382
180.383
180.384
180.385
180.386
180.387
180.388
180.389
180.39
180.391
180.392
180.393
180.394
180.395
180.396
180.397
180.398
180.399
180.4
180.401
180.402
180.403
180.404
180.405
180.406
180.407
180.408
180.409
180.41
180.411
180.412
180.413
180.414
180.415
180.416
180.417
180.418
180.419
180.42
180.421
180.422
180.423
180.424
180.425
180.426
180.427
180.428
180.429
180.43
180.431
180.432
180.433
180.434
180.435
180.436
180.437
180.438
180.439
180.44
180.441
180.442
180.443
180.444
180.445
180.446
180.447
180.448
180.449
180.45
180.451
180.452
180.453
180.454
180.455
180.456
180.457
180.458
180.459
180.46
180.461
180.462
180.463
180.464
180.465
180.466
180.467
180.468
180.469
180.47
180.471
180.472
180.473
180.474
180.475
180.476
180.477
180.478
180.479
180.48
180.481
180.482
180.483
180.484
180.485
180.486
180.487
180.488
180.489
180.49
180.491
180.492
180.493
180.494
180.495
180.496
180.497
180.498
180.499
180.5
180.501
180.502
180.503
180.504
180.505
180.506
180.507
180.508
180.509
180.51
180.511
180.512
180.513
180.514
180.515
180.516
180.517
180.518
180.519
180.52
180.521
180.522
180.523
180.524
180.525
180.526
180.527
180.528
180.529
180.53
180.531
180.532
180.533
180.534
180.535
180.536
180.537
180.538
180.539
180.54
180.541
180.542
180.543
180.544
180.545
180.546
180.547
180.548
180.549
180.55
180.551
180.552
180.553
180.554
180.555
180.556
180.557
180.558
180.559
180.56
180.561
180.562
180.563
180.564
180.565
180.566
180.567
180.568
180.569
180.57
180.571
180.572
180.573
180.574
180.575
180.576
180.577
180.578
180.579
180.58
180.581
180.582
180.583
180.584
180.585
180.586
180.587
180.588
180.589
180.59
180.591
180.592
180.593
180.594
180.595
180.596
180.597
180.598
180.599
180.6
180.601
180.602
180.603
180.604
180.605
180.606
180.607
180.608
180.609
180.61
180.611
180.612
180.613
180.614
180.615
180.616
180.617
180.618
180.619
180.62
180.621
180.622
180.623
180.624
180.625
180.626
180.627
180.628
180.629
180.63
180.631
180.632
180.633
180.634
180.635
180.636
180.637
180.638
180.639
180.64
180.641
180.642
180.643
180.644
180.645
180.646
180.647
180.648
180.649
180.65
180.651
180.652
180.653
180.654
180.655
180.656
180.657
180.658
180.659
180.66
180.661
180.662
180.663
180.664
180.665
180.666
180.667
180.668
180.669
180.67
180.671
180.672
180.673
180.674
180.675
180.676
180.677
180.678
180.679
180.68
180.681
180.682
180.683
180.684
180.685
180.686
180.687
180.688
180.689
180.69
180.691
180.692
180.693
180.694
180.695
180.696
180.697
180.698
180.699
180.7
180.701
180.702
180.703
180.704
180.705
180.706
180.707
180.708
180.709
180.71
180.711
180.712
180.713
180.714
180.715
180.716
180.717
180.718
180.719
180.72
180.721
180.722
180.723
180.724
180.725
180.726
180.727
180.728
180.729
180.73
180.731
180.732
180.733
180.734
180.735
180.736
180.737
180.738
180.739
180.74
180.741
180.742
180.743
180.744
180.745
180.746
180.747
180.748
180.749
180.75
180.751
180.752
180.753
180.754
180.755
180.756
180.757
180.758
180.759
180.76
180.761
180.762
180.763
180.764
180.765
180.766
180.767
180.768
180.769
180.77
180.771
180.772
180.773
180.774
180.775
180.776
180.777
180.778
180.779
180.78
180.781
180.782
180.783
180.784
180.785
180.786
180.787
180.788
180.789
180.79
180.791
180.792
180.793
180.794
180.795
180.796
180.797
180.798
180.799
180.8
180.801
180.802
180.803
180.804
180.805
180.806
180.807
180.808
180.809
180.81
180.811
180.812
180.813
180.814
180.815
180.816
180.817
180.818
180.819
180.82
180.821
180.822
180.823
180.824
180.825
180.826
180.827
180.828
180.829
180.83
180.831
180.832
180.833
180.834
180.835
180.836
180.837
180.838
180.839
180.84
180.841
180.842
180.843
180.844
180.845
180.846
180.847
180.848
180.849
180.85
180.851
180.852
180.853
180.854
180.855
180.856
180.857
180.858
180.859
180.86
180.861
180.862
180.863
180.864
180.865
180.866
180.867
180.868
180.869
180.87
180.871
180.872
180.873
180.874
180.875
180.876
180.877
180.878
180.879
180.88
180.881
180.882
180.883
180.884
180.885
180.886
180.887
180.888
180.889
180.89
180.891
180.892
180.893
180.894
180.895
180.896
180.897
180.898
180.899
180.9
180.901
180.902
180.903
180.904
180.905
180.906
180.907
180.908
180.909
180.91
180.911
180.912
180.913
180.914
180.915
180.916
180.917
180.918
180.919
180.92
180.921
180.922
180.923
180.924
180.925
180.926
180.927
180.928
180.929
180.93
180.931
180.932
180.933
180.934
180.935
180.936
180.937
180.938
180.939
180.94
180.941
180.942
180.943
180.944
180.945
180.946
180.947
180.948
180.949
180.95
180.951
180.952
180.953
180.954
180.955
180.956
180.957
180.958
180.959
180.96
180.961
180.962
180.963
180.964
180.965
180.966
180.967
180.968
180.969
180.97
180.971
180.972
180.973
180.974
180.975
180.976
180.977
180.978
180.979
180.98
180.981
180.982
180.983
180.984
180.985
180.986
180.987
180.988
180.989
180.99
180.991
180.992
180.993
180.994
180.995
180.996
180.997
180.998
180.999
181
181.001
181.002
181.003
181.004
181.005
181.006
181.007
181.008
181.009
181.01
181.011
181.012
181.013
181.014
181.015
181.016
181.017
181.018
181.019
181.02
181.021
181.022
181.023
181.024
181.025
181.026
181.027
181.028
181.029
181.03
181.031
181.032
181.033
181.034
181.035
181.036
181.037
181.038
181.039
181.04
181.041
181.042
181.043
181.044
181.045
181.046
181.047
181.048
181.049
181.05
181.051
181.052
181.053
181.054
181.055
181.056
181.057
181.058
181.059
181.06
181.061
181.062
181.063
181.064
181.065
181.066
181.067
181.068
181.069
181.07
181.071
181.072
181.073
181.074
181.075
181.076
181.077
181.078
181.079
181.08
181.081
181.082
181.083
181.084
181.085
181.086
181.087
181.088
181.089
181.09
181.091
181.092
181.093
181.094
181.095
181.096
181.097
181.098
181.099
181.1
181.101
181.102
181.103
181.104
181.105
181.106
181.107
181.108
181.109
181.11
181.111
181.112
181.113
181.114
181.115
181.116
181.117
181.118
181.119
181.12
181.121
181.122
181.123
181.124
181.125
181.126
181.127
181.128
181.129
181.13
181.131
181.132
181.133
181.134
181.135
181.136
181.137
181.138
181.139
181.14
181.141
181.142
181.143
181.144
181.145
181.146
181.147
181.148
181.149
181.15
181.151
181.152
181.153
181.154
181.155
181.156
181.157
181.158
181.159
181.16
181.161
181.162
181.163
181.164
181.165
181.166
181.167
181.168
181.169
181.17
181.171
181.172
181.173
181.174
181.175
181.176
181.177
181.178
181.179
181.18
181.181
181.182
181.183
181.184
181.185
181.186
181.187
181.188
181.189
181.19
181.191
181.192
181.193
181.194
181.195
181.196
181.197
181.198
181.199
181.2
181.201
181.202
181.203
181.204
181.205
181.206
181.207
181.208
181.209
181.21
181.211
181.212
181.213
181.214
181.215
181.216
181.217
181.218
181.219
181.22
181.221
181.222
181.223
181.224
181.225
181.226
181.227
181.228
181.229
181.23
181.231
181.232
181.233
181.234
181.235
181.236
181.237
181.238
181.239
181.24
181.241
181.242
181.243
181.244
181.245
181.246
181.247
181.248
181.249
181.25
181.251
181.252
181.253
181.254
181.255
181.256
181.257
181.258
181.259
181.26
181.261
181.262
181.263
181.264
181.265
181.266
181.267
181.268
181.269
181.27
181.271
181.272
181.273
181.274
181.275
181.276
181.277
181.278
181.279
181.28
181.281
181.282
181.283
181.284
181.285
181.286
181.287
181.288
181.289
181.29
181.291
181.292
181.293
181.294
181.295
181.296
181.297
181.298
181.299
181.3
181.301
181.302
181.303
181.304
181.305
181.306
181.307
181.308
181.309
181.31
181.311
181.312
181.313
181.314
181.315
181.316
181.317
181.318
181.319
181.32
181.321
181.322
181.323
181.324
181.325
181.326
181.327
181.328
181.329
181.33
181.331
181.332
181.333
181.334
181.335
181.336
181.337
181.338
181.339
181.34
181.341
181.342
181.343
181.344
181.345
181.346
181.347
181.348
181.349
181.35
181.351
181.352
181.353
181.354
181.355
181.356
181.357
181.358
181.359
181.36
181.361
181.362
181.363
181.364
181.365
181.366
181.367
181.368
181.369
181.37
181.371
181.372
181.373
181.374
181.375
181.376
181.377
181.378
181.379
181.38
181.381
181.382
181.383
181.384
181.385
181.386
181.387
181.388
181.389
181.39
181.391
181.392
181.393
181.394
181.395
181.396
181.397
181.398
181.399
181.4
181.401
181.402
181.403
181.404
181.405
181.406
181.407
181.408
181.409
181.41
181.411
181.412
181.413
181.414
181.415
181.416
181.417
181.418
181.419
181.42
181.421
181.422
181.423
181.424
181.425
181.426
181.427
181.428
181.429
181.43
181.431
181.432
181.433
181.434
181.435
181.436
181.437
181.438
181.439
181.44
181.441
181.442
181.443
181.444
181.445
181.446
181.447
181.448
181.449
181.45
181.451
181.452
181.453
181.454
181.455
181.456
181.457
181.458
181.459
181.46
181.461
181.462
181.463
181.464
181.465
181.466
181.467
181.468
181.469
181.47
181.471
181.472
181.473
181.474
181.475
181.476
181.477
181.478
181.479
181.48
181.481
181.482
181.483
181.484
181.485
181.486
181.487
181.488
181.489
181.49
181.491
181.492
181.493
181.494
181.495
181.496
181.497
181.498
181.499
181.5
181.501
181.502
181.503
181.504
181.505
181.506
181.507
181.508
181.509
181.51
181.511
181.512
181.513
181.514
181.515
181.516
181.517
181.518
181.519
181.52
181.521
181.522
181.523
181.524
181.525
181.526
181.527
181.528
181.529
181.53
181.531
181.532
181.533
181.534
181.535
181.536
181.537
181.538
181.539
181.54
181.541
181.542
181.543
181.544
181.545
181.546
181.547
181.548
181.549
181.55
181.551
181.552
181.553
181.554
181.555
181.556
181.557
181.558
181.559
181.56
181.561
181.562
181.563
181.564
181.565
181.566
181.567
181.568
181.569
181.57
181.571
181.572
181.573
181.574
181.575
181.576
181.577
181.578
181.579
181.58
181.581
181.582
181.583
181.584
181.585
181.586
181.587
181.588
181.589
181.59
181.591
181.592
181.593
181.594
181.595
181.596
181.597
181.598
181.599
181.6
181.601
181.602
181.603
181.604
181.605
181.606
181.607
181.608
181.609
181.61
181.611
181.612
181.613
181.614
181.615
181.616
181.617
181.618
181.619
181.62
181.621
181.622
181.623
181.624
181.625
181.626
181.627
181.628
181.629
181.63
181.631
181.632
181.633
181.634
181.635
181.636
181.637
181.638
181.639
181.64
181.641
181.642
181.643
181.644
181.645
181.646
181.647
181.648
181.649
181.65
181.651
181.652
181.653
181.654
181.655
181.656
181.657
181.658
181.659
181.66
181.661
181.662
181.663
181.664
181.665
181.666
181.667
181.668
181.669
181.67
181.671
181.672
181.673
181.674
181.675
181.676
181.677
181.678
181.679
181.68
181.681
181.682
181.683
181.684
181.685
181.686
181.687
181.688
181.689
181.69
181.691
181.692
181.693
181.694
181.695
181.696
181.697
181.698
181.699
181.7
181.701
181.702
181.703
181.704
181.705
181.706
181.707
181.708
181.709
181.71
181.711
181.712
181.713
181.714
181.715
181.716
181.717
181.718
181.719
181.72
181.721
181.722
181.723
181.724
181.725
181.726
181.727
181.728
181.729
181.73
181.731
181.732
181.733
181.734
181.735
181.736
181.737
181.738
181.739
181.74
181.741
181.742
181.743
181.744
181.745
181.746
181.747
181.748
181.749
181.75
181.751
181.752
181.753
181.754
181.755
181.756
181.757
181.758
181.759
181.76
181.761
181.762
181.763
181.764
181.765
181.766
181.767
181.768
181.769
181.77
181.771
181.772
181.773
181.774
181.775
181.776
181.777
181.778
181.779
181.78
181.781
181.782
181.783
181.784
181.785
181.786
181.787
181.788
181.789
181.79
181.791
181.792
181.793
181.794
181.795
181.796
181.797
181.798
181.799
181.8
181.801
181.802
181.803
181.804
181.805
181.806
181.807
181.808
181.809
181.81
181.811
181.812
181.813
181.814
181.815
181.816
181.817
181.818
181.819
181.82
181.821
181.822
181.823
181.824
181.825
181.826
181.827
181.828
181.829
181.83
181.831
181.832
181.833
181.834
181.835
181.836
181.837
181.838
181.839
181.84
181.841
181.842
181.843
181.844
181.845
181.846
181.847
181.848
181.849
181.85
181.851
181.852
181.853
181.854
181.855
181.856
181.857
181.858
181.859
181.86
181.861
181.862
181.863
181.864
181.865
181.866
181.867
181.868
181.869
181.87
181.871
181.872
181.873
181.874
181.875
181.876
181.877
181.878
181.879
181.88
181.881
181.882
181.883
181.884
181.885
181.886
181.887
181.888
181.889
181.89
181.891
181.892
181.893
181.894
181.895
181.896
181.897
181.898
181.899
181.9
181.901
181.902
181.903
181.904
181.905
181.906
181.907
181.908
181.909
181.91
181.911
181.912
181.913
181.914
181.915
181.916
181.917
181.918
181.919
181.92
181.921
181.922
181.923
181.924
181.925
181.926
181.927
181.928
181.929
181.93
181.931
181.932
181.933
181.934
181.935
181.936
181.937
181.938
181.939
181.94
181.941
181.942
181.943
181.944
181.945
181.946
181.947
181.948
181.949
181.95
181.951
181.952
181.953
181.954
181.955
181.956
181.957
181.958
181.959
181.96
181.961
181.962
181.963
181.964
181.965
181.966
181.967
181.968
181.969
181.97
181.971
181.972
181.973
181.974
181.975
181.976
181.977
181.978
181.979
181.98
181.981
181.982
181.983
181.984
181.985
181.986
181.987
181.988
181.989
181.99
181.991
181.992
181.993
181.994
181.995
181.996
181.997
181.998
181.999
182
182.001
182.002
182.003
182.004
182.005
182.006
182.007
182.008
182.009
182.01
182.011
182.012
182.013
182.014
182.015
182.016
182.017
182.018
182.019
182.02
182.021
182.022
182.023
182.024
182.025
182.026
182.027
182.028
182.029
182.03
182.031
182.032
182.033
182.034
182.035
182.036
182.037
182.038
182.039
182.04
182.041
182.042
182.043
182.044
182.045
182.046
182.047
182.048
182.049
182.05
182.051
182.052
182.053
182.054
182.055
182.056
182.057
182.058
182.059
182.06
182.061
182.062
182.063
182.064
182.065
182.066
182.067
182.068
182.069
182.07
182.071
182.072
182.073
182.074
182.075
182.076
182.077
182.078
182.079
182.08
182.081
182.082
182.083
182.084
182.085
182.086
182.087
182.088
182.089
182.09
182.091
182.092
182.093
182.094
182.095
182.096
182.097
182.098
182.099
182.1
182.101
182.102
182.103
182.104
182.105
182.106
182.107
182.108
182.109
182.11
182.111
182.112
182.113
182.114
182.115
182.116
182.117
182.118
182.119
182.12
182.121
182.122
182.123
182.124
182.125
182.126
182.127
182.128
182.129
182.13
182.131
182.132
182.133
182.134
182.135
182.136
182.137
182.138
182.139
182.14
182.141
182.142
182.143
182.144
182.145
182.146
182.147
182.148
182.149
182.15
182.151
182.152
182.153
182.154
182.155
182.156
182.157
182.158
182.159
182.16
182.161
182.162
182.163
182.164
182.165
182.166
182.167
182.168
182.169
182.17
182.171
182.172
182.173
182.174
182.175
182.176
182.177
182.178
182.179
182.18
182.181
182.182
182.183
182.184
182.185
182.186
182.187
182.188
182.189
182.19
182.191
182.192
182.193
182.194
182.195
182.196
182.197
182.198
182.199
182.2
182.201
182.202
182.203
182.204
182.205
182.206
182.207
182.208
182.209
182.21
182.211
182.212
182.213
182.214
182.215
182.216
182.217
182.218
182.219
182.22
182.221
182.222
182.223
182.224
182.225
182.226
182.227
182.228
182.229
182.23
182.231
182.232
182.233
182.234
182.235
182.236
182.237
182.238
182.239
182.24
182.241
182.242
182.243
182.244
182.245
182.246
182.247
182.248
182.249
182.25
182.251
182.252
182.253
182.254
182.255
182.256
182.257
182.258
182.259
182.26
182.261
182.262
182.263
182.264
182.265
182.266
182.267
182.268
182.269
182.27
182.271
182.272
182.273
182.274
182.275
182.276
182.277
182.278
182.279
182.28
182.281
182.282
182.283
182.284
182.285
182.286
182.287
182.288
182.289
182.29
182.291
182.292
182.293
182.294
182.295
182.296
182.297
182.298
182.299
182.3
182.301
182.302
182.303
182.304
182.305
182.306
182.307
182.308
182.309
182.31
182.311
182.312
182.313
182.314
182.315
182.316
182.317
182.318
182.319
182.32
182.321
182.322
182.323
182.324
182.325
182.326
182.327
182.328
182.329
182.33
182.331
182.332
182.333
182.334
182.335
182.336
182.337
182.338
182.339
182.34
182.341
182.342
182.343
182.344
182.345
182.346
182.347
182.348
182.349
182.35
182.351
182.352
182.353
182.354
182.355
182.356
182.357
182.358
182.359
182.36
182.361
182.362
182.363
182.364
182.365
182.366
182.367
182.368
182.369
182.37
182.371
182.372
182.373
182.374
182.375
182.376
182.377
182.378
182.379
182.38
182.381
182.382
182.383
182.384
182.385
182.386
182.387
182.388
182.389
182.39
182.391
182.392
182.393
182.394
182.395
182.396
182.397
182.398
182.399
182.4
182.401
182.402
182.403
182.404
182.405
182.406
182.407
182.408
182.409
182.41
182.411
182.412
182.413
182.414
182.415
182.416
182.417
182.418
182.419
182.42
182.421
182.422
182.423
182.424
182.425
182.426
182.427
182.428
182.429
182.43
182.431
182.432
182.433
182.434
182.435
182.436
182.437
182.438
182.439
182.44
182.441
182.442
182.443
182.444
182.445
182.446
182.447
182.448
182.449
182.45
182.451
182.452
182.453
182.454
182.455
182.456
182.457
182.458
182.459
182.46
182.461
182.462
182.463
182.464
182.465
182.466
182.467
182.468
182.469
182.47
182.471
182.472
182.473
182.474
182.475
182.476
182.477
182.478
182.479
182.48
182.481
182.482
182.483
182.484
182.485
182.486
182.487
182.488
182.489
182.49
182.491
182.492
182.493
182.494
182.495
182.496
182.497
182.498
182.499
182.5
182.501
182.502
182.503
182.504
182.505
182.506
182.507
182.508
182.509
182.51
182.511
182.512
182.513
182.514
182.515
182.516
182.517
182.518
182.519
182.52
182.521
182.522
182.523
182.524
182.525
182.526
182.527
182.528
182.529
182.53
182.531
182.532
182.533
182.534
182.535
182.536
182.537
182.538
182.539
182.54
182.541
182.542
182.543
182.544
182.545
182.546
182.547
182.548
182.549
182.55
182.551
182.552
182.553
182.554
182.555
182.556
182.557
182.558
182.559
182.56
182.561
182.562
182.563
182.564
182.565
182.566
182.567
182.568
182.569
182.57
182.571
182.572
182.573
182.574
182.575
182.576
182.577
182.578
182.579
182.58
182.581
182.582
182.583
182.584
182.585
182.586
182.587
182.588
182.589
182.59
182.591
182.592
182.593
182.594
182.595
182.596
182.597
182.598
182.599
182.6
182.601
182.602
182.603
182.604
182.605
182.606
182.607
182.608
182.609
182.61
182.611
182.612
182.613
182.614
182.615
182.616
182.617
182.618
182.619
182.62
182.621
182.622
182.623
182.624
182.625
182.626
182.627
182.628
182.629
182.63
182.631
182.632
182.633
182.634
182.635
182.636
182.637
182.638
182.639
182.64
182.641
182.642
182.643
182.644
182.645
182.646
182.647
182.648
182.649
182.65
182.651
182.652
182.653
182.654
182.655
182.656
182.657
182.658
182.659
182.66
182.661
182.662
182.663
182.664
182.665
182.666
182.667
182.668
182.669
182.67
182.671
182.672
182.673
182.674
182.675
182.676
182.677
182.678
182.679
182.68
182.681
182.682
182.683
182.684
182.685
182.686
182.687
182.688
182.689
182.69
182.691
182.692
182.693
182.694
182.695
182.696
182.697
182.698
182.699
182.7
182.701
182.702
182.703
182.704
182.705
182.706
182.707
182.708
182.709
182.71
182.711
182.712
182.713
182.714
182.715
182.716
182.717
182.718
182.719
182.72
182.721
182.722
182.723
182.724
182.725
182.726
182.727
182.728
182.729
182.73
182.731
182.732
182.733
182.734
182.735
182.736
182.737
182.738
182.739
182.74
182.741
182.742
182.743
182.744
182.745
182.746
182.747
182.748
182.749
182.75
182.751
182.752
182.753
182.754
182.755
182.756
182.757
182.758
182.759
182.76
182.761
182.762
182.763
182.764
182.765
182.766
182.767
182.768
182.769
182.77
182.771
182.772
182.773
182.774
182.775
182.776
182.777
182.778
182.779
182.78
182.781
182.782
182.783
182.784
182.785
182.786
182.787
182.788
182.789
182.79
182.791
182.792
182.793
182.794
182.795
182.796
182.797
182.798
182.799
182.8
182.801
182.802
182.803
182.804
182.805
182.806
182.807
182.808
182.809
182.81
182.811
182.812
182.813
182.814
182.815
182.816
182.817
182.818
182.819
182.82
182.821
182.822
182.823
182.824
182.825
182.826
182.827
182.828
182.829
182.83
182.831
182.832
182.833
182.834
182.835
182.836
182.837
182.838
182.839
182.84
182.841
182.842
182.843
182.844
182.845
182.846
182.847
182.848
182.849
182.85
182.851
182.852
182.853
182.854
182.855
182.856
182.857
182.858
182.859
182.86
182.861
182.862
182.863
182.864
182.865
182.866
182.867
182.868
182.869
182.87
182.871
182.872
182.873
182.874
182.875
182.876
182.877
182.878
182.879
182.88
182.881
182.882
182.883
182.884
182.885
182.886
182.887
182.888
182.889
182.89
182.891
182.892
182.893
182.894
182.895
182.896
182.897
182.898
182.899
182.9
182.901
182.902
182.903
182.904
182.905
182.906
182.907
182.908
182.909
182.91
182.911
182.912
182.913
182.914
182.915
182.916
182.917
182.918
182.919
182.92
182.921
182.922
182.923
182.924
182.925
182.926
182.927
182.928
182.929
182.93
182.931
182.932
182.933
182.934
182.935
182.936
182.937
182.938
182.939
182.94
182.941
182.942
182.943
182.944
182.945
182.946
182.947
182.948
182.949
182.95
182.951
182.952
182.953
182.954
182.955
182.956
182.957
182.958
182.959
182.96
182.961
182.962
182.963
182.964
182.965
182.966
182.967
182.968
182.969
182.97
182.971
182.972
182.973
182.974
182.975
182.976
182.977
182.978
182.979
182.98
182.981
182.982
182.983
182.984
182.985
182.986
182.987
182.988
182.989
182.99
182.991
182.992
182.993
182.994
182.995
182.996
182.997
182.998
182.999
183
183.001
183.002
183.003
183.004
183.005
183.006
183.007
183.008
183.009
183.01
183.011
183.012
183.013
183.014
183.015
183.016
183.017
183.018
183.019
183.02
183.021
183.022
183.023
183.024
183.025
183.026
183.027
183.028
183.029
183.03
183.031
183.032
183.033
183.034
183.035
183.036
183.037
183.038
183.039
183.04
183.041
183.042
183.043
183.044
183.045
183.046
183.047
183.048
183.049
183.05
183.051
183.052
183.053
183.054
183.055
183.056
183.057
183.058
183.059
183.06
183.061
183.062
183.063
183.064
183.065
183.066
183.067
183.068
183.069
183.07
183.071
183.072
183.073
183.074
183.075
183.076
183.077
183.078
183.079
183.08
183.081
183.082
183.083
183.084
183.085
183.086
183.087
183.088
183.089
183.09
183.091
183.092
183.093
183.094
183.095
183.096
183.097
183.098
183.099
183.1
183.101
183.102
183.103
183.104
183.105
183.106
183.107
183.108
183.109
183.11
183.111
183.112
183.113
183.114
183.115
183.116
183.117
183.118
183.119
183.12
183.121
183.122
183.123
183.124
183.125
183.126
183.127
183.128
183.129
183.13
183.131
183.132
183.133
183.134
183.135
183.136
183.137
183.138
183.139
183.14
183.141
183.142
183.143
183.144
183.145
183.146
183.147
183.148
183.149
183.15
183.151
183.152
183.153
183.154
183.155
183.156
183.157
183.158
183.159
183.16
183.161
183.162
183.163
183.164
183.165
183.166
183.167
183.168
183.169
183.17
183.171
183.172
183.173
183.174
183.175
183.176
183.177
183.178
183.179
183.18
183.181
183.182
183.183
183.184
183.185
183.186
183.187
183.188
183.189
183.19
183.191
183.192
183.193
183.194
183.195
183.196
183.197
183.198
183.199
183.2
183.201
183.202
183.203
183.204
183.205
183.206
183.207
183.208
183.209
183.21
183.211
183.212
183.213
183.214
183.215
183.216
183.217
183.218
183.219
183.22
183.221
183.222
183.223
183.224
183.225
183.226
183.227
183.228
183.229
183.23
183.231
183.232
183.233
183.234
183.235
183.236
183.237
183.238
183.239
183.24
183.241
183.242
183.243
183.244
183.245
183.246
183.247
183.248
183.249
183.25
183.251
183.252
183.253
183.254
183.255
183.256
183.257
183.258
183.259
183.26
183.261
183.262
183.263
183.264
183.265
183.266
183.267
183.268
183.269
183.27
183.271
183.272
183.273
183.274
183.275
183.276
183.277
183.278
183.279
183.28
183.281
183.282
183.283
183.284
183.285
183.286
183.287
183.288
183.289
183.29
183.291
183.292
183.293
183.294
183.295
183.296
183.297
183.298
183.299
183.3
183.301
183.302
183.303
183.304
183.305
183.306
183.307
183.308
183.309
183.31
183.311
183.312
183.313
183.314
183.315
183.316
183.317
183.318
183.319
183.32
183.321
183.322
183.323
183.324
183.325
183.326
183.327
183.328
183.329
183.33
183.331
183.332
183.333
183.334
183.335
183.336
183.337
183.338
183.339
183.34
183.341
183.342
183.343
183.344
183.345
183.346
183.347
183.348
183.349
183.35
183.351
183.352
183.353
183.354
183.355
183.356
183.357
183.358
183.359
183.36
183.361
183.362
183.363
183.364
183.365
183.366
183.367
183.368
183.369
183.37
183.371
183.372
183.373
183.374
183.375
183.376
183.377
183.378
183.379
183.38
183.381
183.382
183.383
183.384
183.385
183.386
183.387
183.388
183.389
183.39
183.391
183.392
183.393
183.394
183.395
183.396
183.397
183.398
183.399
183.4
183.401
183.402
183.403
183.404
183.405
183.406
183.407
183.408
183.409
183.41
183.411
183.412
183.413
183.414
183.415
183.416
183.417
183.418
183.419
183.42
183.421
183.422
183.423
183.424
183.425
183.426
183.427
183.428
183.429
183.43
183.431
183.432
183.433
183.434
183.435
183.436
183.437
183.438
183.439
183.44
183.441
183.442
183.443
183.444
183.445
183.446
183.447
183.448
183.449
183.45
183.451
183.452
183.453
183.454
183.455
183.456
183.457
183.458
183.459
183.46
183.461
183.462
183.463
183.464
183.465
183.466
183.467
183.468
183.469
183.47
183.471
183.472
183.473
183.474
183.475
183.476
183.477
183.478
183.479
183.48
183.481
183.482
183.483
183.484
183.485
183.486
183.487
183.488
183.489
183.49
183.491
183.492
183.493
183.494
183.495
183.496
183.497
183.498
183.499
183.5
183.501
183.502
183.503
183.504
183.505
183.506
183.507
183.508
183.509
183.51
183.511
183.512
183.513
183.514
183.515
183.516
183.517
183.518
183.519
183.52
183.521
183.522
183.523
183.524
183.525
183.526
183.527
183.528
183.529
183.53
183.531
183.532
183.533
183.534
183.535
183.536
183.537
183.538
183.539
183.54
183.541
183.542
183.543
183.544
183.545
183.546
183.547
183.548
183.549
183.55
183.551
183.552
183.553
183.554
183.555
183.556
183.557
183.558
183.559
183.56
183.561
183.562
183.563
183.564
183.565
183.566
183.567
183.568
183.569
183.57
183.571
183.572
183.573
183.574
183.575
183.576
183.577
183.578
183.579
183.58
183.581
183.582
183.583
183.584
183.585
183.586
183.587
183.588
183.589
183.59
183.591
183.592
183.593
183.594
183.595
183.596
183.597
183.598
183.599
183.6
183.601
183.602
183.603
183.604
183.605
183.606
183.607
183.608
183.609
183.61
183.611
183.612
183.613
183.614
183.615
183.616
183.617
183.618
183.619
183.62
183.621
183.622
183.623
183.624
183.625
183.626
183.627
183.628
183.629
183.63
183.631
183.632
183.633
183.634
183.635
183.636
183.637
183.638
183.639
183.64
183.641
183.642
183.643
183.644
183.645
183.646
183.647
183.648
183.649
183.65
183.651
183.652
183.653
183.654
183.655
183.656
183.657
183.658
183.659
183.66
183.661
183.662
183.663
183.664
183.665
183.666
183.667
183.668
183.669
183.67
183.671
183.672
183.673
183.674
183.675
183.676
183.677
183.678
183.679
183.68
183.681
183.682
183.683
183.684
183.685
183.686
183.687
183.688
183.689
183.69
183.691
183.692
183.693
183.694
183.695
183.696
183.697
183.698
183.699
183.7
183.701
183.702
183.703
183.704
183.705
183.706
183.707
183.708
183.709
183.71
183.711
183.712
183.713
183.714
183.715
183.716
183.717
183.718
183.719
183.72
183.721
183.722
183.723
183.724
183.725
183.726
183.727
183.728
183.729
183.73
183.731
183.732
183.733
183.734
183.735
183.736
183.737
183.738
183.739
183.74
183.741
183.742
183.743
183.744
183.745
183.746
183.747
183.748
183.749
183.75
183.751
183.752
183.753
183.754
183.755
183.756
183.757
183.758
183.759
183.76
183.761
183.762
183.763
183.764
183.765
183.766
183.767
183.768
183.769
183.77
183.771
183.772
183.773
183.774
183.775
183.776
183.777
183.778
183.779
183.78
183.781
183.782
183.783
183.784
183.785
183.786
183.787
183.788
183.789
183.79
183.791
183.792
183.793
183.794
183.795
183.796
183.797
183.798
183.799
183.8
183.801
183.802
183.803
183.804
183.805
183.806
183.807
183.808
183.809
183.81
183.811
183.812
183.813
183.814
183.815
183.816
183.817
183.818
183.819
183.82
183.821
183.822
183.823
183.824
183.825
183.826
183.827
183.828
183.829
183.83
183.831
183.832
183.833
183.834
183.835
183.836
183.837
183.838
183.839
183.84
183.841
183.842
183.843
183.844
183.845
183.846
183.847
183.848
183.849
183.85
183.851
183.852
183.853
183.854
183.855
183.856
183.857
183.858
183.859
183.86
183.861
183.862
183.863
183.864
183.865
183.866
183.867
183.868
183.869
183.87
183.871
183.872
183.873
183.874
183.875
183.876
183.877
183.878
183.879
183.88
183.881
183.882
183.883
183.884
183.885
183.886
183.887
183.888
183.889
183.89
183.891
183.892
183.893
183.894
183.895
183.896
183.897
183.898
183.899
183.9
183.901
183.902
183.903
183.904
183.905
183.906
183.907
183.908
183.909
183.91
183.911
183.912
183.913
183.914
183.915
183.916
183.917
183.918
183.919
183.92
183.921
183.922
183.923
183.924
183.925
183.926
183.927
183.928
183.929
183.93
183.931
183.932
183.933
183.934
183.935
183.936
183.937
183.938
183.939
183.94
183.941
183.942
183.943
183.944
183.945
183.946
183.947
183.948
183.949
183.95
183.951
183.952
183.953
183.954
183.955
183.956
183.957
183.958
183.959
183.96
183.961
183.962
183.963
183.964
183.965
183.966
183.967
183.968
183.969
183.97
183.971
183.972
183.973
183.974
183.975
183.976
183.977
183.978
183.979
183.98
183.981
183.982
183.983
183.984
183.985
183.986
183.987
183.988
183.989
183.99
183.991
183.992
183.993
183.994
183.995
183.996
183.997
183.998
183.999
184
184.001
184.002
184.003
184.004
184.005
184.006
184.007
184.008
184.009
184.01
184.011
184.012
184.013
184.014
184.015
184.016
184.017
184.018
184.019
184.02
184.021
184.022
184.023
184.024
184.025
184.026
184.027
184.028
184.029
184.03
184.031
184.032
184.033
184.034
184.035
184.036
184.037
184.038
184.039
184.04
184.041
184.042
184.043
184.044
184.045
184.046
184.047
184.048
184.049
184.05
184.051
184.052
184.053
184.054
184.055
184.056
184.057
184.058
184.059
184.06
184.061
184.062
184.063
184.064
184.065
184.066
184.067
184.068
184.069
184.07
184.071
184.072
184.073
184.074
184.075
184.076
184.077
184.078
184.079
184.08
184.081
184.082
184.083
184.084
184.085
184.086
184.087
184.088
184.089
184.09
184.091
184.092
184.093
184.094
184.095
184.096
184.097
184.098
184.099
184.1
184.101
184.102
184.103
184.104
184.105
184.106
184.107
184.108
184.109
184.11
184.111
184.112
184.113
184.114
184.115
184.116
184.117
184.118
184.119
184.12
184.121
184.122
184.123
184.124
184.125
184.126
184.127
184.128
184.129
184.13
184.131
184.132
184.133
184.134
184.135
184.136
184.137
184.138
184.139
184.14
184.141
184.142
184.143
184.144
184.145
184.146
184.147
184.148
184.149
184.15
184.151
184.152
184.153
184.154
184.155
184.156
184.157
184.158
184.159
184.16
184.161
184.162
184.163
184.164
184.165
184.166
184.167
184.168
184.169
184.17
184.171
184.172
184.173
184.174
184.175
184.176
184.177
184.178
184.179
184.18
184.181
184.182
184.183
184.184
184.185
184.186
184.187
184.188
184.189
184.19
184.191
184.192
184.193
184.194
184.195
184.196
184.197
184.198
184.199
184.2
184.201
184.202
184.203
184.204
184.205
184.206
184.207
184.208
184.209
184.21
184.211
184.212
184.213
184.214
184.215
184.216
184.217
184.218
184.219
184.22
184.221
184.222
184.223
184.224
184.225
184.226
184.227
184.228
184.229
184.23
184.231
184.232
184.233
184.234
184.235
184.236
184.237
184.238
184.239
184.24
184.241
184.242
184.243
184.244
184.245
184.246
184.247
184.248
184.249
184.25
184.251
184.252
184.253
184.254
184.255
184.256
184.257
184.258
184.259
184.26
184.261
184.262
184.263
184.264
184.265
184.266
184.267
184.268
184.269
184.27
184.271
184.272
184.273
184.274
184.275
184.276
184.277
184.278
184.279
184.28
184.281
184.282
184.283
184.284
184.285
184.286
184.287
184.288
184.289
184.29
184.291
184.292
184.293
184.294
184.295
184.296
184.297
184.298
184.299
184.3
184.301
184.302
184.303
184.304
184.305
184.306
184.307
184.308
184.309
184.31
184.311
184.312
184.313
184.314
184.315
184.316
184.317
184.318
184.319
184.32
184.321
184.322
184.323
184.324
184.325
184.326
184.327
184.328
184.329
184.33
184.331
184.332
184.333
184.334
184.335
184.336
184.337
184.338
184.339
184.34
184.341
184.342
184.343
184.344
184.345
184.346
184.347
184.348
184.349
184.35
184.351
184.352
184.353
184.354
184.355
184.356
184.357
184.358
184.359
184.36
184.361
184.362
184.363
184.364
184.365
184.366
184.367
184.368
184.369
184.37
184.371
184.372
184.373
184.374
184.375
184.376
184.377
184.378
184.379
184.38
184.381
184.382
184.383
184.384
184.385
184.386
184.387
184.388
184.389
184.39
184.391
184.392
184.393
184.394
184.395
184.396
184.397
184.398
184.399
184.4
184.401
184.402
184.403
184.404
184.405
184.406
184.407
184.408
184.409
184.41
184.411
184.412
184.413
184.414
184.415
184.416
184.417
184.418
184.419
184.42
184.421
184.422
184.423
184.424
184.425
184.426
184.427
184.428
184.429
184.43
184.431
184.432
184.433
184.434
184.435
184.436
184.437
184.438
184.439
184.44
184.441
184.442
184.443
184.444
184.445
184.446
184.447
184.448
184.449
184.45
184.451
184.452
184.453
184.454
184.455
184.456
184.457
184.458
184.459
184.46
184.461
184.462
184.463
184.464
184.465
184.466
184.467
184.468
184.469
184.47
184.471
184.472
184.473
184.474
184.475
184.476
184.477
184.478
184.479
184.48
184.481
184.482
184.483
184.484
184.485
184.486
184.487
184.488
184.489
184.49
184.491
184.492
184.493
184.494
184.495
184.496
184.497
184.498
184.499
184.5
184.501
184.502
184.503
184.504
184.505
184.506
184.507
184.508
184.509
184.51
184.511
184.512
184.513
184.514
184.515
184.516
184.517
184.518
184.519
184.52
184.521
184.522
184.523
184.524
184.525
184.526
184.527
184.528
184.529
184.53
184.531
184.532
184.533
184.534
184.535
184.536
184.537
184.538
184.539
184.54
184.541
184.542
184.543
184.544
184.545
184.546
184.547
184.548
184.549
184.55
184.551
184.552
184.553
184.554
184.555
184.556
184.557
184.558
184.559
184.56
184.561
184.562
184.563
184.564
184.565
184.566
184.567
184.568
184.569
184.57
184.571
184.572
184.573
184.574
184.575
184.576
184.577
184.578
184.579
184.58
184.581
184.582
184.583
184.584
184.585
184.586
184.587
184.588
184.589
184.59
184.591
184.592
184.593
184.594
184.595
184.596
184.597
184.598
184.599
184.6
184.601
184.602
184.603
184.604
184.605
184.606
184.607
184.608
184.609
184.61
184.611
184.612
184.613
184.614
184.615
184.616
184.617
184.618
184.619
184.62
184.621
184.622
184.623
184.624
184.625
184.626
184.627
184.628
184.629
184.63
184.631
184.632
184.633
184.634
184.635
184.636
184.637
184.638
184.639
184.64
184.641
184.642
184.643
184.644
184.645
184.646
184.647
184.648
184.649
184.65
184.651
184.652
184.653
184.654
184.655
184.656
184.657
184.658
184.659
184.66
184.661
184.662
184.663
184.664
184.665
184.666
184.667
184.668
184.669
184.67
184.671
184.672
184.673
184.674
184.675
184.676
184.677
184.678
184.679
184.68
184.681
184.682
184.683
184.684
184.685
184.686
184.687
184.688
184.689
184.69
184.691
184.692
184.693
184.694
184.695
184.696
184.697
184.698
184.699
184.7
184.701
184.702
184.703
184.704
184.705
184.706
184.707
184.708
184.709
184.71
184.711
184.712
184.713
184.714
184.715
184.716
184.717
184.718
184.719
184.72
184.721
184.722
184.723
184.724
184.725
184.726
184.727
184.728
184.729
184.73
184.731
184.732
184.733
184.734
184.735
184.736
184.737
184.738
184.739
184.74
184.741
184.742
184.743
184.744
184.745
184.746
184.747
184.748
184.749
184.75
184.751
184.752
184.753
184.754
184.755
184.756
184.757
184.758
184.759
184.76
184.761
184.762
184.763
184.764
184.765
184.766
184.767
184.768
184.769
184.77
184.771
184.772
184.773
184.774
184.775
184.776
184.777
184.778
184.779
184.78
184.781
184.782
184.783
184.784
184.785
184.786
184.787
184.788
184.789
184.79
184.791
184.792
184.793
184.794
184.795
184.796
184.797
184.798
184.799
184.8
184.801
184.802
184.803
184.804
184.805
184.806
184.807
184.808
184.809
184.81
184.811
184.812
184.813
184.814
184.815
184.816
184.817
184.818
184.819
184.82
184.821
184.822
184.823
184.824
184.825
184.826
184.827
184.828
184.829
184.83
184.831
184.832
184.833
184.834
184.835
184.836
184.837
184.838
184.839
184.84
184.841
184.842
184.843
184.844
184.845
184.846
184.847
184.848
184.849
184.85
184.851
184.852
184.853
184.854
184.855
184.856
184.857
184.858
184.859
184.86
184.861
184.862
184.863
184.864
184.865
184.866
184.867
184.868
184.869
184.87
184.871
184.872
184.873
184.874
184.875
184.876
184.877
184.878
184.879
184.88
184.881
184.882
184.883
184.884
184.885
184.886
184.887
184.888
184.889
184.89
184.891
184.892
184.893
184.894
184.895
184.896
184.897
184.898
184.899
184.9
184.901
184.902
184.903
184.904
184.905
184.906
184.907
184.908
184.909
184.91
184.911
184.912
184.913
184.914
184.915
184.916
184.917
184.918
184.919
184.92
184.921
184.922
184.923
184.924
184.925
184.926
184.927
184.928
184.929
184.93
184.931
184.932
184.933
184.934
184.935
184.936
184.937
184.938
184.939
184.94
184.941
184.942
184.943
184.944
184.945
184.946
184.947
184.948
184.949
184.95
184.951
184.952
184.953
184.954
184.955
184.956
184.957
184.958
184.959
184.96
184.961
184.962
184.963
184.964
184.965
184.966
184.967
184.968
184.969
184.97
184.971
184.972
184.973
184.974
184.975
184.976
184.977
184.978
184.979
184.98
184.981
184.982
184.983
184.984
184.985
184.986
184.987
184.988
184.989
184.99
184.991
184.992
184.993
184.994
184.995
184.996
184.997
184.998
184.999
185
185.001
185.002
185.003
185.004
185.005
185.006
185.007
185.008
185.009
185.01
185.011
185.012
185.013
185.014
185.015
185.016
185.017
185.018
185.019
185.02
185.021
185.022
185.023
185.024
185.025
185.026
185.027
185.028
185.029
185.03
185.031
185.032
185.033
185.034
185.035
185.036
185.037
185.038
185.039
185.04
185.041
185.042
185.043
185.044
185.045
185.046
185.047
185.048
185.049
185.05
185.051
185.052
185.053
185.054
185.055
185.056
185.057
185.058
185.059
185.06
185.061
185.062
185.063
185.064
185.065
185.066
185.067
185.068
185.069
185.07
185.071
185.072
185.073
185.074
185.075
185.076
185.077
185.078
185.079
185.08
185.081
185.082
185.083
185.084
185.085
185.086
185.087
185.088
185.089
185.09
185.091
185.092
185.093
185.094
185.095
185.096
185.097
185.098
185.099
185.1
185.101
185.102
185.103
185.104
185.105
185.106
185.107
185.108
185.109
185.11
185.111
185.112
185.113
185.114
185.115
185.116
185.117
185.118
185.119
185.12
185.121
185.122
185.123
185.124
185.125
185.126
185.127
185.128
185.129
185.13
185.131
185.132
185.133
185.134
185.135
185.136
185.137
185.138
185.139
185.14
185.141
185.142
185.143
185.144
185.145
185.146
185.147
185.148
185.149
185.15
185.151
185.152
185.153
185.154
185.155
185.156
185.157
185.158
185.159
185.16
185.161
185.162
185.163
185.164
185.165
185.166
185.167
185.168
185.169
185.17
185.171
185.172
185.173
185.174
185.175
185.176
185.177
185.178
185.179
185.18
185.181
185.182
185.183
185.184
185.185
185.186
185.187
185.188
185.189
185.19
185.191
185.192
185.193
185.194
185.195
185.196
185.197
185.198
185.199
185.2
185.201
185.202
185.203
185.204
185.205
185.206
185.207
185.208
185.209
185.21
185.211
185.212
185.213
185.214
185.215
185.216
185.217
185.218
185.219
185.22
185.221
185.222
185.223
185.224
185.225
185.226
185.227
185.228
185.229
185.23
185.231
185.232
185.233
185.234
185.235
185.236
185.237
185.238
185.239
185.24
185.241
185.242
185.243
185.244
185.245
185.246
185.247
185.248
185.249
185.25
185.251
185.252
185.253
185.254
185.255
185.256
185.257
185.258
185.259
185.26
185.261
185.262
185.263
185.264
185.265
185.266
185.267
185.268
185.269
185.27
185.271
185.272
185.273
185.274
185.275
185.276
185.277
185.278
185.279
185.28
185.281
185.282
185.283
185.284
185.285
185.286
185.287
185.288
185.289
185.29
185.291
185.292
185.293
185.294
185.295
185.296
185.297
185.298
185.299
185.3
185.301
185.302
185.303
185.304
185.305
185.306
185.307
185.308
185.309
185.31
185.311
185.312
185.313
185.314
185.315
185.316
185.317
185.318
185.319
185.32
185.321
185.322
185.323
185.324
185.325
185.326
185.327
185.328
185.329
185.33
185.331
185.332
185.333
185.334
185.335
185.336
185.337
185.338
185.339
185.34
185.341
185.342
185.343
185.344
185.345
185.346
185.347
185.348
185.349
185.35
185.351
185.352
185.353
185.354
185.355
185.356
185.357
185.358
185.359
185.36
185.361
185.362
185.363
185.364
185.365
185.366
185.367
185.368
185.369
185.37
185.371
185.372
185.373
185.374
185.375
185.376
185.377
185.378
185.379
185.38
185.381
185.382
185.383
185.384
185.385
185.386
185.387
185.388
185.389
185.39
185.391
185.392
185.393
185.394
185.395
185.396
185.397
185.398
185.399
185.4
185.401
185.402
185.403
185.404
185.405
185.406
185.407
185.408
185.409
185.41
185.411
185.412
185.413
185.414
185.415
185.416
185.417
185.418
185.419
185.42
185.421
185.422
185.423
185.424
185.425
185.426
185.427
185.428
185.429
185.43
185.431
185.432
185.433
185.434
185.435
185.436
185.437
185.438
185.439
185.44
185.441
185.442
185.443
185.444
185.445
185.446
185.447
185.448
185.449
185.45
185.451
185.452
185.453
185.454
185.455
185.456
185.457
185.458
185.459
185.46
185.461
185.462
185.463
185.464
185.465
185.466
185.467
185.468
185.469
185.47
185.471
185.472
185.473
185.474
185.475
185.476
185.477
185.478
185.479
185.48
185.481
185.482
185.483
185.484
185.485
185.486
185.487
185.488
185.489
185.49
185.491
185.492
185.493
185.494
185.495
185.496
185.497
185.498
185.499
185.5
185.501
185.502
185.503
185.504
185.505
185.506
185.507
185.508
185.509
185.51
185.511
185.512
185.513
185.514
185.515
185.516
185.517
185.518
185.519
185.52
185.521
185.522
185.523
185.524
185.525
185.526
185.527
185.528
185.529
185.53
185.531
185.532
185.533
185.534
185.535
185.536
185.537
185.538
185.539
185.54
185.541
185.542
185.543
185.544
185.545
185.546
185.547
185.548
185.549
185.55
185.551
185.552
185.553
185.554
185.555
185.556
185.557
185.558
185.559
185.56
185.561
185.562
185.563
185.564
185.565
185.566
185.567
185.568
185.569
185.57
185.571
185.572
185.573
185.574
185.575
185.576
185.577
185.578
185.579
185.58
185.581
185.582
185.583
185.584
185.585
185.586
185.587
185.588
185.589
185.59
185.591
185.592
185.593
185.594
185.595
185.596
185.597
185.598
185.599
185.6
185.601
185.602
185.603
185.604
185.605
185.606
185.607
185.608
185.609
185.61
185.611
185.612
185.613
185.614
185.615
185.616
185.617
185.618
185.619
185.62
185.621
185.622
185.623
185.624
185.625
185.626
185.627
185.628
185.629
185.63
185.631
185.632
185.633
185.634
185.635
185.636
185.637
185.638
185.639
185.64
185.641
185.642
185.643
185.644
185.645
185.646
185.647
185.648
185.649
185.65
185.651
185.652
185.653
185.654
185.655
185.656
185.657
185.658
185.659
185.66
185.661
185.662
185.663
185.664
185.665
185.666
185.667
185.668
185.669
185.67
185.671
185.672
185.673
185.674
185.675
185.676
185.677
185.678
185.679
185.68
185.681
185.682
185.683
185.684
185.685
185.686
185.687
185.688
185.689
185.69
185.691
185.692
185.693
185.694
185.695
185.696
185.697
185.698
185.699
185.7
185.701
185.702
185.703
185.704
185.705
185.706
185.707
185.708
185.709
185.71
185.711
185.712
185.713
185.714
185.715
185.716
185.717
185.718
185.719
185.72
185.721
185.722
185.723
185.724
185.725
185.726
185.727
185.728
185.729
185.73
185.731
185.732
185.733
185.734
185.735
185.736
185.737
185.738
185.739
185.74
185.741
185.742
185.743
185.744
185.745
185.746
185.747
185.748
185.749
185.75
185.751
185.752
185.753
185.754
185.755
185.756
185.757
185.758
185.759
185.76
185.761
185.762
185.763
185.764
185.765
185.766
185.767
185.768
185.769
185.77
185.771
185.772
185.773
185.774
185.775
185.776
185.777
185.778
185.779
185.78
185.781
185.782
185.783
185.784
185.785
185.786
185.787
185.788
185.789
185.79
185.791
185.792
185.793
185.794
185.795
185.796
185.797
185.798
185.799
185.8
185.801
185.802
185.803
185.804
185.805
185.806
185.807
185.808
185.809
185.81
185.811
185.812
185.813
185.814
185.815
185.816
185.817
185.818
185.819
185.82
185.821
185.822
185.823
185.824
185.825
185.826
185.827
185.828
185.829
185.83
185.831
185.832
185.833
185.834
185.835
185.836
185.837
185.838
185.839
185.84
185.841
185.842
185.843
185.844
185.845
185.846
185.847
185.848
185.849
185.85
185.851
185.852
185.853
185.854
185.855
185.856
185.857
185.858
185.859
185.86
185.861
185.862
185.863
185.864
185.865
185.866
185.867
185.868
185.869
185.87
185.871
185.872
185.873
185.874
185.875
185.876
185.877
185.878
185.879
185.88
185.881
185.882
185.883
185.884
185.885
185.886
185.887
185.888
185.889
185.89
185.891
185.892
185.893
185.894
185.895
185.896
185.897
185.898
185.899
185.9
185.901
185.902
185.903
185.904
185.905
185.906
185.907
185.908
185.909
185.91
185.911
185.912
185.913
185.914
185.915
185.916
185.917
185.918
185.919
185.92
185.921
185.922
185.923
185.924
185.925
185.926
185.927
185.928
185.929
185.93
185.931
185.932
185.933
185.934
185.935
185.936
185.937
185.938
185.939
185.94
185.941
185.942
185.943
185.944
185.945
185.946
185.947
185.948
185.949
185.95
185.951
185.952
185.953
185.954
185.955
185.956
185.957
185.958
185.959
185.96
185.961
185.962
185.963
185.964
185.965
185.966
185.967
185.968
185.969
185.97
185.971
185.972
185.973
185.974
185.975
185.976
185.977
185.978
185.979
185.98
185.981
185.982
185.983
185.984
185.985
185.986
185.987
185.988
185.989
185.99
185.991
185.992
185.993
185.994
185.995
185.996
185.997
185.998
185.999
186
186.001
186.002
186.003
186.004
186.005
186.006
186.007
186.008
186.009
186.01
186.011
186.012
186.013
186.014
186.015
186.016
186.017
186.018
186.019
186.02
186.021
186.022
186.023
186.024
186.025
186.026
186.027
186.028
186.029
186.03
186.031
186.032
186.033
186.034
186.035
186.036
186.037
186.038
186.039
186.04
186.041
186.042
186.043
186.044
186.045
186.046
186.047
186.048
186.049
186.05
186.051
186.052
186.053
186.054
186.055
186.056
186.057
186.058
186.059
186.06
186.061
186.062
186.063
186.064
186.065
186.066
186.067
186.068
186.069
186.07
186.071
186.072
186.073
186.074
186.075
186.076
186.077
186.078
186.079
186.08
186.081
186.082
186.083
186.084
186.085
186.086
186.087
186.088
186.089
186.09
186.091
186.092
186.093
186.094
186.095
186.096
186.097
186.098
186.099
186.1
186.101
186.102
186.103
186.104
186.105
186.106
186.107
186.108
186.109
186.11
186.111
186.112
186.113
186.114
186.115
186.116
186.117
186.118
186.119
186.12
186.121
186.122
186.123
186.124
186.125
186.126
186.127
186.128
186.129
186.13
186.131
186.132
186.133
186.134
186.135
186.136
186.137
186.138
186.139
186.14
186.141
186.142
186.143
186.144
186.145
186.146
186.147
186.148
186.149
186.15
186.151
186.152
186.153
186.154
186.155
186.156
186.157
186.158
186.159
186.16
186.161
186.162
186.163
186.164
186.165
186.166
186.167
186.168
186.169
186.17
186.171
186.172
186.173
186.174
186.175
186.176
186.177
186.178
186.179
186.18
186.181
186.182
186.183
186.184
186.185
186.186
186.187
186.188
186.189
186.19
186.191
186.192
186.193
186.194
186.195
186.196
186.197
186.198
186.199
186.2
186.201
186.202
186.203
186.204
186.205
186.206
186.207
186.208
186.209
186.21
186.211
186.212
186.213
186.214
186.215
186.216
186.217
186.218
186.219
186.22
186.221
186.222
186.223
186.224
186.225
186.226
186.227
186.228
186.229
186.23
186.231
186.232
186.233
186.234
186.235
186.236
186.237
186.238
186.239
186.24
186.241
186.242
186.243
186.244
186.245
186.246
186.247
186.248
186.249
186.25
186.251
186.252
186.253
186.254
186.255
186.256
186.257
186.258
186.259
186.26
186.261
186.262
186.263
186.264
186.265
186.266
186.267
186.268
186.269
186.27
186.271
186.272
186.273
186.274
186.275
186.276
186.277
186.278
186.279
186.28
186.281
186.282
186.283
186.284
186.285
186.286
186.287
186.288
186.289
186.29
186.291
186.292
186.293
186.294
186.295
186.296
186.297
186.298
186.299
186.3
186.301
186.302
186.303
186.304
186.305
186.306
186.307
186.308
186.309
186.31
186.311
186.312
186.313
186.314
186.315
186.316
186.317
186.318
186.319
186.32
186.321
186.322
186.323
186.324
186.325
186.326
186.327
186.328
186.329
186.33
186.331
186.332
186.333
186.334
186.335
186.336
186.337
186.338
186.339
186.34
186.341
186.342
186.343
186.344
186.345
186.346
186.347
186.348
186.349
186.35
186.351
186.352
186.353
186.354
186.355
186.356
186.357
186.358
186.359
186.36
186.361
186.362
186.363
186.364
186.365
186.366
186.367
186.368
186.369
186.37
186.371
186.372
186.373
186.374
186.375
186.376
186.377
186.378
186.379
186.38
186.381
186.382
186.383
186.384
186.385
186.386
186.387
186.388
186.389
186.39
186.391
186.392
186.393
186.394
186.395
186.396
186.397
186.398
186.399
186.4
186.401
186.402
186.403
186.404
186.405
186.406
186.407
186.408
186.409
186.41
186.411
186.412
186.413
186.414
186.415
186.416
186.417
186.418
186.419
186.42
186.421
186.422
186.423
186.424
186.425
186.426
186.427
186.428
186.429
186.43
186.431
186.432
186.433
186.434
186.435
186.436
186.437
186.438
186.439
186.44
186.441
186.442
186.443
186.444
186.445
186.446
186.447
186.448
186.449
186.45
186.451
186.452
186.453
186.454
186.455
186.456
186.457
186.458
186.459
186.46
186.461
186.462
186.463
186.464
186.465
186.466
186.467
186.468
186.469
186.47
186.471
186.472
186.473
186.474
186.475
186.476
186.477
186.478
186.479
186.48
186.481
186.482
186.483
186.484
186.485
186.486
186.487
186.488
186.489
186.49
186.491
186.492
186.493
186.494
186.495
186.496
186.497
186.498
186.499
186.5
186.501
186.502
186.503
186.504
186.505
186.506
186.507
186.508
186.509
186.51
186.511
186.512
186.513
186.514
186.515
186.516
186.517
186.518
186.519
186.52
186.521
186.522
186.523
186.524
186.525
186.526
186.527
186.528
186.529
186.53
186.531
186.532
186.533
186.534
186.535
186.536
186.537
186.538
186.539
186.54
186.541
186.542
186.543
186.544
186.545
186.546
186.547
186.548
186.549
186.55
186.551
186.552
186.553
186.554
186.555
186.556
186.557
186.558
186.559
186.56
186.561
186.562
186.563
186.564
186.565
186.566
186.567
186.568
186.569
186.57
186.571
186.572
186.573
186.574
186.575
186.576
186.577
186.578
186.579
186.58
186.581
186.582
186.583
186.584
186.585
186.586
186.587
186.588
186.589
186.59
186.591
186.592
186.593
186.594
186.595
186.596
186.597
186.598
186.599
186.6
186.601
186.602
186.603
186.604
186.605
186.606
186.607
186.608
186.609
186.61
186.611
186.612
186.613
186.614
186.615
186.616
186.617
186.618
186.619
186.62
186.621
186.622
186.623
186.624
186.625
186.626
186.627
186.628
186.629
186.63
186.631
186.632
186.633
186.634
186.635
186.636
186.637
186.638
186.639
186.64
186.641
186.642
186.643
186.644
186.645
186.646
186.647
186.648
186.649
186.65
186.651
186.652
186.653
186.654
186.655
186.656
186.657
186.658
186.659
186.66
186.661
186.662
186.663
186.664
186.665
186.666
186.667
186.668
186.669
186.67
186.671
186.672
186.673
186.674
186.675
186.676
186.677
186.678
186.679
186.68
186.681
186.682
186.683
186.684
186.685
186.686
186.687
186.688
186.689
186.69
186.691
186.692
186.693
186.694
186.695
186.696
186.697
186.698
186.699
186.7
186.701
186.702
186.703
186.704
186.705
186.706
186.707
186.708
186.709
186.71
186.711
186.712
186.713
186.714
186.715
186.716
186.717
186.718
186.719
186.72
186.721
186.722
186.723
186.724
186.725
186.726
186.727
186.728
186.729
186.73
186.731
186.732
186.733
186.734
186.735
186.736
186.737
186.738
186.739
186.74
186.741
186.742
186.743
186.744
186.745
186.746
186.747
186.748
186.749
186.75
186.751
186.752
186.753
186.754
186.755
186.756
186.757
186.758
186.759
186.76
186.761
186.762
186.763
186.764
186.765
186.766
186.767
186.768
186.769
186.77
186.771
186.772
186.773
186.774
186.775
186.776
186.777
186.778
186.779
186.78
186.781
186.782
186.783
186.784
186.785
186.786
186.787
186.788
186.789
186.79
186.791
186.792
186.793
186.794
186.795
186.796
186.797
186.798
186.799
186.8
186.801
186.802
186.803
186.804
186.805
186.806
186.807
186.808
186.809
186.81
186.811
186.812
186.813
186.814
186.815
186.816
186.817
186.818
186.819
186.82
186.821
186.822
186.823
186.824
186.825
186.826
186.827
186.828
186.829
186.83
186.831
186.832
186.833
186.834
186.835
186.836
186.837
186.838
186.839
186.84
186.841
186.842
186.843
186.844
186.845
186.846
186.847
186.848
186.849
186.85
186.851
186.852
186.853
186.854
186.855
186.856
186.857
186.858
186.859
186.86
186.861
186.862
186.863
186.864
186.865
186.866
186.867
186.868
186.869
186.87
186.871
186.872
186.873
186.874
186.875
186.876
186.877
186.878
186.879
186.88
186.881
186.882
186.883
186.884
186.885
186.886
186.887
186.888
186.889
186.89
186.891
186.892
186.893
186.894
186.895
186.896
186.897
186.898
186.899
186.9
186.901
186.902
186.903
186.904
186.905
186.906
186.907
186.908
186.909
186.91
186.911
186.912
186.913
186.914
186.915
186.916
186.917
186.918
186.919
186.92
186.921
186.922
186.923
186.924
186.925
186.926
186.927
186.928
186.929
186.93
186.931
186.932
186.933
186.934
186.935
186.936
186.937
186.938
186.939
186.94
186.941
186.942
186.943
186.944
186.945
186.946
186.947
186.948
186.949
186.95
186.951
186.952
186.953
186.954
186.955
186.956
186.957
186.958
186.959
186.96
186.961
186.962
186.963
186.964
186.965
186.966
186.967
186.968
186.969
186.97
186.971
186.972
186.973
186.974
186.975
186.976
186.977
186.978
186.979
186.98
186.981
186.982
186.983
186.984
186.985
186.986
186.987
186.988
186.989
186.99
186.991
186.992
186.993
186.994
186.995
186.996
186.997
186.998
186.999
187
187.001
187.002
187.003
187.004
187.005
187.006
187.007
187.008
187.009
187.01
187.011
187.012
187.013
187.014
187.015
187.016
187.017
187.018
187.019
187.02
187.021
187.022
187.023
187.024
187.025
187.026
187.027
187.028
187.029
187.03
187.031
187.032
187.033
187.034
187.035
187.036
187.037
187.038
187.039
187.04
187.041
187.042
187.043
187.044
187.045
187.046
187.047
187.048
187.049
187.05
187.051
187.052
187.053
187.054
187.055
187.056
187.057
187.058
187.059
187.06
187.061
187.062
187.063
187.064
187.065
187.066
187.067
187.068
187.069
187.07
187.071
187.072
187.073
187.074
187.075
187.076
187.077
187.078
187.079
187.08
187.081
187.082
187.083
187.084
187.085
187.086
187.087
187.088
187.089
187.09
187.091
187.092
187.093
187.094
187.095
187.096
187.097
187.098
187.099
187.1
187.101
187.102
187.103
187.104
187.105
187.106
187.107
187.108
187.109
187.11
187.111
187.112
187.113
187.114
187.115
187.116
187.117
187.118
187.119
187.12
187.121
187.122
187.123
187.124
187.125
187.126
187.127
187.128
187.129
187.13
187.131
187.132
187.133
187.134
187.135
187.136
187.137
187.138
187.139
187.14
187.141
187.142
187.143
187.144
187.145
187.146
187.147
187.148
187.149
187.15
187.151
187.152
187.153
187.154
187.155
187.156
187.157
187.158
187.159
187.16
187.161
187.162
187.163
187.164
187.165
187.166
187.167
187.168
187.169
187.17
187.171
187.172
187.173
187.174
187.175
187.176
187.177
187.178
187.179
187.18
187.181
187.182
187.183
187.184
187.185
187.186
187.187
187.188
187.189
187.19
187.191
187.192
187.193
187.194
187.195
187.196
187.197
187.198
187.199
187.2
187.201
187.202
187.203
187.204
187.205
187.206
187.207
187.208
187.209
187.21
187.211
187.212
187.213
187.214
187.215
187.216
187.217
187.218
187.219
187.22
187.221
187.222
187.223
187.224
187.225
187.226
187.227
187.228
187.229
187.23
187.231
187.232
187.233
187.234
187.235
187.236
187.237
187.238
187.239
187.24
187.241
187.242
187.243
187.244
187.245
187.246
187.247
187.248
187.249
187.25
187.251
187.252
187.253
187.254
187.255
187.256
187.257
187.258
187.259
187.26
187.261
187.262
187.263
187.264
187.265
187.266
187.267
187.268
187.269
187.27
187.271
187.272
187.273
187.274
187.275
187.276
187.277
187.278
187.279
187.28
187.281
187.282
187.283
187.284
187.285
187.286
187.287
187.288
187.289
187.29
187.291
187.292
187.293
187.294
187.295
187.296
187.297
187.298
187.299
187.3
187.301
187.302
187.303
187.304
187.305
187.306
187.307
187.308
187.309
187.31
187.311
187.312
187.313
187.314
187.315
187.316
187.317
187.318
187.319
187.32
187.321
187.322
187.323
187.324
187.325
187.326
187.327
187.328
187.329
187.33
187.331
187.332
187.333
187.334
187.335
187.336
187.337
187.338
187.339
187.34
187.341
187.342
187.343
187.344
187.345
187.346
187.347
187.348
187.349
187.35
187.351
187.352
187.353
187.354
187.355
187.356
187.357
187.358
187.359
187.36
187.361
187.362
187.363
187.364
187.365
187.366
187.367
187.368
187.369
187.37
187.371
187.372
187.373
187.374
187.375
187.376
187.377
187.378
187.379
187.38
187.381
187.382
187.383
187.384
187.385
187.386
187.387
187.388
187.389
187.39
187.391
187.392
187.393
187.394
187.395
187.396
187.397
187.398
187.399
187.4
187.401
187.402
187.403
187.404
187.405
187.406
187.407
187.408
187.409
187.41
187.411
187.412
187.413
187.414
187.415
187.416
187.417
187.418
187.419
187.42
187.421
187.422
187.423
187.424
187.425
187.426
187.427
187.428
187.429
187.43
187.431
187.432
187.433
187.434
187.435
187.436
187.437
187.438
187.439
187.44
187.441
187.442
187.443
187.444
187.445
187.446
187.447
187.448
187.449
187.45
187.451
187.452
187.453
187.454
187.455
187.456
187.457
187.458
187.459
187.46
187.461
187.462
187.463
187.464
187.465
187.466
187.467
187.468
187.469
187.47
187.471
187.472
187.473
187.474
187.475
187.476
187.477
187.478
187.479
187.48
187.481
187.482
187.483
187.484
187.485
187.486
187.487
187.488
187.489
187.49
187.491
187.492
187.493
187.494
187.495
187.496
187.497
187.498
187.499
187.5
187.501
187.502
187.503
187.504
187.505
187.506
187.507
187.508
187.509
187.51
187.511
187.512
187.513
187.514
187.515
187.516
187.517
187.518
187.519
187.52
187.521
187.522
187.523
187.524
187.525
187.526
187.527
187.528
187.529
187.53
187.531
187.532
187.533
187.534
187.535
187.536
187.537
187.538
187.539
187.54
187.541
187.542
187.543
187.544
187.545
187.546
187.547
187.548
187.549
187.55
187.551
187.552
187.553
187.554
187.555
187.556
187.557
187.558
187.559
187.56
187.561
187.562
187.563
187.564
187.565
187.566
187.567
187.568
187.569
187.57
187.571
187.572
187.573
187.574
187.575
187.576
187.577
187.578
187.579
187.58
187.581
187.582
187.583
187.584
187.585
187.586
187.587
187.588
187.589
187.59
187.591
187.592
187.593
187.594
187.595
187.596
187.597
187.598
187.599
187.6
187.601
187.602
187.603
187.604
187.605
187.606
187.607
187.608
187.609
187.61
187.611
187.612
187.613
187.614
187.615
187.616
187.617
187.618
187.619
187.62
187.621
187.622
187.623
187.624
187.625
187.626
187.627
187.628
187.629
187.63
187.631
187.632
187.633
187.634
187.635
187.636
187.637
187.638
187.639
187.64
187.641
187.642
187.643
187.644
187.645
187.646
187.647
187.648
187.649
187.65
187.651
187.652
187.653
187.654
187.655
187.656
187.657
187.658
187.659
187.66
187.661
187.662
187.663
187.664
187.665
187.666
187.667
187.668
187.669
187.67
187.671
187.672
187.673
187.674
187.675
187.676
187.677
187.678
187.679
187.68
187.681
187.682
187.683
187.684
187.685
187.686
187.687
187.688
187.689
187.69
187.691
187.692
187.693
187.694
187.695
187.696
187.697
187.698
187.699
187.7
187.701
187.702
187.703
187.704
187.705
187.706
187.707
187.708
187.709
187.71
187.711
187.712
187.713
187.714
187.715
187.716
187.717
187.718
187.719
187.72
187.721
187.722
187.723
187.724
187.725
187.726
187.727
187.728
187.729
187.73
187.731
187.732
187.733
187.734
187.735
187.736
187.737
187.738
187.739
187.74
187.741
187.742
187.743
187.744
187.745
187.746
187.747
187.748
187.749
187.75
187.751
187.752
187.753
187.754
187.755
187.756
187.757
187.758
187.759
187.76
187.761
187.762
187.763
187.764
187.765
187.766
187.767
187.768
187.769
187.77
187.771
187.772
187.773
187.774
187.775
187.776
187.777
187.778
187.779
187.78
187.781
187.782
187.783
187.784
187.785
187.786
187.787
187.788
187.789
187.79
187.791
187.792
187.793
187.794
187.795
187.796
187.797
187.798
187.799
187.8
187.801
187.802
187.803
187.804
187.805
187.806
187.807
187.808
187.809
187.81
187.811
187.812
187.813
187.814
187.815
187.816
187.817
187.818
187.819
187.82
187.821
187.822
187.823
187.824
187.825
187.826
187.827
187.828
187.829
187.83
187.831
187.832
187.833
187.834
187.835
187.836
187.837
187.838
187.839
187.84
187.841
187.842
187.843
187.844
187.845
187.846
187.847
187.848
187.849
187.85
187.851
187.852
187.853
187.854
187.855
187.856
187.857
187.858
187.859
187.86
187.861
187.862
187.863
187.864
187.865
187.866
187.867
187.868
187.869
187.87
187.871
187.872
187.873
187.874
187.875
187.876
187.877
187.878
187.879
187.88
187.881
187.882
187.883
187.884
187.885
187.886
187.887
187.888
187.889
187.89
187.891
187.892
187.893
187.894
187.895
187.896
187.897
187.898
187.899
187.9
187.901
187.902
187.903
187.904
187.905
187.906
187.907
187.908
187.909
187.91
187.911
187.912
187.913
187.914
187.915
187.916
187.917
187.918
187.919
187.92
187.921
187.922
187.923
187.924
187.925
187.926
187.927
187.928
187.929
187.93
187.931
187.932
187.933
187.934
187.935
187.936
187.937
187.938
187.939
187.94
187.941
187.942
187.943
187.944
187.945
187.946
187.947
187.948
187.949
187.95
187.951
187.952
187.953
187.954
187.955
187.956
187.957
187.958
187.959
187.96
187.961
187.962
187.963
187.964
187.965
187.966
187.967
187.968
187.969
187.97
187.971
187.972
187.973
187.974
187.975
187.976
187.977
187.978
187.979
187.98
187.981
187.982
187.983
187.984
187.985
187.986
187.987
187.988
187.989
187.99
187.991
187.992
187.993
187.994
187.995
187.996
187.997
187.998
187.999
188
188.001
188.002
188.003
188.004
188.005
188.006
188.007
188.008
188.009
188.01
188.011
188.012
188.013
188.014
188.015
188.016
188.017
188.018
188.019
188.02
188.021
188.022
188.023
188.024
188.025
188.026
188.027
188.028
188.029
188.03
188.031
188.032
188.033
188.034
188.035
188.036
188.037
188.038
188.039
188.04
188.041
188.042
188.043
188.044
188.045
188.046
188.047
188.048
188.049
188.05
188.051
188.052
188.053
188.054
188.055
188.056
188.057
188.058
188.059
188.06
188.061
188.062
188.063
188.064
188.065
188.066
188.067
188.068
188.069
188.07
188.071
188.072
188.073
188.074
188.075
188.076
188.077
188.078
188.079
188.08
188.081
188.082
188.083
188.084
188.085
188.086
188.087
188.088
188.089
188.09
188.091
188.092
188.093
188.094
188.095
188.096
188.097
188.098
188.099
188.1
188.101
188.102
188.103
188.104
188.105
188.106
188.107
188.108
188.109
188.11
188.111
188.112
188.113
188.114
188.115
188.116
188.117
188.118
188.119
188.12
188.121
188.122
188.123
188.124
188.125
188.126
188.127
188.128
188.129
188.13
188.131
188.132
188.133
188.134
188.135
188.136
188.137
188.138
188.139
188.14
188.141
188.142
188.143
188.144
188.145
188.146
188.147
188.148
188.149
188.15
188.151
188.152
188.153
188.154
188.155
188.156
188.157
188.158
188.159
188.16
188.161
188.162
188.163
188.164
188.165
188.166
188.167
188.168
188.169
188.17
188.171
188.172
188.173
188.174
188.175
188.176
188.177
188.178
188.179
188.18
188.181
188.182
188.183
188.184
188.185
188.186
188.187
188.188
188.189
188.19
188.191
188.192
188.193
188.194
188.195
188.196
188.197
188.198
188.199
188.2
188.201
188.202
188.203
188.204
188.205
188.206
188.207
188.208
188.209
188.21
188.211
188.212
188.213
188.214
188.215
188.216
188.217
188.218
188.219
188.22
188.221
188.222
188.223
188.224
188.225
188.226
188.227
188.228
188.229
188.23
188.231
188.232
188.233
188.234
188.235
188.236
188.237
188.238
188.239
188.24
188.241
188.242
188.243
188.244
188.245
188.246
188.247
188.248
188.249
188.25
188.251
188.252
188.253
188.254
188.255
188.256
188.257
188.258
188.259
188.26
188.261
188.262
188.263
188.264
188.265
188.266
188.267
188.268
188.269
188.27
188.271
188.272
188.273
188.274
188.275
188.276
188.277
188.278
188.279
188.28
188.281
188.282
188.283
188.284
188.285
188.286
188.287
188.288
188.289
188.29
188.291
188.292
188.293
188.294
188.295
188.296
188.297
188.298
188.299
188.3
188.301
188.302
188.303
188.304
188.305
188.306
188.307
188.308
188.309
188.31
188.311
188.312
188.313
188.314
188.315
188.316
188.317
188.318
188.319
188.32
188.321
188.322
188.323
188.324
188.325
188.326
188.327
188.328
188.329
188.33
188.331
188.332
188.333
188.334
188.335
188.336
188.337
188.338
188.339
188.34
188.341
188.342
188.343
188.344
188.345
188.346
188.347
188.348
188.349
188.35
188.351
188.352
188.353
188.354
188.355
188.356
188.357
188.358
188.359
188.36
188.361
188.362
188.363
188.364
188.365
188.366
188.367
188.368
188.369
188.37
188.371
188.372
188.373
188.374
188.375
188.376
188.377
188.378
188.379
188.38
188.381
188.382
188.383
188.384
188.385
188.386
188.387
188.388
188.389
188.39
188.391
188.392
188.393
188.394
188.395
188.396
188.397
188.398
188.399
188.4
188.401
188.402
188.403
188.404
188.405
188.406
188.407
188.408
188.409
188.41
188.411
188.412
188.413
188.414
188.415
188.416
188.417
188.418
188.419
188.42
188.421
188.422
188.423
188.424
188.425
188.426
188.427
188.428
188.429
188.43
188.431
188.432
188.433
188.434
188.435
188.436
188.437
188.438
188.439
188.44
188.441
188.442
188.443
188.444
188.445
188.446
188.447
188.448
188.449
188.45
188.451
188.452
188.453
188.454
188.455
188.456
188.457
188.458
188.459
188.46
188.461
188.462
188.463
188.464
188.465
188.466
188.467
188.468
188.469
188.47
188.471
188.472
188.473
188.474
188.475
188.476
188.477
188.478
188.479
188.48
188.481
188.482
188.483
188.484
188.485
188.486
188.487
188.488
188.489
188.49
188.491
188.492
188.493
188.494
188.495
188.496
188.497
188.498
188.499
188.5
188.501
188.502
188.503
188.504
188.505
188.506
188.507
188.508
188.509
188.51
188.511
188.512
188.513
188.514
188.515
188.516
188.517
188.518
188.519
188.52
188.521
188.522
188.523
188.524
188.525
188.526
188.527
188.528
188.529
188.53
188.531
188.532
188.533
188.534
188.535
188.536
188.537
188.538
188.539
188.54
188.541
188.542
188.543
188.544
188.545
188.546
188.547
188.548
188.549
188.55
188.551
188.552
188.553
188.554
188.555
188.556
188.557
188.558
188.559
188.56
188.561
188.562
188.563
188.564
188.565
188.566
188.567
188.568
188.569
188.57
188.571
188.572
188.573
188.574
188.575
188.576
188.577
188.578
188.579
188.58
188.581
188.582
188.583
188.584
188.585
188.586
188.587
188.588
188.589
188.59
188.591
188.592
188.593
188.594
188.595
188.596
188.597
188.598
188.599
188.6
188.601
188.602
188.603
188.604
188.605
188.606
188.607
188.608
188.609
188.61
188.611
188.612
188.613
188.614
188.615
188.616
188.617
188.618
188.619
188.62
188.621
188.622
188.623
188.624
188.625
188.626
188.627
188.628
188.629
188.63
188.631
188.632
188.633
188.634
188.635
188.636
188.637
188.638
188.639
188.64
188.641
188.642
188.643
188.644
188.645
188.646
188.647
188.648
188.649
188.65
188.651
188.652
188.653
188.654
188.655
188.656
188.657
188.658
188.659
188.66
188.661
188.662
188.663
188.664
188.665
188.666
188.667
188.668
188.669
188.67
188.671
188.672
188.673
188.674
188.675
188.676
188.677
188.678
188.679
188.68
188.681
188.682
188.683
188.684
188.685
188.686
188.687
188.688
188.689
188.69
188.691
188.692
188.693
188.694
188.695
188.696
188.697
188.698
188.699
188.7
188.701
188.702
188.703
188.704
188.705
188.706
188.707
188.708
188.709
188.71
188.711
188.712
188.713
188.714
188.715
188.716
188.717
188.718
188.719
188.72
188.721
188.722
188.723
188.724
188.725
188.726
188.727
188.728
188.729
188.73
188.731
188.732
188.733
188.734
188.735
188.736
188.737
188.738
188.739
188.74
188.741
188.742
188.743
188.744
188.745
188.746
188.747
188.748
188.749
188.75
188.751
188.752
188.753
188.754
188.755
188.756
188.757
188.758
188.759
188.76
188.761
188.762
188.763
188.764
188.765
188.766
188.767
188.768
188.769
188.77
188.771
188.772
188.773
188.774
188.775
188.776
188.777
188.778
188.779
188.78
188.781
188.782
188.783
188.784
188.785
188.786
188.787
188.788
188.789
188.79
188.791
188.792
188.793
188.794
188.795
188.796
188.797
188.798
188.799
188.8
188.801
188.802
188.803
188.804
188.805
188.806
188.807
188.808
188.809
188.81
188.811
188.812
188.813
188.814
188.815
188.816
188.817
188.818
188.819
188.82
188.821
188.822
188.823
188.824
188.825
188.826
188.827
188.828
188.829
188.83
188.831
188.832
188.833
188.834
188.835
188.836
188.837
188.838
188.839
188.84
188.841
188.842
188.843
188.844
188.845
188.846
188.847
188.848
188.849
188.85
188.851
188.852
188.853
188.854
188.855
188.856
188.857
188.858
188.859
188.86
188.861
188.862
188.863
188.864
188.865
188.866
188.867
188.868
188.869
188.87
188.871
188.872
188.873
188.874
188.875
188.876
188.877
188.878
188.879
188.88
188.881
188.882
188.883
188.884
188.885
188.886
188.887
188.888
188.889
188.89
188.891
188.892
188.893
188.894
188.895
188.896
188.897
188.898
188.899
188.9
188.901
188.902
188.903
188.904
188.905
188.906
188.907
188.908
188.909
188.91
188.911
188.912
188.913
188.914
188.915
188.916
188.917
188.918
188.919
188.92
188.921
188.922
188.923
188.924
188.925
188.926
188.927
188.928
188.929
188.93
188.931
188.932
188.933
188.934
188.935
188.936
188.937
188.938
188.939
188.94
188.941
188.942
188.943
188.944
188.945
188.946
188.947
188.948
188.949
188.95
188.951
188.952
188.953
188.954
188.955
188.956
188.957
188.958
188.959
188.96
188.961
188.962
188.963
188.964
188.965
188.966
188.967
188.968
188.969
188.97
188.971
188.972
188.973
188.974
188.975
188.976
188.977
188.978
188.979
188.98
188.981
188.982
188.983
188.984
188.985
188.986
188.987
188.988
188.989
188.99
188.991
188.992
188.993
188.994
188.995
188.996
188.997
188.998
188.999
189
189.001
189.002
189.003
189.004
189.005
189.006
189.007
189.008
189.009
189.01
189.011
189.012
189.013
189.014
189.015
189.016
189.017
189.018
189.019
189.02
189.021
189.022
189.023
189.024
189.025
189.026
189.027
189.028
189.029
189.03
189.031
189.032
189.033
189.034
189.035
189.036
189.037
189.038
189.039
189.04
189.041
189.042
189.043
189.044
189.045
189.046
189.047
189.048
189.049
189.05
189.051
189.052
189.053
189.054
189.055
189.056
189.057
189.058
189.059
189.06
189.061
189.062
189.063
189.064
189.065
189.066
189.067
189.068
189.069
189.07
189.071
189.072
189.073
189.074
189.075
189.076
189.077
189.078
189.079
189.08
189.081
189.082
189.083
189.084
189.085
189.086
189.087
189.088
189.089
189.09
189.091
189.092
189.093
189.094
189.095
189.096
189.097
189.098
189.099
189.1
189.101
189.102
189.103
189.104
189.105
189.106
189.107
189.108
189.109
189.11
189.111
189.112
189.113
189.114
189.115
189.116
189.117
189.118
189.119
189.12
189.121
189.122
189.123
189.124
189.125
189.126
189.127
189.128
189.129
189.13
189.131
189.132
189.133
189.134
189.135
189.136
189.137
189.138
189.139
189.14
189.141
189.142
189.143
189.144
189.145
189.146
189.147
189.148
189.149
189.15
189.151
189.152
189.153
189.154
189.155
189.156
189.157
189.158
189.159
189.16
189.161
189.162
189.163
189.164
189.165
189.166
189.167
189.168
189.169
189.17
189.171
189.172
189.173
189.174
189.175
189.176
189.177
189.178
189.179
189.18
189.181
189.182
189.183
189.184
189.185
189.186
189.187
189.188
189.189
189.19
189.191
189.192
189.193
189.194
189.195
189.196
189.197
189.198
189.199
189.2
189.201
189.202
189.203
189.204
189.205
189.206
189.207
189.208
189.209
189.21
189.211
189.212
189.213
189.214
189.215
189.216
189.217
189.218
189.219
189.22
189.221
189.222
189.223
189.224
189.225
189.226
189.227
189.228
189.229
189.23
189.231
189.232
189.233
189.234
189.235
189.236
189.237
189.238
189.239
189.24
189.241
189.242
189.243
189.244
189.245
189.246
189.247
189.248
189.249
189.25
189.251
189.252
189.253
189.254
189.255
189.256
189.257
189.258
189.259
189.26
189.261
189.262
189.263
189.264
189.265
189.266
189.267
189.268
189.269
189.27
189.271
189.272
189.273
189.274
189.275
189.276
189.277
189.278
189.279
189.28
189.281
189.282
189.283
189.284
189.285
189.286
189.287
189.288
189.289
189.29
189.291
189.292
189.293
189.294
189.295
189.296
189.297
189.298
189.299
189.3
189.301
189.302
189.303
189.304
189.305
189.306
189.307
189.308
189.309
189.31
189.311
189.312
189.313
189.314
189.315
189.316
189.317
189.318
189.319
189.32
189.321
189.322
189.323
189.324
189.325
189.326
189.327
189.328
189.329
189.33
189.331
189.332
189.333
189.334
189.335
189.336
189.337
189.338
189.339
189.34
189.341
189.342
189.343
189.344
189.345
189.346
189.347
189.348
189.349
189.35
189.351
189.352
189.353
189.354
189.355
189.356
189.357
189.358
189.359
189.36
189.361
189.362
189.363
189.364
189.365
189.366
189.367
189.368
189.369
189.37
189.371
189.372
189.373
189.374
189.375
189.376
189.377
189.378
189.379
189.38
189.381
189.382
189.383
189.384
189.385
189.386
189.387
189.388
189.389
189.39
189.391
189.392
189.393
189.394
189.395
189.396
189.397
189.398
189.399
189.4
189.401
189.402
189.403
189.404
189.405
189.406
189.407
189.408
189.409
189.41
189.411
189.412
189.413
189.414
189.415
189.416
189.417
189.418
189.419
189.42
189.421
189.422
189.423
189.424
189.425
189.426
189.427
189.428
189.429
189.43
189.431
189.432
189.433
189.434
189.435
189.436
189.437
189.438
189.439
189.44
189.441
189.442
189.443
189.444
189.445
189.446
189.447
189.448
189.449
189.45
189.451
189.452
189.453
189.454
189.455
189.456
189.457
189.458
189.459
189.46
189.461
189.462
189.463
189.464
189.465
189.466
189.467
189.468
189.469
189.47
189.471
189.472
189.473
189.474
189.475
189.476
189.477
189.478
189.479
189.48
189.481
189.482
189.483
189.484
189.485
189.486
189.487
189.488
189.489
189.49
189.491
189.492
189.493
189.494
189.495
189.496
189.497
189.498
189.499
189.5
189.501
189.502
189.503
189.504
189.505
189.506
189.507
189.508
189.509
189.51
189.511
189.512
189.513
189.514
189.515
189.516
189.517
189.518
189.519
189.52
189.521
189.522
189.523
189.524
189.525
189.526
189.527
189.528
189.529
189.53
189.531
189.532
189.533
189.534
189.535
189.536
189.537
189.538
189.539
189.54
189.541
189.542
189.543
189.544
189.545
189.546
189.547
189.548
189.549
189.55
189.551
189.552
189.553
189.554
189.555
189.556
189.557
189.558
189.559
189.56
189.561
189.562
189.563
189.564
189.565
189.566
189.567
189.568
189.569
189.57
189.571
189.572
189.573
189.574
189.575
189.576
189.577
189.578
189.579
189.58
189.581
189.582
189.583
189.584
189.585
189.586
189.587
189.588
189.589
189.59
189.591
189.592
189.593
189.594
189.595
189.596
189.597
189.598
189.599
189.6
189.601
189.602
189.603
189.604
189.605
189.606
189.607
189.608
189.609
189.61
189.611
189.612
189.613
189.614
189.615
189.616
189.617
189.618
189.619
189.62
189.621
189.622
189.623
189.624
189.625
189.626
189.627
189.628
189.629
189.63
189.631
189.632
189.633
189.634
189.635
189.636
189.637
189.638
189.639
189.64
189.641
189.642
189.643
189.644
189.645
189.646
189.647
189.648
189.649
189.65
189.651
189.652
189.653
189.654
189.655
189.656
189.657
189.658
189.659
189.66
189.661
189.662
189.663
189.664
189.665
189.666
189.667
189.668
189.669
189.67
189.671
189.672
189.673
189.674
189.675
189.676
189.677
189.678
189.679
189.68
189.681
189.682
189.683
189.684
189.685
189.686
189.687
189.688
189.689
189.69
189.691
189.692
189.693
189.694
189.695
189.696
189.697
189.698
189.699
189.7
189.701
189.702
189.703
189.704
189.705
189.706
189.707
189.708
189.709
189.71
189.711
189.712
189.713
189.714
189.715
189.716
189.717
189.718
189.719
189.72
189.721
189.722
189.723
189.724
189.725
189.726
189.727
189.728
189.729
189.73
189.731
189.732
189.733
189.734
189.735
189.736
189.737
189.738
189.739
189.74
189.741
189.742
189.743
189.744
189.745
189.746
189.747
189.748
189.749
189.75
189.751
189.752
189.753
189.754
189.755
189.756
189.757
189.758
189.759
189.76
189.761
189.762
189.763
189.764
189.765
189.766
189.767
189.768
189.769
189.77
189.771
189.772
189.773
189.774
189.775
189.776
189.777
189.778
189.779
189.78
189.781
189.782
189.783
189.784
189.785
189.786
189.787
189.788
189.789
189.79
189.791
189.792
189.793
189.794
189.795
189.796
189.797
189.798
189.799
189.8
189.801
189.802
189.803
189.804
189.805
189.806
189.807
189.808
189.809
189.81
189.811
189.812
189.813
189.814
189.815
189.816
189.817
189.818
189.819
189.82
189.821
189.822
189.823
189.824
189.825
189.826
189.827
189.828
189.829
189.83
189.831
189.832
189.833
189.834
189.835
189.836
189.837
189.838
189.839
189.84
189.841
189.842
189.843
189.844
189.845
189.846
189.847
189.848
189.849
189.85
189.851
189.852
189.853
189.854
189.855
189.856
189.857
189.858
189.859
189.86
189.861
189.862
189.863
189.864
189.865
189.866
189.867
189.868
189.869
189.87
189.871
189.872
189.873
189.874
189.875
189.876
189.877
189.878
189.879
189.88
189.881
189.882
189.883
189.884
189.885
189.886
189.887
189.888
189.889
189.89
189.891
189.892
189.893
189.894
189.895
189.896
189.897
189.898
189.899
189.9
189.901
189.902
189.903
189.904
189.905
189.906
189.907
189.908
189.909
189.91
189.911
189.912
189.913
189.914
189.915
189.916
189.917
189.918
189.919
189.92
189.921
189.922
189.923
189.924
189.925
189.926
189.927
189.928
189.929
189.93
189.931
189.932
189.933
189.934
189.935
189.936
189.937
189.938
189.939
189.94
189.941
189.942
189.943
189.944
189.945
189.946
189.947
189.948
189.949
189.95
189.951
189.952
189.953
189.954
189.955
189.956
189.957
189.958
189.959
189.96
189.961
189.962
189.963
189.964
189.965
189.966
189.967
189.968
189.969
189.97
189.971
189.972
189.973
189.974
189.975
189.976
189.977
189.978
189.979
189.98
189.981
189.982
189.983
189.984
189.985
189.986
189.987
189.988
189.989
189.99
189.991
189.992
189.993
189.994
189.995
189.996
189.997
189.998
189.999
190
190.001
190.002
190.003
190.004
190.005
190.006
190.007
190.008
190.009
190.01
190.011
190.012
190.013
190.014
190.015
190.016
190.017
190.018
190.019
190.02
190.021
190.022
190.023
190.024
190.025
190.026
190.027
190.028
190.029
190.03
190.031
190.032
190.033
190.034
190.035
190.036
190.037
190.038
190.039
190.04
190.041
190.042
190.043
190.044
190.045
190.046
190.047
190.048
190.049
190.05
190.051
190.052
190.053
190.054
190.055
190.056
190.057
190.058
190.059
190.06
190.061
190.062
190.063
190.064
190.065
190.066
190.067
190.068
190.069
190.07
190.071
190.072
190.073
190.074
190.075
190.076
190.077
190.078
190.079
190.08
190.081
190.082
190.083
190.084
190.085
190.086
190.087
190.088
190.089
190.09
190.091
190.092
190.093
190.094
190.095
190.096
190.097
190.098
190.099
190.1
190.101
190.102
190.103
190.104
190.105
190.106
190.107
190.108
190.109
190.11
190.111
190.112
190.113
190.114
190.115
190.116
190.117
190.118
190.119
190.12
190.121
190.122
190.123
190.124
190.125
190.126
190.127
190.128
190.129
190.13
190.131
190.132
190.133
190.134
190.135
190.136
190.137
190.138
190.139
190.14
190.141
190.142
190.143
190.144
190.145
190.146
190.147
190.148
190.149
190.15
190.151
190.152
190.153
190.154
190.155
190.156
190.157
190.158
190.159
190.16
190.161
190.162
190.163
190.164
190.165
190.166
190.167
190.168
190.169
190.17
190.171
190.172
190.173
190.174
190.175
190.176
190.177
190.178
190.179
190.18
190.181
190.182
190.183
190.184
190.185
190.186
190.187
190.188
190.189
190.19
190.191
190.192
190.193
190.194
190.195
190.196
190.197
190.198
190.199
190.2
190.201
190.202
190.203
190.204
190.205
190.206
190.207
190.208
190.209
190.21
190.211
190.212
190.213
190.214
190.215
190.216
190.217
190.218
190.219
190.22
190.221
190.222
190.223
190.224
190.225
190.226
190.227
190.228
190.229
190.23
190.231
190.232
190.233
190.234
190.235
190.236
190.237
190.238
190.239
190.24
190.241
190.242
190.243
190.244
190.245
190.246
190.247
190.248
190.249
190.25
190.251
190.252
190.253
190.254
190.255
190.256
190.257
190.258
190.259
190.26
190.261
190.262
190.263
190.264
190.265
190.266
190.267
190.268
190.269
190.27
190.271
190.272
190.273
190.274
190.275
190.276
190.277
190.278
190.279
190.28
190.281
190.282
190.283
190.284
190.285
190.286
190.287
190.288
190.289
190.29
190.291
190.292
190.293
190.294
190.295
190.296
190.297
190.298
190.299
190.3
190.301
190.302
190.303
190.304
190.305
190.306
190.307
190.308
190.309
190.31
190.311
190.312
190.313
190.314
190.315
190.316
190.317
190.318
190.319
190.32
190.321
190.322
190.323
190.324
190.325
190.326
190.327
190.328
190.329
190.33
190.331
190.332
190.333
190.334
190.335
190.336
190.337
190.338
190.339
190.34
190.341
190.342
190.343
190.344
190.345
190.346
190.347
190.348
190.349
190.35
190.351
190.352
190.353
190.354
190.355
190.356
190.357
190.358
190.359
190.36
190.361
190.362
190.363
190.364
190.365
190.366
190.367
190.368
190.369
190.37
190.371
190.372
190.373
190.374
190.375
190.376
190.377
190.378
190.379
190.38
190.381
190.382
190.383
190.384
190.385
190.386
190.387
190.388
190.389
190.39
190.391
190.392
190.393
190.394
190.395
190.396
190.397
190.398
190.399
190.4
190.401
190.402
190.403
190.404
190.405
190.406
190.407
190.408
190.409
190.41
190.411
190.412
190.413
190.414
190.415
190.416
190.417
190.418
190.419
190.42
190.421
190.422
190.423
190.424
190.425
190.426
190.427
190.428
190.429
190.43
190.431
190.432
190.433
190.434
190.435
190.436
190.437
190.438
190.439
190.44
190.441
190.442
190.443
190.444
190.445
190.446
190.447
190.448
190.449
190.45
190.451
190.452
190.453
190.454
190.455
190.456
190.457
190.458
190.459
190.46
190.461
190.462
190.463
190.464
190.465
190.466
190.467
190.468
190.469
190.47
190.471
190.472
190.473
190.474
190.475
190.476
190.477
190.478
190.479
190.48
190.481
190.482
190.483
190.484
190.485
190.486
190.487
190.488
190.489
190.49
190.491
190.492
190.493
190.494
190.495
190.496
190.497
190.498
190.499
190.5
190.501
190.502
190.503
190.504
190.505
190.506
190.507
190.508
190.509
190.51
190.511
190.512
190.513
190.514
190.515
190.516
190.517
190.518
190.519
190.52
190.521
190.522
190.523
190.524
190.525
190.526
190.527
190.528
190.529
190.53
190.531
190.532
190.533
190.534
190.535
190.536
190.537
190.538
190.539
190.54
190.541
190.542
190.543
190.544
190.545
190.546
190.547
190.548
190.549
190.55
190.551
190.552
190.553
190.554
190.555
190.556
190.557
190.558
190.559
190.56
190.561
190.562
190.563
190.564
190.565
190.566
190.567
190.568
190.569
190.57
190.571
190.572
190.573
190.574
190.575
190.576
190.577
190.578
190.579
190.58
190.581
190.582
190.583
190.584
190.585
190.586
190.587
190.588
190.589
190.59
190.591
190.592
190.593
190.594
190.595
190.596
190.597
190.598
190.599
190.6
190.601
190.602
190.603
190.604
190.605
190.606
190.607
190.608
190.609
190.61
190.611
190.612
190.613
190.614
190.615
190.616
190.617
190.618
190.619
190.62
190.621
190.622
190.623
190.624
190.625
190.626
190.627
190.628
190.629
190.63
190.631
190.632
190.633
190.634
190.635
190.636
190.637
190.638
190.639
190.64
190.641
190.642
190.643
190.644
190.645
190.646
190.647
190.648
190.649
190.65
190.651
190.652
190.653
190.654
190.655
190.656
190.657
190.658
190.659
190.66
190.661
190.662
190.663
190.664
190.665
190.666
190.667
190.668
190.669
190.67
190.671
190.672
190.673
190.674
190.675
190.676
190.677
190.678
190.679
190.68
190.681
190.682
190.683
190.684
190.685
190.686
190.687
190.688
190.689
190.69
190.691
190.692
190.693
190.694
190.695
190.696
190.697
190.698
190.699
190.7
190.701
190.702
190.703
190.704
190.705
190.706
190.707
190.708
190.709
190.71
190.711
190.712
190.713
190.714
190.715
190.716
190.717
190.718
190.719
190.72
190.721
190.722
190.723
190.724
190.725
190.726
190.727
190.728
190.729
190.73
190.731
190.732
190.733
190.734
190.735
190.736
190.737
190.738
190.739
190.74
190.741
190.742
190.743
190.744
190.745
190.746
190.747
190.748
190.749
190.75
190.751
190.752
190.753
190.754
190.755
190.756
190.757
190.758
190.759
190.76
190.761
190.762
190.763
190.764
190.765
190.766
190.767
190.768
190.769
190.77
190.771
190.772
190.773
190.774
190.775
190.776
190.777
190.778
190.779
190.78
190.781
190.782
190.783
190.784
190.785
190.786
190.787
190.788
190.789
190.79
190.791
190.792
190.793
190.794
190.795
190.796
190.797
190.798
190.799
190.8
190.801
190.802
190.803
190.804
190.805
190.806
190.807
190.808
190.809
190.81
190.811
190.812
190.813
190.814
190.815
190.816
190.817
190.818
190.819
190.82
190.821
190.822
190.823
190.824
190.825
190.826
190.827
190.828
190.829
190.83
190.831
190.832
190.833
190.834
190.835
190.836
190.837
190.838
190.839
190.84
190.841
190.842
190.843
190.844
190.845
190.846
190.847
190.848
190.849
190.85
190.851
190.852
190.853
190.854
190.855
190.856
190.857
190.858
190.859
190.86
190.861
190.862
190.863
190.864
190.865
190.866
190.867
190.868
190.869
190.87
190.871
190.872
190.873
190.874
190.875
190.876
190.877
190.878
190.879
190.88
190.881
190.882
190.883
190.884
190.885
190.886
190.887
190.888
190.889
190.89
190.891
190.892
190.893
190.894
190.895
190.896
190.897
190.898
190.899
190.9
190.901
190.902
190.903
190.904
190.905
190.906
190.907
190.908
190.909
190.91
190.911
190.912
190.913
190.914
190.915
190.916
190.917
190.918
190.919
190.92
190.921
190.922
190.923
190.924
190.925
190.926
190.927
190.928
190.929
190.93
190.931
190.932
190.933
190.934
190.935
190.936
190.937
190.938
190.939
190.94
190.941
190.942
190.943
190.944
190.945
190.946
190.947
190.948
190.949
190.95
190.951
190.952
190.953
190.954
190.955
190.956
190.957
190.958
190.959
190.96
190.961
190.962
190.963
190.964
190.965
190.966
190.967
190.968
190.969
190.97
190.971
190.972
190.973
190.974
190.975
190.976
190.977
190.978
190.979
190.98
190.981
190.982
190.983
190.984
190.985
190.986
190.987
190.988
190.989
190.99
190.991
190.992
190.993
190.994
190.995
190.996
190.997
190.998
190.999
191
191.001
191.002
191.003
191.004
191.005
191.006
191.007
191.008
191.009
191.01
191.011
191.012
191.013
191.014
191.015
191.016
191.017
191.018
191.019
191.02
191.021
191.022
191.023
191.024
191.025
191.026
191.027
191.028
191.029
191.03
191.031
191.032
191.033
191.034
191.035
191.036
191.037
191.038
191.039
191.04
191.041
191.042
191.043
191.044
191.045
191.046
191.047
191.048
191.049
191.05
191.051
191.052
191.053
191.054
191.055
191.056
191.057
191.058
191.059
191.06
191.061
191.062
191.063
191.064
191.065
191.066
191.067
191.068
191.069
191.07
191.071
191.072
191.073
191.074
191.075
191.076
191.077
191.078
191.079
191.08
191.081
191.082
191.083
191.084
191.085
191.086
191.087
191.088
191.089
191.09
191.091
191.092
191.093
191.094
191.095
191.096
191.097
191.098
191.099
191.1
191.101
191.102
191.103
191.104
191.105
191.106
191.107
191.108
191.109
191.11
191.111
191.112
191.113
191.114
191.115
191.116
191.117
191.118
191.119
191.12
191.121
191.122
191.123
191.124
191.125
191.126
191.127
191.128
191.129
191.13
191.131
191.132
191.133
191.134
191.135
191.136
191.137
191.138
191.139
191.14
191.141
191.142
191.143
191.144
191.145
191.146
191.147
191.148
191.149
191.15
191.151
191.152
191.153
191.154
191.155
191.156
191.157
191.158
191.159
191.16
191.161
191.162
191.163
191.164
191.165
191.166
191.167
191.168
191.169
191.17
191.171
191.172
191.173
191.174
191.175
191.176
191.177
191.178
191.179
191.18
191.181
191.182
191.183
191.184
191.185
191.186
191.187
191.188
191.189
191.19
191.191
191.192
191.193
191.194
191.195
191.196
191.197
191.198
191.199
191.2
191.201
191.202
191.203
191.204
191.205
191.206
191.207
191.208
191.209
191.21
191.211
191.212
191.213
191.214
191.215
191.216
191.217
191.218
191.219
191.22
191.221
191.222
191.223
191.224
191.225
191.226
191.227
191.228
191.229
191.23
191.231
191.232
191.233
191.234
191.235
191.236
191.237
191.238
191.239
191.24
191.241
191.242
191.243
191.244
191.245
191.246
191.247
191.248
191.249
191.25
191.251
191.252
191.253
191.254
191.255
191.256
191.257
191.258
191.259
191.26
191.261
191.262
191.263
191.264
191.265
191.266
191.267
191.268
191.269
191.27
191.271
191.272
191.273
191.274
191.275
191.276
191.277
191.278
191.279
191.28
191.281
191.282
191.283
191.284
191.285
191.286
191.287
191.288
191.289
191.29
191.291
191.292
191.293
191.294
191.295
191.296
191.297
191.298
191.299
191.3
191.301
191.302
191.303
191.304
191.305
191.306
191.307
191.308
191.309
191.31
191.311
191.312
191.313
191.314
191.315
191.316
191.317
191.318
191.319
191.32
191.321
191.322
191.323
191.324
191.325
191.326
191.327
191.328
191.329
191.33
191.331
191.332
191.333
191.334
191.335
191.336
191.337
191.338
191.339
191.34
191.341
191.342
191.343
191.344
191.345
191.346
191.347
191.348
191.349
191.35
191.351
191.352
191.353
191.354
191.355
191.356
191.357
191.358
191.359
191.36
191.361
191.362
191.363
191.364
191.365
191.366
191.367
191.368
191.369
191.37
191.371
191.372
191.373
191.374
191.375
191.376
191.377
191.378
191.379
191.38
191.381
191.382
191.383
191.384
191.385
191.386
191.387
191.388
191.389
191.39
191.391
191.392
191.393
191.394
191.395
191.396
191.397
191.398
191.399
191.4
191.401
191.402
191.403
191.404
191.405
191.406
191.407
191.408
191.409
191.41
191.411
191.412
191.413
191.414
191.415
191.416
191.417
191.418
191.419
191.42
191.421
191.422
191.423
191.424
191.425
191.426
191.427
191.428
191.429
191.43
191.431
191.432
191.433
191.434
191.435
191.436
191.437
191.438
191.439
191.44
191.441
191.442
191.443
191.444
191.445
191.446
191.447
191.448
191.449
191.45
191.451
191.452
191.453
191.454
191.455
191.456
191.457
191.458
191.459
191.46
191.461
191.462
191.463
191.464
191.465
191.466
191.467
191.468
191.469
191.47
191.471
191.472
191.473
191.474
191.475
191.476
191.477
191.478
191.479
191.48
191.481
191.482
191.483
191.484
191.485
191.486
191.487
191.488
191.489
191.49
191.491
191.492
191.493
191.494
191.495
191.496
191.497
191.498
191.499
191.5
191.501
191.502
191.503
191.504
191.505
191.506
191.507
191.508
191.509
191.51
191.511
191.512
191.513
191.514
191.515
191.516
191.517
191.518
191.519
191.52
191.521
191.522
191.523
191.524
191.525
191.526
191.527
191.528
191.529
191.53
191.531
191.532
191.533
191.534
191.535
191.536
191.537
191.538
191.539
191.54
191.541
191.542
191.543
191.544
191.545
191.546
191.547
191.548
191.549
191.55
191.551
191.552
191.553
191.554
191.555
191.556
191.557
191.558
191.559
191.56
191.561
191.562
191.563
191.564
191.565
191.566
191.567
191.568
191.569
191.57
191.571
191.572
191.573
191.574
191.575
191.576
191.577
191.578
191.579
191.58
191.581
191.582
191.583
191.584
191.585
191.586
191.587
191.588
191.589
191.59
191.591
191.592
191.593
191.594
191.595
191.596
191.597
191.598
191.599
191.6
191.601
191.602
191.603
191.604
191.605
191.606
191.607
191.608
191.609
191.61
191.611
191.612
191.613
191.614
191.615
191.616
191.617
191.618
191.619
191.62
191.621
191.622
191.623
191.624
191.625
191.626
191.627
191.628
191.629
191.63
191.631
191.632
191.633
191.634
191.635
191.636
191.637
191.638
191.639
191.64
191.641
191.642
191.643
191.644
191.645
191.646
191.647
191.648
191.649
191.65
191.651
191.652
191.653
191.654
191.655
191.656
191.657
191.658
191.659
191.66
191.661
191.662
191.663
191.664
191.665
191.666
191.667
191.668
191.669
191.67
191.671
191.672
191.673
191.674
191.675
191.676
191.677
191.678
191.679
191.68
191.681
191.682
191.683
191.684
191.685
191.686
191.687
191.688
191.689
191.69
191.691
191.692
191.693
191.694
191.695
191.696
191.697
191.698
191.699
191.7
191.701
191.702
191.703
191.704
191.705
191.706
191.707
191.708
191.709
191.71
191.711
191.712
191.713
191.714
191.715
191.716
191.717
191.718
191.719
191.72
191.721
191.722
191.723
191.724
191.725
191.726
191.727
191.728
191.729
191.73
191.731
191.732
191.733
191.734
191.735
191.736
191.737
191.738
191.739
191.74
191.741
191.742
191.743
191.744
191.745
191.746
191.747
191.748
191.749
191.75
191.751
191.752
191.753
191.754
191.755
191.756
191.757
191.758
191.759
191.76
191.761
191.762
191.763
191.764
191.765
191.766
191.767
191.768
191.769
191.77
191.771
191.772
191.773
191.774
191.775
191.776
191.777
191.778
191.779
191.78
191.781
191.782
191.783
191.784
191.785
191.786
191.787
191.788
191.789
191.79
191.791
191.792
191.793
191.794
191.795
191.796
191.797
191.798
191.799
191.8
191.801
191.802
191.803
191.804
191.805
191.806
191.807
191.808
191.809
191.81
191.811
191.812
191.813
191.814
191.815
191.816
191.817
191.818
191.819
191.82
191.821
191.822
191.823
191.824
191.825
191.826
191.827
191.828
191.829
191.83
191.831
191.832
191.833
191.834
191.835
191.836
191.837
191.838
191.839
191.84
191.841
191.842
191.843
191.844
191.845
191.846
191.847
191.848
191.849
191.85
191.851
191.852
191.853
191.854
191.855
191.856
191.857
191.858
191.859
191.86
191.861
191.862
191.863
191.864
191.865
191.866
191.867
191.868
191.869
191.87
191.871
191.872
191.873
191.874
191.875
191.876
191.877
191.878
191.879
191.88
191.881
191.882
191.883
191.884
191.885
191.886
191.887
191.888
191.889
191.89
191.891
191.892
191.893
191.894
191.895
191.896
191.897
191.898
191.899
191.9
191.901
191.902
191.903
191.904
191.905
191.906
191.907
191.908
191.909
191.91
191.911
191.912
191.913
191.914
191.915
191.916
191.917
191.918
191.919
191.92
191.921
191.922
191.923
191.924
191.925
191.926
191.927
191.928
191.929
191.93
191.931
191.932
191.933
191.934
191.935
191.936
191.937
191.938
191.939
191.94
191.941
191.942
191.943
191.944
191.945
191.946
191.947
191.948
191.949
191.95
191.951
191.952
191.953
191.954
191.955
191.956
191.957
191.958
191.959
191.96
191.961
191.962
191.963
191.964
191.965
191.966
191.967
191.968
191.969
191.97
191.971
191.972
191.973
191.974
191.975
191.976
191.977
191.978
191.979
191.98
191.981
191.982
191.983
191.984
191.985
191.986
191.987
191.988
191.989
191.99
191.991
191.992
191.993
191.994
191.995
191.996
191.997
191.998
191.999
192
192.001
192.002
192.003
192.004
192.005
192.006
192.007
192.008
192.009
192.01
192.011
192.012
192.013
192.014
192.015
192.016
192.017
192.018
192.019
192.02
192.021
192.022
192.023
192.024
192.025
192.026
192.027
192.028
192.029
192.03
192.031
192.032
192.033
192.034
192.035
192.036
192.037
192.038
192.039
192.04
192.041
192.042
192.043
192.044
192.045
192.046
192.047
192.048
192.049
192.05
192.051
192.052
192.053
192.054
192.055
192.056
192.057
192.058
192.059
192.06
